0.0000 0.000010
0.0005 0.000000
0.0010 0.000000
0.0015 0.000000
0.0020 0.000000
0.0025 0.000000
0.0030 0.000000
0.0035 0.000000
0.0040 0.000000
0.0045 0.000000
0.0050 0.000000
0.0055 0.000000
0.0060 0.000000
0.0065 0.000000
0.0070 0.000000
0.0075 0.000000
0.0080 0.000000
0.0085 0.000000
0.0090 0.000000
0.0095 0.000000
0.0100 0.000000
0.0105 0.000000
0.0110 0.000000
0.0115 0.000000
0.0120 0.000000
0.0125 0.000000
0.0130 0.000000
0.0135 0.000000
0.0140 0.000000
0.0145 0.000000
0.0150 0.000000
0.0155 0.000000
0.0160 0.000000
0.0165 0.000000
0.0170 0.000000
0.0175 0.000000
0.0180 0.000000
0.0185 0.000000
0.0190 0.000000
0.0195 0.000000
0.0200 0.000000
0.0205 0.000000
0.0210 0.000000
0.0215 0.000000
0.0220 0.000000
0.0225 0.000000
0.0230 0.000000
0.0235 0.000000
0.0240 0.000000
0.0245 0.000000
0.0250 0.000000
0.0255 0.000000
0.0260 0.000000
0.0265 0.000000
0.0270 0.000000
0.0275 0.000000
0.0280 0.000000
0.0285 0.000000
0.0290 0.000000
0.0295 0.000000
0.0300 0.000000
0.0305 0.000000
0.0310 0.000000
0.0315 0.000000
0.0320 0.000000
0.0325 0.000000
0.0330 0.000000
0.0335 0.000000
0.0340 0.000000
0.0345 0.000000
0.0350 0.000000
0.0355 0.000000
0.0360 0.000000
0.0365 0.000000
0.0370 0.000000
0.0375 0.000000
0.0380 0.000000
0.0385 0.000000
0.0390 0.000000
0.0395 0.000000
0.0400 0.000000
0.0405 0.000000
0.0410 0.000000
0.0415 0.000000
0.0420 0.000000
0.0425 0.000000
0.0430 0.000000
0.0435 0.000000
0.0440 0.000000
0.0445 0.000000
0.0450 0.000000
0.0455 0.000000
0.0460 0.000000
0.0465 0.000000
0.0470 0.000000
0.0475 0.000000
0.0480 0.000000
0.0485 0.000000
0.0490 0.000000
0.0495 0.000000
0.0500 0.000000
0.0505 0.000000
0.0510 0.000000
0.0515 0.000000
0.0520 0.000000
0.0525 0.000000
0.0530 0.000000
0.0535 0.000000
0.0540 0.000000
0.0545 0.000000
0.0550 0.000000
0.0555 0.000000
0.0560 0.000000
0.0565 0.000000
0.0570 0.000000
0.0575 0.000000
0.0580 0.000000
0.0585 0.000000
0.0590 0.000000
0.0595 0.000000
0.0600 0.000000
0.0605 0.000000
0.0610 0.000000
0.0615 0.000000
0.0620 0.000000
0.0625 0.000000
0.0630 0.000000
0.0635 0.000000
0.0640 0.000000
0.0645 0.000000
0.0650 0.000000
0.0655 0.000000
0.0660 0.000000
0.0665 0.000000
0.0670 0.000000
0.0675 0.000000
0.0680 0.000000
0.0685 0.000000
0.0690 0.000000
0.0695 0.000000
0.0700 0.000000
0.0705 0.000000
0.0710 0.000000
0.0715 0.000000
0.0720 0.000000
0.0725 0.000000
0.0730 0.000000
0.0735 0.000000
0.0740 0.000000
0.0745 0.000000
0.0750 0.000000
0.0755 0.000000
0.0760 0.000000
0.0765 0.000000
0.0770 0.000000
0.0775 0.000000
0.0780 0.000000
0.0785 0.000000
0.0790 0.000000
0.0795 0.000000
0.0800 0.000000
0.0805 0.000000
0.0810 0.000000
0.0815 0.000000
0.0820 0.000000
0.0825 0.000000
0.0830 0.000000
0.0835 0.000000
0.0840 0.000000
0.0845 0.000000
0.0850 0.000000
0.0855 0.000000
0.0860 0.000000
0.0865 0.000000
0.0870 0.000000
0.0875 0.000000
0.0880 0.000000
0.0885 0.000000
0.0890 0.000000
0.0895 0.000000
0.0900 0.000000
0.0905 0.000000
0.0910 0.000000
0.0915 0.000000
0.0920 0.000000
0.0925 0.000000
0.0930 0.000000
0.0935 0.000000
0.0940 0.000000
0.0945 0.000000
0.0950 0.000000
0.0955 0.000000
0.0960 0.000000
0.0965 0.000000
0.0970 0.000000
0.0975 0.000000
0.0980 0.000000
0.0985 0.000000
0.0990 0.000000
0.0995 0.000000
0.1000 0.000000
0.1005 0.000000
0.1010 0.000000
0.1015 0.000000
0.1020 0.000000
0.1025 0.000000
0.1030 0.000000
0.1035 0.000000
0.1040 0.000000
0.1045 0.000000
0.1050 0.000000
0.1055 0.000000
0.1060 0.000000
0.1065 0.000000
0.1070 0.000000
0.1075 0.000000
0.1080 0.000000
0.1085 0.000000
0.1090 0.000000
0.1095 0.000000
0.1100 0.000000
0.1105 0.000000
0.1110 0.000000
0.1115 0.000000
0.1120 0.000000
0.1125 0.000000
0.1130 0.000000
0.1135 0.000000
0.1140 0.000000
0.1145 0.000000
0.1150 0.000000
0.1155 0.000000
0.1160 0.000000
0.1165 0.000000
0.1170 0.000000
0.1175 0.000000
0.1180 0.000000
0.1185 0.000000
0.1190 0.000000
0.1195 0.000000
0.1200 0.000000
0.1205 0.000000
0.1210 0.000000
0.1215 0.000000
0.1220 0.000000
0.1225 0.000000
0.1230 0.000000
0.1235 0.000000
0.1240 0.000000
0.1245 0.000000
0.1250 0.000000
0.1255 0.000000
0.1260 0.000000
0.1265 0.000000
0.1270 0.000000
0.1275 0.000000
0.1280 0.000000
0.1285 0.000000
0.1290 0.000000
0.1295 0.000000
0.1300 0.000000
0.1305 0.000000
0.1310 0.000000
0.1315 0.000000
0.1320 0.000000
0.1325 0.000000
0.1330 0.000000
0.1335 0.000000
0.1340 0.000000
0.1345 0.000000
0.1350 0.000000
0.1355 0.000000
0.1360 0.000000
0.1365 0.000000
0.1370 0.000000
0.1375 0.000000
0.1380 0.000000
0.1385 0.000000
0.1390 0.000000
0.1395 0.000000
0.1400 0.000000
0.1405 0.000000
0.1410 0.000000
0.1415 0.000000
0.1420 0.000000
0.1425 0.000000
0.1430 0.000000
0.1435 0.000000
0.1440 0.000000
0.1445 0.000000
0.1450 0.000000
0.1455 0.000000
0.1460 0.000000
0.1465 0.000000
0.1470 0.000000
0.1475 0.000000
0.1480 0.000000
0.1485 0.000000
0.1490 0.000000
0.1495 0.000000
0.1500 0.000000
0.1505 0.000000
0.1510 0.000000
0.1515 0.000000
0.1520 0.000000
0.1525 0.000000
0.1530 0.000000
0.1535 0.000000
0.1540 0.000000
0.1545 0.000000
0.1550 0.000000
0.1555 0.000000
0.1560 0.000000
0.1565 0.000000
0.1570 0.000000
0.1575 0.000000
0.1580 0.000000
0.1585 0.000000
0.1590 0.000000
0.1595 0.000000
0.1600 0.000000
0.1605 0.000000
0.1610 0.000000
0.1615 0.000000
0.1620 0.000000
0.1625 0.000000
0.1630 0.000000
0.1635 0.000000
0.1640 0.000000
0.1645 0.000000
0.1650 0.000000
0.1655 0.000000
0.1660 0.000000
0.1665 0.000000
0.1670 0.000000
0.1675 0.000000
0.1680 0.000000
0.1685 0.000000
0.1690 0.000000
0.1695 0.000000
0.1700 0.000000
0.1705 0.000000
0.1710 0.000000
0.1715 0.000000
0.1720 0.000000
0.1725 0.000000
0.1730 0.000000
0.1735 0.000000
0.1740 0.000000
0.1745 0.000000
0.1750 0.000000
0.1755 0.000000
0.1760 0.000000
0.1765 0.000000
0.1770 0.000000
0.1775 0.000000
0.1780 0.000000
0.1785 0.000000
0.1790 0.000000
0.1795 0.000000
0.1800 0.000000
0.1805 0.000000
0.1810 0.000000
0.1815 0.000000
0.1820 0.000000
0.1825 0.000000
0.1830 0.000000
0.1835 0.000000
0.1840 0.000000
0.1845 0.000000
0.1850 0.000000
0.1855 0.000000
0.1860 0.000000
0.1865 0.000000
0.1870 0.000000
0.1875 0.000000
0.1880 0.000000
0.1885 0.000000
0.1890 0.000000
0.1895 0.000000
0.1900 0.000000
0.1905 0.000000
0.1910 0.000000
0.1915 0.000000
0.1920 0.000000
0.1925 0.000000
0.1930 0.000000
0.1935 0.000000
0.1940 0.000000
0.1945 0.000000
0.1950 0.000000
0.1955 0.000000
0.1960 0.000000
0.1965 0.000000
0.1970 0.000000
0.1975 0.000000
0.1980 0.000000
0.1985 0.000000
0.1990 0.000000
0.1995 0.000000
0.2000 0.000000
0.2005 0.000000
0.2010 0.000000
0.2015 0.000000
0.2020 0.000000
0.2025 0.000000
0.2030 0.000000
0.2035 0.000000
0.2040 0.000000
0.2045 0.000000
0.2050 0.000000
0.2055 0.000000
0.2060 0.000000
0.2065 0.000000
0.2070 0.000000
0.2075 0.000000
0.2080 0.000000
0.2085 0.000000
0.2090 0.000000
0.2095 0.000000
0.2100 0.000000
0.2105 0.000000
0.2110 0.000000
0.2115 0.000000
0.2120 0.000000
0.2125 0.000000
0.2130 0.000000
0.2135 0.000000
0.2140 0.000000
0.2145 0.000000
0.2150 0.000000
0.2155 0.000000
0.2160 0.000000
0.2165 0.000000
0.2170 0.000000
0.2175 0.000000
0.2180 0.000000
0.2185 0.000000
0.2190 0.000000
0.2195 0.000000
0.2200 0.000000
0.2205 0.000000
0.2210 0.000000
0.2215 0.000000
0.2220 0.000000
0.2225 0.000000
0.2230 0.000000
0.2235 0.000000
0.2240 0.000000
0.2245 0.000000
0.2250 0.000000
0.2255 0.000000
0.2260 0.000000
0.2265 0.000000
0.2270 0.000000
0.2275 0.000000
0.2280 0.000000
0.2285 0.000000
0.2290 0.000000
0.2295 0.000000
0.2300 0.000000
0.2305 0.000000
0.2310 0.000000
0.2315 0.000000
0.2320 0.000000
0.2325 0.000000
0.2330 0.000000
0.2335 0.000000
0.2340 0.000000
0.2345 0.000000
0.2350 0.000000
0.2355 0.000000
0.2360 0.000000
0.2365 0.000000
0.2370 0.000000
0.2375 0.000000
0.2380 0.000000
0.2385 0.000000
0.2390 0.000000
0.2395 0.000000
0.2400 0.000000
0.2405 0.000000
0.2410 0.000000
0.2415 0.000000
0.2420 0.000000
0.2425 0.000000
0.2430 0.000000
0.2435 0.000000
0.2440 0.000000
0.2445 0.000000
0.2450 0.000000
0.2455 0.000000
0.2460 0.000000
0.2465 0.000000
0.2470 0.000000
0.2475 0.000000
0.2480 0.000000
0.2485 0.000000
0.2490 0.000000
0.2495 0.000000
0.2500 0.000000
0.2505 0.000000
0.2510 0.000000
0.2515 0.000000
0.2520 0.000000
0.2525 0.000000
0.2530 0.000000
0.2535 0.000000
0.2540 0.000000
0.2545 0.000000
0.2550 0.000000
0.2555 0.000000
0.2560 0.000000
0.2565 0.000000
0.2570 0.000000
0.2575 0.000000
0.2580 0.000000
0.2585 0.000000
0.2590 0.000000
0.2595 0.000000
0.2600 0.000000
0.2605 0.000000
0.2610 0.000000
0.2615 0.000000
0.2620 0.000000
0.2625 0.000000
0.2630 0.000000
0.2635 0.000000
0.2640 0.000000
0.2645 0.000000
0.2650 0.000000
0.2655 0.000000
0.2660 0.000000
0.2665 0.000000
0.2670 0.000000
0.2675 0.000000
0.2680 0.000000
0.2685 0.000000
0.2690 0.000000
0.2695 0.000000
0.2700 0.000000
0.2705 0.000000
0.2710 0.000000
0.2715 0.000000
0.2720 0.000000
0.2725 0.000000
0.2730 0.000000
0.2735 0.000000
0.2740 0.000000
0.2745 0.000000
0.2750 0.000000
0.2755 0.000000
0.2760 0.000000
0.2765 0.000000
0.2770 0.000000
0.2775 0.000000
0.2780 0.000000
0.2785 0.000000
0.2790 0.000000
0.2795 0.000000
0.2800 0.000000
0.2805 0.000000
0.2810 0.000000
0.2815 0.000000
0.2820 0.000000
0.2825 0.000000
0.2830 0.000000
0.2835 0.000000
0.2840 0.000000
0.2845 0.000000
0.2850 0.000000
0.2855 0.000000
0.2860 0.000000
0.2865 0.000000
0.2870 0.000000
0.2875 0.000000
0.2880 0.000000
0.2885 0.000000
0.2890 0.000000
0.2895 0.000000
0.2900 0.000000
0.2905 0.000000
0.2910 0.000000
0.2915 0.000000
0.2920 0.000000
0.2925 0.000000
0.2930 0.000000
0.2935 0.000000
0.2940 0.000000
0.2945 0.000000
0.2950 0.000000
0.2955 0.000000
0.2960 0.000000
0.2965 0.000000
0.2970 0.000000
0.2975 0.000000
0.2980 0.000000
0.2985 0.000000
0.2990 0.000000
0.2995 0.000000
0.3000 0.000000
0.3005 0.000000
0.3010 0.000000
0.3015 0.000000
0.3020 0.000000
0.3025 0.000000
0.3030 0.000000
0.3035 0.000000
0.3040 0.000000
0.3045 0.000000
0.3050 0.000000
0.3055 0.000000
0.3060 0.000000
0.3065 0.000000
0.3070 0.000000
0.3075 0.000000
0.3080 0.000000
0.3085 0.000000
0.3090 0.000000
0.3095 0.000000
0.3100 0.000000
0.3105 0.000000
0.3110 0.000000
0.3115 0.000000
0.3120 0.000000
0.3125 0.000000
0.3130 0.000000
0.3135 0.000000
0.3140 0.000000
0.3145 0.000000
0.3150 0.000000
0.3155 0.000000
0.3160 0.000000
0.3165 0.000000
0.3170 0.000000
0.3175 0.000000
0.3180 0.000000
0.3185 0.000000
0.3190 0.000000
0.3195 0.000000
0.3200 0.000000
0.3205 0.000000
0.3210 0.000000
0.3215 0.000000
0.3220 0.000000
0.3225 0.000000
0.3230 0.000000
0.3235 0.000000
0.3240 0.000000
0.3245 0.000000
0.3250 0.000000
0.3255 0.000000
0.3260 0.000000
0.3265 0.000000
0.3270 0.000000
0.3275 0.000000
0.3280 0.000000
0.3285 0.000000
0.3290 0.000000
0.3295 0.000000
0.3300 0.000000
0.3305 0.000000
0.3310 0.000000
0.3315 0.000000
0.3320 0.000000
0.3325 0.000000
0.3330 0.000000
0.3335 0.000000
0.3340 0.000000
0.3345 0.000000
0.3350 0.000000
0.3355 0.000000
0.3360 0.000000
0.3365 0.000000
0.3370 0.000000
0.3375 0.000000
0.3380 0.000000
0.3385 0.000000
0.3390 0.000000
0.3395 0.000000
0.3400 0.000000
0.3405 0.000000
0.3410 0.000000
0.3415 0.000000
0.3420 0.000000
0.3425 0.000000
0.3430 0.000000
0.3435 0.000000
0.3440 0.000000
0.3445 0.000000
0.3450 0.000000
0.3455 0.000000
0.3460 0.000000
0.3465 0.000000
0.3470 0.000000
0.3475 0.000000
0.3480 0.000000
0.3485 0.000000
0.3490 0.000000
0.3495 0.000000
0.3500 0.000000
0.3505 0.000000
0.3510 0.000000
0.3515 0.000000
0.3520 0.000000
0.3525 0.000000
0.3530 0.000000
0.3535 0.000000
0.3540 0.000000
0.3545 0.000000
0.3550 0.000000
0.3555 0.000000
0.3560 0.000000
0.3565 0.000000
0.3570 0.000000
0.3575 0.000000
0.3580 0.000000
0.3585 0.000000
0.3590 0.000000
0.3595 0.000000
0.3600 0.000000
0.3605 0.000000
0.3610 0.000000
0.3615 0.000000
0.3620 0.000000
0.3625 0.000000
0.3630 0.000000
0.3635 0.000000
0.3640 0.000000
0.3645 0.000000
0.3650 0.000000
0.3655 0.000000
0.3660 0.000000
0.3665 0.000000
0.3670 0.000000
0.3675 0.000000
0.3680 0.000000
0.3685 0.000000
0.3690 0.000000
0.3695 0.000000
0.3700 0.000000
0.3705 0.000000
0.3710 0.000000
0.3715 0.000000
0.3720 0.000000
0.3725 0.000000
0.3730 0.000000
0.3735 0.000000
0.3740 0.000000
0.3745 0.000000
0.3750 0.000000
0.3755 0.000000
0.3760 0.000000
0.3765 0.000000
0.3770 0.000000
0.3775 0.000000
0.3780 0.000000
0.3785 0.000000
0.3790 0.000000
0.3795 0.000000
0.3800 0.000000
0.3805 0.000000
0.3810 0.000000
0.3815 0.000000
0.3820 0.000000
0.3825 0.000000
0.3830 0.000000
0.3835 0.000000
0.3840 0.000000
0.3845 0.000000
0.3850 0.000000
0.3855 0.000000
0.3860 0.000000
0.3865 0.000000
0.3870 0.000000
0.3875 0.000000
0.3880 0.000000
0.3885 0.000000
0.3890 0.000000
0.3895 0.000000
0.3900 0.000000
0.3905 0.000000
0.3910 0.000000
0.3915 0.000000
0.3920 0.000000
0.3925 0.000000
0.3930 0.000000
0.3935 0.000000
0.3940 0.000000
0.3945 0.000000
0.3950 0.000000
0.3955 0.000000
0.3960 0.000000
0.3965 0.000000
0.3970 0.000000
0.3975 0.000000
0.3980 0.000000
0.3985 0.000000
0.3990 0.000000
0.3995 0.000000
0.4000 0.000000
0.4005 0.000000
0.4010 0.000000
0.4015 0.000000
0.4020 0.000000
0.4025 0.000000
0.4030 0.000000
0.4035 0.000000
0.4040 0.000000
0.4045 0.000000
0.4050 0.000000
0.4055 0.000000
0.4060 0.000000
0.4065 0.000000
0.4070 0.000000
0.4075 0.000000
0.4080 0.000000
0.4085 0.000000
0.4090 0.000000
0.4095 0.000000
0.4100 0.000000
0.4105 0.000000
0.4110 0.000000
0.4115 0.000000
0.4120 0.000000
0.4125 0.000000
0.4130 0.000000
0.4135 0.000000
0.4140 0.000000
0.4145 0.000000
0.4150 0.000000
0.4155 0.000000
0.4160 0.000000
0.4165 0.000000
0.4170 0.000000
0.4175 0.000000
0.4180 0.000000
0.4185 0.000000
0.4190 0.000000
0.4195 0.000000
0.4200 0.000000
0.4205 0.000000
0.4210 0.000000
0.4215 0.000000
0.4220 0.000000
0.4225 0.000000
0.4230 0.000000
0.4235 0.000000
0.4240 0.000000
0.4245 0.000000
0.4250 0.000000
0.4255 0.000000
0.4260 0.000000
0.4265 0.000000
0.4270 0.000000
0.4275 0.000000
0.4280 0.000000
0.4285 0.000000
0.4290 0.000000
0.4295 0.000000
0.4300 0.000000
0.4305 0.000000
0.4310 0.000000
0.4315 0.000000
0.4320 0.000000
0.4325 0.000000
0.4330 0.000000
0.4335 0.000000
0.4340 0.000000
0.4345 0.000000
0.4350 0.000000
0.4355 0.000000
0.4360 0.000000
0.4365 0.000000
0.4370 0.000000
0.4375 0.000000
0.4380 0.000000
0.4385 0.000000
0.4390 0.000000
0.4395 0.000000
0.4400 0.000000
0.4405 0.000000
0.4410 0.000000
0.4415 0.000000
0.4420 0.000000
0.4425 0.000000
0.4430 0.000000
0.4435 0.000000
0.4440 0.000000
0.4445 0.000000
0.4450 0.000000
0.4455 0.000000
0.4460 0.000000
0.4465 0.000000
0.4470 0.000000
0.4475 0.000000
0.4480 0.000000
0.4485 0.000000
0.4490 0.000000
0.4495 0.000000
0.4500 0.000000
0.4505 0.000000
0.4510 0.000000
0.4515 0.000000
0.4520 0.000000
0.4525 0.000000
0.4530 0.000000
0.4535 0.000000
0.4540 0.000000
0.4545 0.000000
0.4550 0.000000
0.4555 0.000000
0.4560 0.000000
0.4565 0.000000
0.4570 0.000000
0.4575 0.000000
0.4580 0.000000
0.4585 0.000000
0.4590 0.000000
0.4595 0.000000
0.4600 0.000000
0.4605 0.000000
0.4610 0.000000
0.4615 0.000000
0.4620 0.000000
0.4625 0.000000
0.4630 0.000000
0.4635 0.000000
0.4640 0.000000
0.4645 0.000000
0.4650 0.000000
0.4655 0.000000
0.4660 0.000000
0.4665 0.000000
0.4670 0.000000
0.4675 0.000000
0.4680 0.000000
0.4685 0.000000
0.4690 0.000000
0.4695 0.000000
0.4700 0.000000
0.4705 0.000000
0.4710 0.000000
0.4715 0.000000
0.4720 0.000000
0.4725 0.000000
0.4730 0.000000
0.4735 0.000000
0.4740 0.000000
0.4745 0.000000
0.4750 0.000000
0.4755 0.000000
0.4760 0.000000
0.4765 0.000000
0.4770 0.000000
0.4775 0.000000
0.4780 0.000000
0.4785 0.000000
0.4790 0.000000
0.4795 0.000000
0.4800 0.000000
0.4805 0.000000
0.4810 0.000000
0.4815 0.000000
0.4820 0.000000
0.4825 0.000000
0.4830 0.000000
0.4835 0.000000
0.4840 0.000000
0.4845 0.000000
0.4850 0.000000
0.4855 0.000000
0.4860 0.000000
0.4865 0.000000
0.4870 0.000000
0.4875 0.000000
0.4880 0.000000
0.4885 0.000000
0.4890 0.000000
0.4895 0.000000
0.4900 0.000000
0.4905 0.000000
0.4910 0.000000
0.4915 0.000000
0.4920 0.000000
0.4925 0.000000
0.4930 0.000000
0.4935 0.000000
0.4940 0.000000
0.4945 0.000000
0.4950 0.000000
0.4955 0.000000
0.4960 0.000000
0.4965 0.000000
0.4970 0.000000
0.4975 0.000000
0.4980 0.000000
0.4985 0.000000
0.4990 0.000000
0.4995 0.000000
0.5000 0.000000
0.5005 0.000000
0.5010 0.000000
0.5015 0.000000
0.5020 0.000000
0.5025 0.000000
0.5030 0.006426
0.5035 0.006426
0.5040 0.006309
0.5045 0.006357
0.5050 0.006357
0.5055 0.006367
0.5060 0.006367
0.5065 0.006377
0.5070 0.006377
0.5075 0.006377
0.5080 0.006377
0.5085 0.006377
0.5090 0.006436
0.5095 0.006836
0.5100 0.006836
0.5105 0.006875
0.5110 0.005859
0.5115 0.005859
0.5120 0.006172
0.5125 0.006172
0.5130 0.006328
0.5135 0.006221
0.5140 0.006221
0.5145 0.006563
0.5150 0.006582
0.5155 0.006582
0.5160 0.006572
0.5165 0.006582
0.5170 0.006582
0.5175 0.006582
0.5180 0.009766
0.5185 0.008135
0.5190 0.008252
0.5195 0.008252
0.5200 0.008262
0.5205 0.021201
0.5210 0.021280
0.5215 0.021289
0.5220 0.021289
0.5225 0.020401
0.5230 0.020420
0.5235 0.020420
0.5240 0.020625
0.5245 0.023838
0.5250 0.033838
0.5255 0.033565
0.5260 0.033946
0.5265 0.034092
0.5270 0.034639
0.5275 0.035616
0.5280 0.036446
0.5285 0.036592
0.5290 0.038282
0.5295 0.038399
0.5300 0.039063
0.5305 0.040332
0.5310 0.041407
0.5315 0.041426
0.5320 0.041543
0.5325 0.043399
0.5330 0.043516
0.5335 0.043526
0.5340 0.054454
0.5345 0.054473
0.5350 0.054649
0.5355 0.053067
0.5360 0.053135
0.5365 0.053321
0.5370 0.052940
0.5375 0.053262
0.5380 0.053604
0.5385 0.053643
0.5390 0.053663
0.5395 0.054229
0.5400 0.054317
0.5405 0.054434
0.5410 0.054649
0.5415 0.056710
0.5420 0.070977
0.5425 0.071173
0.5430 0.072120
0.5435 0.085303
0.5440 0.085391
0.5445 0.085763
0.5450 0.086759
0.5455 0.087120
0.5460 0.087276
0.5465 0.088106
0.5470 0.088145
0.5475 0.089141
0.5480 0.090352
0.5485 0.093897
0.5490 0.090372
0.5495 0.089552
0.5500 0.090616
0.5505 0.091183
0.5510 0.094366
0.5515 0.094610
0.5520 0.097706
0.5525 0.124015
0.5530 0.124269
0.5535 0.137960
0.5540 0.138097
0.5545 0.138800
0.5550 0.140138
0.5555 0.140372
0.5560 0.141847
0.5565 0.152208
0.5570 0.152501
0.5575 0.152755
0.5580 0.157443
0.5585 0.159914
0.5590 0.160158
0.5595 0.160509
0.5600 0.160685
0.5605 0.160793
0.5610 0.161154
0.5615 0.161496
0.5620 0.161964
0.5625 0.162297
0.5630 0.162726
0.5635 0.165109
0.5640 0.167824
0.5645 0.168088
0.5650 0.168644
0.5655 0.169299
0.5660 0.166808
0.5665 0.170138
0.5670 0.171613
0.5675 0.171867
0.5680 0.172951
0.5685 0.174406
0.5690 0.173810
0.5695 0.187775
0.5700 0.189025
0.5705 0.189992
0.5710 0.197609
0.5715 0.198039
0.5720 0.198527
0.5725 0.209377
0.5730 0.212902
0.5735 0.214699
0.5740 0.215422
0.5745 0.218127
0.5750 0.213830
0.5755 0.216125
0.5760 0.219572
0.5765 0.220481
0.5770 0.220910
0.5775 0.221379
0.5780 0.221047
0.5785 0.221965
0.5790 0.229553
0.5795 0.230569
0.5800 0.231672
0.5805 0.231692
0.5810 0.233069
0.5815 0.235627
0.5820 0.236516
0.5825 0.236985
0.5830 0.237541
0.5835 0.243996
0.5840 0.244582
0.5845 0.258655
0.5850 0.265061
0.5855 0.265344
0.5860 0.266096
0.5865 0.266770
0.5870 0.271204
0.5875 0.271614
0.5880 0.273919
0.5885 0.274690
0.5890 0.275784
0.5895 0.290862
0.5900 0.287298
0.5905 0.288792
0.5910 0.295227
0.5915 0.295745
0.5920 0.297727
0.5925 0.299495
0.5930 0.300355
0.5935 0.302903
0.5940 0.305052
0.5945 0.316448
0.5950 0.317054
0.5955 0.316839
0.5960 0.317962
0.5965 0.319027
0.5970 0.320335
0.5975 0.321019
0.5980 0.321419
0.5985 0.324564
0.5990 0.325355
0.5995 0.326478
0.6000 0.327640
0.6005 0.328265
0.6010 0.334476
0.6015 0.343236
0.6020 0.346956
0.6025 0.348607
0.6030 0.352562
0.6035 0.354818
0.6040 0.356878
0.6045 0.357435
0.6050 0.362045
0.6055 0.372611
0.6060 0.373578
0.6065 0.374799
0.6070 0.375511
0.6075 0.377982
0.6080 0.379525
0.6085 0.379926
0.6090 0.381293
0.6095 0.385433
0.6100 0.388168
0.6105 0.387445
0.6110 0.393226
0.6115 0.400404
0.6120 0.400775
0.6125 0.402602
0.6130 0.403471
0.6135 0.406830
0.6140 0.407484
0.6145 0.413949
0.6150 0.414936
0.6155 0.416176
0.6160 0.417895
0.6165 0.418891
0.6170 0.420229
0.6175 0.423119
0.6180 0.424340
0.6185 0.425385
0.6190 0.426117
0.6195 0.423696
0.6200 0.425346
0.6205 0.426088
0.6210 0.427895
0.6215 0.428403
0.6220 0.429018
0.6225 0.430131
0.6230 0.433608
0.6235 0.434233
0.6240 0.439741
0.6245 0.440463
0.6250 0.441274
0.6255 0.442094
0.6260 0.446313
0.6265 0.447465
0.6270 0.447954
0.6275 0.450942
0.6280 0.451577
0.6285 0.452993
0.6290 0.453540
0.6295 0.454975
0.6300 0.456235
0.6305 0.465854
0.6310 0.467339
0.6315 0.468198
0.6320 0.468862
0.6325 0.469526
0.6330 0.470483
0.6335 0.475561
0.6340 0.477251
0.6345 0.478442
0.6350 0.479985
0.6355 0.483696
0.6360 0.485347
0.6365 0.487554
0.6370 0.488345
0.6375 0.488843
0.6380 0.502231
0.6385 0.502915
0.6390 0.503169
0.6395 0.505171
0.6400 0.506001
0.6405 0.507925
0.6410 0.512515
0.6415 0.513228
0.6420 0.515796
0.6425 0.516646
0.6430 0.519302
0.6435 0.521948
0.6440 0.523032
0.6445 0.523628
0.6450 0.525845
0.6455 0.527017
0.6460 0.528394
0.6465 0.529019
0.6470 0.531421
0.6475 0.534204
0.6480 0.535718
0.6485 0.536568
0.6490 0.541939
0.6495 0.542466
0.6500 0.543111
0.6505 0.545826
0.6510 0.546949
0.6515 0.548794
0.6520 0.549449
0.6525 0.554722
0.6530 0.557105
0.6535 0.557584
0.6540 0.560025
0.6545 0.563248
0.6550 0.564234
0.6555 0.565377
0.6560 0.566451
0.6565 0.571334
0.6570 0.573033
0.6575 0.573619
0.6580 0.574136
0.6585 0.574840
0.6590 0.577369
0.6595 0.580015
0.6600 0.581617
0.6605 0.583013
0.6610 0.584342
0.6615 0.584869
0.6620 0.591549
0.6625 0.592711
0.6630 0.594264
0.6635 0.597916
0.6640 0.598541
0.6645 0.599400
0.6650 0.601695
0.6655 0.605563
0.6660 0.606588
0.6665 0.607291
0.6670 0.608160
0.6675 0.607936
0.6680 0.611627
0.6685 0.613531
0.6690 0.614176
0.6695 0.615455
0.6700 0.617350
0.6705 0.618551
0.6710 0.619391
0.6715 0.620074
0.6720 0.620905
0.6725 0.621656
0.6730 0.622672
0.6735 0.624889
0.6740 0.625973
0.6745 0.626813
0.6750 0.627340
0.6755 0.629303
0.6760 0.630104
0.6765 0.628356
0.6770 0.628912
0.6775 0.628200
0.6780 0.629606
0.6785 0.630641
0.6790 0.631051
0.6795 0.632438
0.6800 0.633375
0.6805 0.634938
0.6810 0.635914
0.6815 0.636520
0.6820 0.637467
0.6825 0.639674
0.6830 0.640543
0.6835 0.642379
0.6840 0.643229
0.6845 0.644293
0.6850 0.645065
0.6855 0.645866
0.6860 0.646588
0.6865 0.647291
0.6870 0.648336
0.6875 0.649010
0.6880 0.649762
0.6885 0.650768
0.6890 0.651413
0.6895 0.652663
0.6900 0.653581
0.6905 0.654284
0.6910 0.655104
0.6915 0.656061
0.6920 0.659137
0.6925 0.660583
0.6930 0.660924
0.6935 0.661608
0.6940 0.662321
0.6945 0.663307
0.6950 0.665368
0.6955 0.665895
0.6960 0.666374
0.6965 0.666930
0.6970 0.667477
0.6975 0.668805
0.6980 0.669958
0.6985 0.670885
0.6990 0.671657
0.6995 0.672438
0.7000 0.674147
0.7005 0.674870
0.7010 0.675622
0.7015 0.676725
0.7020 0.677409
0.7025 0.677829
0.7030 0.678620
0.7035 0.679753
0.7040 0.680456
0.7045 0.681364
0.7050 0.681950
0.7055 0.682516
0.7060 0.683102
0.7065 0.683864
0.7070 0.686481
0.7075 0.687155
0.7080 0.686169
0.7085 0.686999
0.7090 0.687526
0.7095 0.688034
0.7100 0.688806
0.7105 0.690007
0.7110 0.690602
0.7115 0.691432
0.7120 0.692194
0.7125 0.693737
0.7130 0.694450
0.7135 0.695153
0.7140 0.695661
0.7145 0.696374
0.7150 0.696765
0.7155 0.697302
0.7160 0.697995
0.7165 0.698835
0.7170 0.699401
0.7175 0.699978
0.7180 0.700974
0.7185 0.701716
0.7190 0.702116
0.7195 0.702644
0.7200 0.703181
0.7205 0.703493
0.7210 0.704421
0.7215 0.705017
0.7220 0.705642
0.7225 0.706530
0.7230 0.707097
0.7235 0.707712
0.7240 0.708718
0.7245 0.709489
0.7250 0.710036
0.7255 0.710691
0.7260 0.711306
0.7265 0.711882
0.7270 0.713103
0.7275 0.713962
0.7280 0.714568
0.7285 0.715085
0.7290 0.715671
0.7295 0.716169
0.7300 0.716677
0.7305 0.717263
0.7310 0.717917
0.7315 0.718376
0.7320 0.718923
0.7325 0.719665
0.7330 0.720163
0.7335 0.720749
0.7340 0.721208
0.7345 0.721823
0.7350 0.722429
0.7355 0.722917
0.7360 0.723415
0.7365 0.723982
0.7370 0.724558
0.7375 0.725241
0.7380 0.725876
0.7385 0.726374
0.7390 0.726990
0.7395 0.727683
0.7400 0.728249
0.7405 0.728982
0.7410 0.729753
0.7415 0.730290
0.7420 0.730876
0.7425 0.731394
0.7430 0.732400
0.7435 0.733025
0.7440 0.733816
0.7445 0.734411
0.7450 0.734968
0.7455 0.735525
0.7460 0.736091
0.7465 0.736306
0.7470 0.736892
0.7475 0.737419
0.7480 0.737937
0.7485 0.738406
0.7490 0.738894
0.7495 0.739470
0.7500 0.739988
0.7505 0.740525
0.7510 0.740964
0.7515 0.741580
0.7520 0.742341
0.7525 0.742966
0.7530 0.743660
0.7535 0.744265
0.7540 0.744744
0.7545 0.745447
0.7550 0.746072
0.7555 0.746755
0.7560 0.747732
0.7565 0.748367
0.7570 0.748835
0.7575 0.749421
0.7580 0.749988
0.7585 0.750574
0.7590 0.751228
0.7595 0.752058
0.7600 0.752634
0.7605 0.753162
0.7610 0.754236
0.7615 0.754734
0.7620 0.755417
0.7625 0.756062
0.7630 0.756521
0.7635 0.757175
0.7640 0.757888
0.7645 0.758709
0.7650 0.759197
0.7655 0.759812
0.7660 0.760359
0.7665 0.761023
0.7670 0.761531
0.7675 0.762000
0.7680 0.762547
0.7685 0.763054
0.7690 0.763621
0.7695 0.764666
0.7700 0.765252
0.7705 0.765750
0.7710 0.766414
0.7715 0.766941
0.7720 0.767498
0.7725 0.768064
0.7730 0.768660
0.7735 0.769353
0.7740 0.769920
0.7745 0.770633
0.7750 0.771121
0.7755 0.771570
0.7760 0.772215
0.7765 0.772635
0.7770 0.773162
0.7775 0.774011
0.7780 0.774509
0.7785 0.775095
0.7790 0.775545
0.7795 0.776375
0.7800 0.777107
0.7805 0.777615
0.7810 0.778103
0.7815 0.778650
0.7820 0.779109
0.7825 0.779724
0.7830 0.780174
0.7835 0.780760
0.7840 0.781287
0.7845 0.781853
0.7850 0.782400
0.7855 0.783015
0.7860 0.783699
0.7865 0.784197
0.7870 0.784764
0.7875 0.785379
0.7880 0.786082
0.7885 0.786638
0.7890 0.787283
0.7895 0.787996
0.7900 0.788514
0.7905 0.789060
0.7910 0.789705
0.7915 0.790144
0.7920 0.790691
0.7925 0.791180
0.7930 0.791697
0.7935 0.792146
0.7940 0.792615
0.7945 0.793143
0.7950 0.793699
0.7955 0.794266
0.7960 0.794822
0.7965 0.795320
0.7970 0.795916
0.7975 0.796424
0.7980 0.796922
0.7985 0.797654
0.7990 0.798074
0.7995 0.798660
0.8000 0.799266
0.8005 0.799715
0.8010 0.800281
0.8015 0.800721
0.8020 0.801248
0.8025 0.801775
0.8030 0.802215
0.8035 0.802654
0.8040 0.803084
0.8045 0.803582
0.8050 0.804246
0.8055 0.804695
0.8060 0.805242
0.8065 0.805760
0.8070 0.806199
0.8075 0.806697
0.8080 0.807274
0.8085 0.807879
0.8090 0.808455
0.8095 0.809012
0.8100 0.809471
0.8105 0.809998
0.8110 0.810613
0.8115 0.811160
0.8120 0.811815
0.8125 0.812361
0.8130 0.812899
0.8135 0.813377
0.8140 0.813924
0.8145 0.814715
0.8150 0.815350
0.8155 0.815828
0.8160 0.816346
0.8165 0.816854
0.8170 0.817391
0.8175 0.817859
0.8180 0.818426
0.8185 0.818953
0.8190 0.819481
0.8195 0.819998
0.8200 0.820438
0.8205 0.820965
0.8210 0.821483
0.8215 0.821922
0.8220 0.822440
0.8225 0.822957
0.8230 0.823514
0.8235 0.824149
0.8240 0.824705
0.8245 0.825203
0.8250 0.825672
0.8255 0.826239
0.8260 0.826717
0.8265 0.827313
0.8270 0.827752
0.8275 0.828241
0.8280 0.828729
0.8285 0.829354
0.8290 0.829823
0.8295 0.830321
0.8300 0.830887
0.8305 0.831317
0.8310 0.831854
0.8315 0.832362
0.8320 0.832996
0.8325 0.833367
0.8330 0.833875
0.8335 0.834364
0.8340 0.834803
0.8345 0.835282
0.8350 0.835799
0.8355 0.836190
0.8360 0.836678
0.8365 0.837205
0.8370 0.837752
0.8375 0.838270
0.8380 0.838827
0.8385 0.839471
0.8390 0.839891
0.8395 0.840467
0.8400 0.841014
0.8405 0.841571
0.8410 0.842088
0.8415 0.842567
0.8420 0.842967
0.8425 0.843377
0.8430 0.843846
0.8435 0.844442
0.8440 0.845067
0.8445 0.845438
0.8450 0.846004
0.8455 0.846522
0.8460 0.846971
0.8465 0.847586
0.8470 0.848065
0.8475 0.848612
0.8480 0.849061
0.8485 0.849452
0.8490 0.850008
0.8495 0.850545
0.8500 0.851209
0.8505 0.851854
0.8510 0.852440
0.8515 0.852879
0.8520 0.853348
0.8525 0.853846
0.8530 0.854383
0.8535 0.854862
0.8540 0.855360
0.8545 0.855770
0.8550 0.856346
0.8555 0.856727
0.8560 0.857196
0.8565 0.857801
0.8570 0.858378
0.8575 0.858749
0.8580 0.859227
0.8585 0.859735
0.8590 0.860292
0.8595 0.860799
0.8600 0.861444
0.8605 0.861981
0.8610 0.862401
0.8615 0.862762
0.8620 0.863290
0.8625 0.863710
0.8630 0.864247
0.8635 0.864813
0.8640 0.865282
0.8645 0.865624
0.8650 0.866122
0.8655 0.866610
0.8660 0.867186
0.8665 0.867723
0.8670 0.868221
0.8675 0.868719
0.8680 0.869247
0.8685 0.869755
0.8690 0.870301
0.8695 0.870819
0.8700 0.871307
0.8705 0.871727
0.8710 0.872225
0.8715 0.872802
0.8720 0.873319
0.8725 0.873846
0.8730 0.874325
0.8735 0.874930
0.8740 0.875477
0.8745 0.876093
0.8750 0.876512
0.8755 0.877001
0.8760 0.877450
0.8765 0.877841
0.8770 0.878290
0.8775 0.878817
0.8780 0.879325
0.8785 0.879784
0.8790 0.880370
0.8795 0.880829
0.8800 0.881386
0.8805 0.881903
0.8810 0.882421
0.8815 0.882860
0.8820 0.883417
0.8825 0.883876
0.8830 0.884413
0.8835 0.884852
0.8840 0.885341
0.8845 0.885907
0.8850 0.886395
0.8855 0.886874
0.8860 0.887343
0.8865 0.887899
0.8870 0.888388
0.8875 0.888944
0.8880 0.889452
0.8885 0.889862
0.8890 0.890370
0.8895 0.890829
0.8900 0.891308
0.8905 0.891913
0.8910 0.892509
0.8915 0.892909
0.8920 0.893309
0.8925 0.893808
0.8930 0.894413
0.8935 0.894882
0.8940 0.895409
0.8945 0.896015
0.8950 0.896444
0.8955 0.896884
0.8960 0.897353
0.8965 0.897821
0.8970 0.898368
0.8975 0.898856
0.8980 0.899315
0.8985 0.899784
0.8990 0.900243
0.8995 0.900712
0.9000 0.901298
0.9005 0.901757
0.9010 0.902304
0.9015 0.902870
0.9020 0.903319
0.9025 0.903935
0.9030 0.904462
0.9035 0.904989
0.9040 0.905409
0.9045 0.905917
0.9050 0.906483
0.9055 0.906962
0.9060 0.907440
0.9065 0.908007
0.9070 0.908476
0.9075 0.908944
0.9080 0.909325
0.9085 0.909716
0.9090 0.910175
0.9095 0.910595
0.9100 0.911122
0.9105 0.911542
0.9110 0.912099
0.9115 0.912558
0.9120 0.913114
0.9125 0.913632
0.9130 0.914110
0.9135 0.914569
0.9140 0.915087
0.9145 0.915605
0.9150 0.916210
0.9155 0.916757
0.9160 0.917206
0.9165 0.917763
0.9170 0.918388
0.9175 0.918818
0.9180 0.919394
0.9185 0.919853
0.9190 0.920400
0.9195 0.920780
0.9200 0.921318
0.9205 0.921874
0.9210 0.922363
0.9215 0.922851
0.9220 0.923486
0.9225 0.923935
0.9230 0.924560
0.9235 0.925068
0.9240 0.925702
0.9245 0.926239
0.9250 0.926757
0.9255 0.927255
0.9260 0.927714
0.9265 0.928212
0.9270 0.928671
0.9275 0.929130
0.9280 0.929521
0.9285 0.930019
0.9290 0.930556
0.9295 0.930995
0.9300 0.931396
0.9305 0.931884
0.9310 0.932333
0.9315 0.932880
0.9320 0.933398
0.9325 0.933915
0.9330 0.934453
0.9335 0.934999
0.9340 0.935507
0.9345 0.936074
0.9350 0.936660
0.9355 0.937138
0.9360 0.937568
0.9365 0.938095
0.9370 0.938525
0.9375 0.938945
0.9380 0.939482
0.9385 0.939999
0.9390 0.940400
0.9395 0.940800
0.9400 0.941328
0.9405 0.941787
0.9410 0.942353
0.9415 0.942939
0.9420 0.943496
0.9425 0.943886
0.9430 0.944277
0.9435 0.944853
0.9440 0.945380
0.9445 0.945751
0.9450 0.946386
0.9455 0.946777
0.9460 0.947099
0.9465 0.947607
0.9470 0.948056
0.9475 0.948642
0.9480 0.949072
0.9485 0.949599
0.9490 0.950078
0.9495 0.950585
0.9500 0.951054
0.9505 0.951630
0.9510 0.952119
0.9515 0.952636
0.9520 0.953193
0.9525 0.953691
0.9530 0.954150
0.9535 0.954628
0.9540 0.955068
0.9545 0.955595
0.9550 0.956093
0.9555 0.956601
0.9560 0.957275
0.9565 0.957685
0.9570 0.958154
0.9575 0.958632
0.9580 0.959072
0.9585 0.959560
0.9590 0.960000
0.9595 0.960488
0.9600 0.960849
0.9605 0.961367
0.9610 0.961845
0.9615 0.962363
0.9620 0.962929
0.9625 0.963388
0.9630 0.963896
0.9635 0.964521
0.9640 0.964970
0.9645 0.965410
0.9650 0.965810
0.9655 0.966259
0.9660 0.966660
0.9665 0.967148
0.9670 0.967656
0.9675 0.968164
0.9680 0.968652
0.9685 0.969121
0.9690 0.969560
0.9695 0.970117
0.9700 0.970527
0.9705 0.970957
0.9710 0.971377
0.9715 0.971787
0.9720 0.972373
0.9725 0.972822
0.9730 0.973300
0.9735 0.973877
0.9740 0.974326
0.9745 0.974951
0.9750 0.975332
0.9755 0.975771
0.9760 0.976211
0.9765 0.976709
0.9770 0.977109
0.9775 0.977568
0.9780 0.978086
0.9785 0.978515
0.9790 0.978955
0.9795 0.979551
0.9800 0.980039
0.9805 0.980449
0.9810 0.980908
0.9815 0.981377
0.9820 0.981777
0.9825 0.982256
0.9830 0.982949
0.9835 0.983555
0.9840 0.983994
0.9845 0.984453
0.9850 0.985029
0.9855 0.985517
0.9860 0.986084
0.9865 0.986582
0.9870 0.987119
0.9875 0.987588
0.9880 0.988008
0.9885 0.988525
0.9890 0.989180
0.9895 0.989678
0.9900 0.990156
0.9905 0.990693
0.9910 0.991123
0.9915 0.991631
0.9920 0.992002
0.9925 0.992510
0.9930 0.992998
0.9935 0.993428
0.9940 0.994092
0.9945 0.994629
0.9950 0.995244
0.9955 0.995771
0.9960 0.996299
0.9965 0.996680
0.9970 0.997148
0.9975 0.997783
0.9980 0.998242
0.9985 0.998711
0.9990 0.999131
0.9995 0.999521
