0 0.000000
1 0.219769
2 0.050460
3 0.030851
4 0.020535
5 0.014280
6 0.010603
7 0.008289
8 0.006742
9 0.005500
10 0.004652
11 0.003952
12 0.003433
13 0.003071
14 0.002644
15 0.002357
16 0.002131
17 0.001929
18 0.001766
19 0.001602
20 0.001470
21 0.001366
22 0.001238
23 0.001146
24 0.001107
25 0.001027
26 0.000935
27 0.000860
28 0.000798
29 0.000763
30 0.000739
31 0.000672
32 0.000678
33 0.000614
34 0.000596
35 0.000557
36 0.000553
37 0.000509
38 0.000491
39 0.000446
40 0.000475
41 0.000430
42 0.000389
43 0.000395
44 0.000383
45 0.000365
46 0.000372
47 0.000350
48 0.000327
49 0.000312
50 0.000321
51 0.000298
52 0.000288
53 0.000254
54 0.000265
55 0.000262
56 0.000260
57 0.000252
58 0.000231
59 0.000232
60 0.000221
61 0.000242
62 0.000223
63 0.000202
64 0.000206
65 0.000200
66 0.000203
67 0.000191
68 0.000201
69 0.000165
70 0.000176
71 0.000170
72 0.000171
73 0.000170
74 0.000158
75 0.000169
76 0.000151
77 0.000149
78 0.000159
79 0.000150
80 0.000143
81 0.000144
82 0.000149
83 0.000147
84 0.000136
85 0.000134
86 0.000125
87 0.000125
88 0.000129
89 0.000113
90 0.000135
91 0.000119
92 0.000120
93 0.000114
94 0.000111
95 0.000108
96 0.000108
97 0.000099
98 0.000103
99 0.000110
100 0.000096
101 0.000092
102 0.000091
103 0.000099
104 0.000106
105 0.000095
106 0.000089
107 0.000081
108 0.000087
109 0.000094
110 0.000093
111 0.000083
112 0.000098
113 0.000081
114 0.000076
115 0.000074
116 0.000078
117 0.000081
118 0.000076
119 0.000067
120 0.000082
121 0.000070
122 0.000077
123 0.000072
124 0.000072
125 0.000080
126 0.000070
127 0.000066
128 0.000072
129 0.000065
130 0.000060
131 0.000066
132 0.000064
133 0.000075
134 0.000071
135 0.000067
136 0.000051
137 0.000060
138 0.000058
139 0.000068
140 0.000066
141 0.000058
142 0.000061
143 0.000060
144 0.000057
145 0.000059
146 0.000063
147 0.000047
148 0.000049
149 0.000056
150 0.000048
151 0.000055
152 0.000051
153 0.000045
154 0.000049
155 0.000051
156 0.000051
157 0.000046
158 0.000042
159 0.000040
160 0.000044
161 0.000050
162 0.000052
163 0.000045
164 0.000037
165 0.000048
166 0.000045
167 0.000051
168 0.000036
169 0.000044
170 0.000037
171 0.000038
172 0.000049
173 0.000046
174 0.000047
175 0.000045
176 0.000048
177 0.000042
178 0.000050
179 0.000038
180 0.000037
181 0.000048
182 0.000044
183 0.000042
184 0.000039
185 0.000036
186 0.000045
187 0.000039
188 0.000043
189 0.000045
190 0.000038
191 0.000043
192 0.000043
193 0.000031
194 0.000030
195 0.000038
196 0.000042
197 0.000036
198 0.000036
199 0.000033
200 0.000036
201 0.000038
202 0.000038
203 0.000035
204 0.000037
205 0.000038
206 0.000033
207 0.000039
208 0.000029
209 0.000036
210 0.000032
211 0.000036
212 0.000036
213 0.000035
214 0.000031
215 0.000030
216 0.000032
217 0.000029
218 0.000039
219 0.000033
220 0.000034
221 0.000033
222 0.000036
223 0.000039
224 0.000029
225 0.000038
226 0.000032
227 0.000032
228 0.000041
229 0.000043
230 0.000038
231 0.000038
232 0.000032
233 0.000031
234 0.000029
235 0.000032
236 0.000033
237 0.000032
238 0.000028
239 0.000032
240 0.000033
241 0.000025
242 0.000033
243 0.000032
244 0.000035
245 0.000030
246 0.000036
247 0.000035
248 0.000036
249 0.000025
250 0.000030
251 0.000032
252 0.000030
253 0.000025
254 0.000034
255 0.000028
256 0.000031
257 0.000027
258 0.000038
259 0.000031
260 0.000029
261 0.000028
262 0.000025
263 0.000032
264 0.000033
265 0.000030
266 0.000028
267 0.000035
268 0.000032
269 0.000032
270 0.000033
271 0.000034
272 0.000029
273 0.000026
274 0.000032
275 0.000026
276 0.000027
277 0.000034
278 0.000031
279 0.000025
280 0.000029
281 0.000029
282 0.000030
283 0.000031
284 0.000025
285 0.000031
286 0.000034
287 0.000037
288 0.000031
289 0.000032
290 0.000034
291 0.000029
292 0.000030
293 0.000033
294 0.000036
295 0.000027
296 0.000036
297 0.000028
298 0.000027
299 0.000035
300 0.000030
301 0.000026
302 0.000034
303 0.000024
304 0.000029
305 0.000030
306 0.000026
307 0.000034
308 0.000029
309 0.000037
310 0.000029
311 0.000029
312 0.000033
313 0.000028
314 0.000029
315 0.000032
316 0.000025
317 0.000032
318 0.000037
319 0.000028
320 0.000032
321 0.000033
322 0.000023
323 0.000029
324 0.000029
325 0.000032
326 0.000023
327 0.000027
328 0.000029
329 0.000027
330 0.000024
331 0.000034
332 0.000035
333 0.000030
334 0.000025
335 0.000037
336 0.000029
337 0.000035
338 0.000028
339 0.000034
340 0.000036
341 0.000028
342 0.000029
343 0.000036
344 0.000031
345 0.000032
346 0.000032
347 0.000034
348 0.000029
349 0.000032
350 0.000031
351 0.000021
352 0.000036
353 0.000029
354 0.000027
355 0.000034
356 0.000032
357 0.000031
358 0.000031
359 0.000035
360 0.000028
361 0.000027
362 0.000025
363 0.000030
364 0.000031
365 0.000027
366 0.000033
367 0.000035
368 0.000032
369 0.000038
370 0.000026
371 0.000034
372 0.000037
373 0.000029
374 0.000036
375 0.000033
376 0.000037
377 0.000035
378 0.000036
379 0.000024
380 0.000031
381 0.000027
382 0.000028
383 0.000031
384 0.000031
385 0.000031
386 0.000032
387 0.000035
388 0.000031
389 0.000040
390 0.000034
391 0.000035
392 0.000031
393 0.000025
394 0.000036
395 0.000031
396 0.000033
397 0.000033
398 0.000030
399 0.000034
400 0.000033
401 0.000036
402 0.000028
403 0.000028
404 0.000037
405 0.000028
406 0.000030
407 0.000035
408 0.000041
409 0.000032
410 0.000032
411 0.000040
412 0.000036
413 0.000029
414 0.000033
415 0.000032
416 0.000031
417 0.000031
418 0.000035
419 0.000037
420 0.000034
421 0.000029
422 0.000045
423 0.000031
424 0.000042
425 0.000030
426 0.000035
427 0.000030
428 0.000037
429 0.000039
430 0.000034
431 0.000036
432 0.000037
433 0.000027
434 0.000029
435 0.000036
436 0.000035
437 0.000026
438 0.000033
439 0.000031
440 0.000036
441 0.000030
442 0.000040
443 0.000040
444 0.000033
445 0.000032
446 0.000035
447 0.000039
448 0.000038
449 0.000036
450 0.000033
451 0.000036
452 0.000032
453 0.000031
454 0.000039
455 0.000038
456 0.000031
457 0.000041
458 0.000029
459 0.000036
460 0.000031
461 0.000033
462 0.000032
463 0.000032
464 0.000036
465 0.000043
466 0.000037
467 0.000038
468 0.000031
469 0.000038
470 0.000037
471 0.000032
472 0.000036
473 0.000039
474 0.000035
475 0.000030
476 0.000040
477 0.000030
478 0.000034
479 0.000027
480 0.000033
481 0.000034
482 0.000029
483 0.000031
484 0.000028
485 0.000032
486 0.000025
487 0.000026
488 0.000033
489 0.000035
490 0.000030
491 0.000036
492 0.000030
493 0.000036
494 0.000040
495 0.000040
496 0.000029
497 0.000029
498 0.000034
499 0.000030
500 0.000027
501 0.000029
502 0.000036
503 0.000032
504 0.000029
505 0.000027
506 0.000032
507 0.000031
508 0.000031
509 0.000027
510 0.000029
511 0.000032
512 0.000034
513 0.000029
514 0.000028
515 0.000029
516 0.000033
517 0.000033
518 0.000034
519 0.000029
520 0.000035
521 0.000026
522 0.000030
523 0.000033
524 0.000032
525 0.000032
526 0.000029
527 0.000028
528 0.000029
529 0.000027
530 0.000029
531 0.000030
532 0.000036
533 0.000027
534 0.000031
535 0.000027
536 0.000033
537 0.000027
538 0.000021
539 0.000033
540 0.000029
541 0.000024
542 0.000021
543 0.000028
544 0.000026
545 0.000016
546 0.000021
547 0.000027
548 0.000027
549 0.000027
550 0.000020
551 0.000023
552 0.000022
553 0.000024
554 0.000022
555 0.000019
556 0.000023
557 0.000023
558 0.000024
559 0.000019
560 0.000017
561 0.000022
562 0.000016
563 0.000018
564 0.000024
565 0.000019
566 0.000017
567 0.000022
568 0.000018
569 0.000022
570 0.000020
571 0.000013
572 0.000015
573 0.000010
574 0.000015
575 0.000013
576 0.000012
577 0.000016
578 0.000012
579 0.000015
580 0.000015
581 0.000011
582 0.000012
583 0.000014
584 0.000010
585 0.000006
586 0.000011
587 0.000009
588 0.000011
589 0.000009
590 0.000010
591 0.000007
592 0.000007
593 0.000010
594 0.000012
595 0.000006
596 0.000009
597 0.000008
598 0.000007
599 0.000009
600 0.000008
601 0.000004
602 0.000007
603 0.000002
604 0.000005
605 0.000004
606 0.000004
607 0.000007
608 0.000006
609 0.000005
610 0.000002
611 0.000004
612 0.000005
613 0.000003
614 0.000003
615 0.000002
616 0.000001
617 0.000003
618 0.000001
619 0.000003
620 0.000003
621 0.000003
622 0.000001
623 0.000003
624 0.000005
625 0.000001
626 0.000002
627 0.000003
628 0.000004
629 0.000002
630 0.000001
631 0.000001
632 0.000000
633 0.000001
634 0.000001
635 0.000000
636 0.000001
637 0.000000
638 0.000000
639 0.000000
640 0.000001
641 0.000000
642 0.000000
643 0.000000
644 0.000000
645 0.000001
646 0.000001
647 0.000000
648 0.000000
649 0.000000
650 0.000000
651 0.000000
652 0.000000
653 0.000000
654 0.000000
655 0.000000
656 0.000000
657 0.000000
658 0.000000
659 0.000000
660 0.000000
661 0.000000
662 0.000000
663 0.000000
664 0.000000
665 0.000000
666 0.000000
667 0.000000
668 0.000000
669 0.000000
670 0.000000
671 0.000000
672 0.000000
673 0.000000
674 0.000000
675 0.000000
676 0.000000
677 0.000000
678 0.000000
679 0.000000
680 0.000000
681 0.000000
682 0.000000
683 0.000000
684 0.000000
685 0.000000
686 0.000000
687 0.000000
688 0.000000
689 0.000000
690 0.000000
691 0.000000
692 0.000000
693 0.000000
694 0.000000
695 0.000000
696 0.000000
697 0.000000
698 0.000000
699 0.000000
700 0.000000
701 0.000000
702 0.000000
703 0.000000
704 0.000000
705 0.000000
706 0.000000
707 0.000000
708 0.000000
709 0.000000
710 0.000000
711 0.000000
712 0.000000
713 0.000000
714 0.000000
715 0.000000
716 0.000000
717 0.000000
718 0.000000
719 0.000000
720 0.000000
721 0.000000
722 0.000000
723 0.000000
724 0.000000
725 0.000000
726 0.000000
727 0.000000
728 0.000000
729 0.000000
730 0.000000
731 0.000000
732 0.000000
733 0.000000
734 0.000000
735 0.000000
736 0.000000
737 0.000000
738 0.000000
739 0.000000
740 0.000000
741 0.000000
742 0.000000
743 0.000000
744 0.000000
745 0.000000
746 0.000000
747 0.000000
748 0.000000
749 0.000000
750 0.000000
751 0.000000
752 0.000000
753 0.000000
754 0.000000
755 0.000000
756 0.000000
757 0.000000
758 0.000000
759 0.000000
760 0.000000
761 0.000000
762 0.000000
763 0.000000
764 0.000000
765 0.000000
766 0.000000
767 0.000000
768 0.000000
769 0.000000
770 0.000000
771 0.000000
772 0.000000
773 0.000000
774 0.000000
775 0.000000
776 0.000000
777 0.000000
778 0.000000
779 0.000000
780 0.000000
781 0.000000
782 0.000000
783 0.000000
784 0.000000
785 0.000000
786 0.000000
787 0.000000
788 0.000000
789 0.000000
790 0.000000
791 0.000000
792 0.000000
793 0.000000
794 0.000000
795 0.000000
796 0.000000
797 0.000000
798 0.000000
799 0.000000
800 0.000000
801 0.000000
802 0.000000
803 0.000000
804 0.000000
805 0.000000
806 0.000000
807 0.000000
808 0.000000
809 0.000000
810 0.000000
811 0.000000
812 0.000000
813 0.000000
814 0.000000
815 0.000000
816 0.000000
817 0.000000
818 0.000000
819 0.000000
820 0.000000
821 0.000000
822 0.000000
823 0.000000
824 0.000000
825 0.000000
826 0.000000
827 0.000000
828 0.000000
829 0.000000
830 0.000000
831 0.000000
832 0.000000
833 0.000000
834 0.000000
835 0.000000
836 0.000000
837 0.000000
838 0.000000
839 0.000000
840 0.000000
841 0.000000
842 0.000000
843 0.000000
844 0.000000
845 0.000000
846 0.000000
847 0.000000
848 0.000000
849 0.000000
850 0.000000
851 0.000000
852 0.000000
853 0.000000
854 0.000000
855 0.000000
856 0.000000
857 0.000000
858 0.000000
859 0.000000
860 0.000000
861 0.000000
862 0.000000
863 0.000000
864 0.000000
865 0.000000
866 0.000000
867 0.000000
868 0.000000
869 0.000000
870 0.000000
871 0.000000
872 0.000000
873 0.000000
874 0.000000
875 0.000000
876 0.000000
877 0.000000
878 0.000000
879 0.000000
880 0.000000
881 0.000000
882 0.000000
883 0.000000
884 0.000000
885 0.000000
886 0.000000
887 0.000000
888 0.000000
889 0.000000
890 0.000000
891 0.000000
892 0.000000
893 0.000000
894 0.000000
895 0.000000
896 0.000000
897 0.000000
898 0.000000
899 0.000000
900 0.000000
901 0.000000
902 0.000000
903 0.000000
904 0.000000
905 0.000000
906 0.000000
907 0.000000
908 0.000000
909 0.000000
910 0.000000
911 0.000000
912 0.000000
913 0.000000
914 0.000000
915 0.000000
916 0.000000
917 0.000000
918 0.000000
919 0.000000
920 0.000000
921 0.000000
922 0.000000
923 0.000000
924 0.000000
925 0.000000
926 0.000000
927 0.000000
928 0.000000
929 0.000000
930 0.000000
931 0.000000
932 0.000000
933 0.000000
934 0.000000
935 0.000000
936 0.000000
937 0.000000
938 0.000000
939 0.000000
940 0.000000
941 0.000000
942 0.000000
943 0.000000
944 0.000000
945 0.000000
946 0.000000
947 0.000000
948 0.000000
949 0.000000
950 0.000000
951 0.000000
952 0.000000
953 0.000000
954 0.000000
955 0.000000
956 0.000000
957 0.000000
958 0.000000
959 0.000000
960 0.000000
961 0.000000
962 0.000000
963 0.000000
964 0.000000
965 0.000000
966 0.000000
967 0.000000
968 0.000000
969 0.000000
970 0.000000
971 0.000000
972 0.000000
973 0.000000
974 0.000000
975 0.000000
976 0.000000
977 0.000000
978 0.000000
979 0.000000
980 0.000000
981 0.000000
982 0.000000
983 0.000000
984 0.000000
985 0.000000
986 0.000000
987 0.000000
988 0.000000
989 0.000000
990 0.000000
991 0.000000
992 0.000000
993 0.000000
994 0.000000
995 0.000000
996 0.000000
997 0.000000
998 0.000000
999 0.000000
1000 0.000000
1001 0.000000
1002 0.000000
1003 0.000000
1004 0.000000
1005 0.000000
1006 0.000000
1007 0.000000
1008 0.000000
1009 0.000000
1010 0.000000
1011 0.000000
1012 0.000000
1013 0.000000
1014 0.000000
1015 0.000000
1016 0.000000
1017 0.000000
1018 0.000000
1019 0.000000
1020 0.000000
1021 0.000000
1022 0.000000
1023 0.000000
