0 0.000000
1 0.212644
2 0.049086
3 0.029705
4 0.019580
5 0.013750
6 0.010275
7 0.007997
8 0.006476
9 0.005306
10 0.004459
11 0.003806
12 0.003291
13 0.002914
14 0.002582
15 0.002254
16 0.002063
17 0.001855
18 0.001694
19 0.001521
20 0.001411
21 0.001309
22 0.001185
23 0.001125
24 0.001055
25 0.000965
26 0.000911
27 0.000850
28 0.000804
29 0.000744
30 0.000712
31 0.000680
32 0.000650
33 0.000611
34 0.000577
35 0.000555
36 0.000519
37 0.000488
38 0.000490
39 0.000463
40 0.000434
41 0.000429
42 0.000412
43 0.000394
44 0.000376
45 0.000361
46 0.000357
47 0.000337
48 0.000325
49 0.000312
50 0.000300
51 0.000294
52 0.000286
53 0.000270
54 0.000270
55 0.000265
56 0.000254
57 0.000238
58 0.000235
59 0.000226
60 0.000223
61 0.000220
62 0.000217
63 0.000208
64 0.000197
65 0.000195
66 0.000192
67 0.000185
68 0.000179
69 0.000165
70 0.000169
71 0.000173
72 0.000164
73 0.000156
74 0.000153
75 0.000156
76 0.000152
77 0.000148
78 0.000147
79 0.000142
80 0.000143
81 0.000131
82 0.000139
83 0.000130
84 0.000127
85 0.000124
86 0.000122
87 0.000118
88 0.000116
89 0.000111
90 0.000112
91 0.000109
92 0.000115
93 0.000110
94 0.000103
95 0.000098
96 0.000103
97 0.000100
98 0.000104
99 0.000092
100 0.000098
101 0.000089
102 0.000087
103 0.000085
104 0.000085
105 0.000091
106 0.000083
107 0.000086
108 0.000087
109 0.000087
110 0.000078
111 0.000077
112 0.000076
113 0.000077
114 0.000076
115 0.000073
116 0.000075
117 0.000076
118 0.000068
119 0.000072
120 0.000072
121 0.000069
122 0.000067
123 0.000065
124 0.000070
125 0.000064
126 0.000064
127 0.000060
128 0.000055
129 0.000061
130 0.000061
131 0.000055
132 0.000055
133 0.000058
134 0.000063
135 0.000057
136 0.000058
137 0.000055
138 0.000057
139 0.000050
140 0.000051
141 0.000057
142 0.000052
143 0.000053
144 0.000044
145 0.000050
146 0.000047
147 0.000049
148 0.000046
149 0.000048
150 0.000045
151 0.000046
152 0.000049
153 0.000047
154 0.000044
155 0.000045
156 0.000049
157 0.000045
158 0.000039
159 0.000040
160 0.000042
161 0.000043
162 0.000038
163 0.000043
164 0.000039
165 0.000045
166 0.000036
167 0.000040
168 0.000042
169 0.000040
170 0.000034
171 0.000041
172 0.000037
173 0.000037
174 0.000040
175 0.000036
176 0.000039
177 0.000034
178 0.000036
179 0.000039
180 0.000036
181 0.000036
182 0.000034
183 0.000036
184 0.000035
185 0.000037
186 0.000034
187 0.000035
188 0.000033
189 0.000030
190 0.000034
191 0.000030
192 0.000029
193 0.000032
194 0.000032
195 0.000029
196 0.000030
197 0.000033
198 0.000028
199 0.000028
200 0.000025
201 0.000029
202 0.000030
203 0.000030
204 0.000027
205 0.000027
206 0.000028
207 0.000028
208 0.000026
209 0.000031
210 0.000028
211 0.000026
212 0.000029
213 0.000028
214 0.000025
215 0.000028
216 0.000028
217 0.000024
218 0.000024
219 0.000022
220 0.000025
221 0.000024
222 0.000022
223 0.000025
224 0.000025
225 0.000022
226 0.000024
227 0.000023
228 0.000024
229 0.000025
230 0.000023
231 0.000022
232 0.000024
233 0.000021
234 0.000022
235 0.000025
236 0.000023
237 0.000023
238 0.000021
239 0.000023
240 0.000022
241 0.000022
242 0.000019
243 0.000020
244 0.000022
245 0.000021
246 0.000020
247 0.000022
248 0.000019
249 0.000018
250 0.000021
251 0.000021
252 0.000019
253 0.000017
254 0.000020
255 0.000020
256 0.000018
257 0.000020
258 0.000021
259 0.000018
260 0.000019
261 0.000018
262 0.000020
263 0.000020
264 0.000020
265 0.000022
266 0.000021
267 0.000020
268 0.000020
269 0.000018
270 0.000017
271 0.000017
272 0.000018
273 0.000016
274 0.000016
275 0.000016
276 0.000017
277 0.000016
278 0.000018
279 0.000015
280 0.000016
281 0.000016
282 0.000016
283 0.000018
284 0.000020
285 0.000016
286 0.000016
287 0.000016
288 0.000014
289 0.000016
290 0.000015
291 0.000014
292 0.000016
293 0.000014
294 0.000015
295 0.000015
296 0.000014
297 0.000015
298 0.000016
299 0.000014
300 0.000014
301 0.000014
302 0.000014
303 0.000015
304 0.000017
305 0.000017
306 0.000015
307 0.000016
308 0.000014
309 0.000014
310 0.000012
311 0.000013
312 0.000014
313 0.000015
314 0.000015
315 0.000012
316 0.000014
317 0.000012
318 0.000011
319 0.000013
320 0.000013
321 0.000015
322 0.000013
323 0.000014
324 0.000014
325 0.000012
326 0.000014
327 0.000015
328 0.000013
329 0.000013
330 0.000012
331 0.000012
332 0.000012
333 0.000012
334 0.000012
335 0.000013
336 0.000012
337 0.000015
338 0.000011
339 0.000013
340 0.000012
341 0.000011
342 0.000011
343 0.000013
344 0.000011
345 0.000012
346 0.000011
347 0.000011
348 0.000011
349 0.000011
350 0.000011
351 0.000010
352 0.000011
353 0.000012
354 0.000011
355 0.000011
356 0.000010
357 0.000013
358 0.000010
359 0.000012
360 0.000011
361 0.000010
362 0.000014
363 0.000009
364 0.000012
365 0.000010
366 0.000011
367 0.000011
368 0.000010
369 0.000010
370 0.000013
371 0.000011
372 0.000009
373 0.000011
374 0.000009
375 0.000010
376 0.000008
377 0.000012
378 0.000009
379 0.000008
380 0.000009
381 0.000011
382 0.000009
383 0.000008
384 0.000009
385 0.000009
386 0.000010
387 0.000011
388 0.000010
389 0.000010
390 0.000010
391 0.000009
392 0.000010
393 0.000010
394 0.000008
395 0.000010
396 0.000009
397 0.000009
398 0.000008
399 0.000008
400 0.000008
401 0.000008
402 0.000009
403 0.000010
404 0.000009
405 0.000008
406 0.000010
407 0.000009
408 0.000010
409 0.000008
410 0.000008
411 0.000009
412 0.000008
413 0.000011
414 0.000007
415 0.000008
416 0.000008
417 0.000008
418 0.000008
419 0.000009
420 0.000009
421 0.000009
422 0.000010
423 0.000007
424 0.000008
425 0.000007
426 0.000007
427 0.000006
428 0.000008
429 0.000008
430 0.000008
431 0.000009
432 0.000008
433 0.000008
434 0.000008
435 0.000007
436 0.000007
437 0.000009
438 0.000008
439 0.000008
440 0.000009
441 0.000008
442 0.000007
443 0.000007
444 0.000007
445 0.000008
446 0.000008
447 0.000006
448 0.000007
449 0.000007
450 0.000008
451 0.000007
452 0.000007
453 0.000007
454 0.000006
455 0.000007
456 0.000008
457 0.000008
458 0.000007
459 0.000007
460 0.000008
461 0.000007
462 0.000007
463 0.000006
464 0.000007
465 0.000006
466 0.000006
467 0.000005
468 0.000007
469 0.000007
470 0.000007
471 0.000007
472 0.000007
473 0.000007
474 0.000006
475 0.000007
476 0.000005
477 0.000007
478 0.000006
479 0.000008
480 0.000006
481 0.000006
482 0.000006
483 0.000006
484 0.000005
485 0.000006
486 0.000006
487 0.000007
488 0.000007
489 0.000007
490 0.000005
491 0.000006
492 0.000005
493 0.000006
494 0.000006
495 0.000006
496 0.000005
497 0.000006
498 0.000006
499 0.000006
500 0.000007
501 0.000005
502 0.000006
503 0.000005
504 0.000007
505 0.000005
506 0.000005
507 0.000006
508 0.000006
509 0.000005
510 0.000007
511 0.000006
512 0.000005
513 0.000005
514 0.000004
515 0.000006
516 0.000006
517 0.000006
518 0.000005
519 0.000005
520 0.000005
521 0.000006
522 0.000005
523 0.000005
524 0.000005
525 0.000005
526 0.000006
527 0.000005
528 0.000005
529 0.000006
530 0.000006
531 0.000006
532 0.000005
533 0.000005
534 0.000006
535 0.000005
536 0.000005
537 0.000005
538 0.000005
539 0.000005
540 0.000005
541 0.000006
542 0.000005
543 0.000004
544 0.000005
545 0.000005
546 0.000004
547 0.000004
548 0.000005
549 0.000005
550 0.000005
551 0.000005
552 0.000006
553 0.000005
554 0.000004
555 0.000005
556 0.000005
557 0.000005
558 0.000006
559 0.000006
560 0.000005
561 0.000006
562 0.000005
563 0.000005
564 0.000006
565 0.000006
566 0.000005
567 0.000004
568 0.000005
569 0.000004
570 0.000005
571 0.000006
572 0.000004
573 0.000005
574 0.000005
575 0.000004
576 0.000005
577 0.000005
578 0.000005
579 0.000003
580 0.000005
581 0.000006
582 0.000005
583 0.000005
584 0.000005
585 0.000006
586 0.000005
587 0.000004
588 0.000005
589 0.000005
590 0.000005
591 0.000004
592 0.000004
593 0.000005
594 0.000004
595 0.000005
596 0.000005
597 0.000004
598 0.000005
599 0.000005
600 0.000005
601 0.000004
602 0.000005
603 0.000004
604 0.000003
605 0.000005
606 0.000004
607 0.000005
608 0.000005
609 0.000004
610 0.000004
611 0.000003
612 0.000005
613 0.000004
614 0.000004
615 0.000004
616 0.000004
617 0.000005
618 0.000004
619 0.000004
620 0.000005
621 0.000004
622 0.000004
623 0.000004
624 0.000004
625 0.000005
626 0.000005
627 0.000004
628 0.000004
629 0.000004
630 0.000003
631 0.000005
632 0.000005
633 0.000004
634 0.000004
635 0.000004
636 0.000004
637 0.000003
638 0.000004
639 0.000005
640 0.000003
641 0.000004
642 0.000004
643 0.000004
644 0.000004
645 0.000004
646 0.000003
647 0.000005
648 0.000003
649 0.000004
650 0.000004
651 0.000005
652 0.000004
653 0.000004
654 0.000004
655 0.000004
656 0.000003
657 0.000004
658 0.000003
659 0.000003
660 0.000004
661 0.000005
662 0.000003
663 0.000003
664 0.000004
665 0.000005
666 0.000004
667 0.000003
668 0.000004
669 0.000004
670 0.000004
671 0.000003
672 0.000004
673 0.000005
674 0.000004
675 0.000004
676 0.000004
677 0.000004
678 0.000004
679 0.000004
680 0.000005
681 0.000003
682 0.000003
683 0.000004
684 0.000003
685 0.000003
686 0.000004
687 0.000003
688 0.000003
689 0.000005
690 0.000003
691 0.000003
692 0.000004
693 0.000004
694 0.000004
695 0.000002
696 0.000004
697 0.000004
698 0.000003
699 0.000003
700 0.000004
701 0.000003
702 0.000003
703 0.000004
704 0.000003
705 0.000003
706 0.000003
707 0.000004
708 0.000003
709 0.000003
710 0.000003
711 0.000004
712 0.000004
713 0.000002
714 0.000003
715 0.000003
716 0.000003
717 0.000004
718 0.000003
719 0.000003
720 0.000002
721 0.000004
722 0.000004
723 0.000003
724 0.000003
725 0.000003
726 0.000004
727 0.000004
728 0.000003
729 0.000003
730 0.000003
731 0.000004
732 0.000003
733 0.000003
734 0.000004
735 0.000003
736 0.000003
737 0.000002
738 0.000003
739 0.000003
740 0.000003
741 0.000004
742 0.000004
743 0.000003
744 0.000002
745 0.000003
746 0.000004
747 0.000003
748 0.000003
749 0.000003
750 0.000003
751 0.000003
752 0.000002
753 0.000003
754 0.000003
755 0.000004
756 0.000003
757 0.000002
758 0.000003
759 0.000002
760 0.000004
761 0.000003
762 0.000004
763 0.000003
764 0.000002
765 0.000004
766 0.000002
767 0.000002
768 0.000003
769 0.000003
770 0.000003
771 0.000002
772 0.000003
773 0.000002
774 0.000004
775 0.000002
776 0.000003
777 0.000003
778 0.000003
779 0.000003
780 0.000003
781 0.000003
782 0.000003
783 0.000002
784 0.000002
785 0.000003
786 0.000003
787 0.000004
788 0.000002
789 0.000004
790 0.000003
791 0.000002
792 0.000003
793 0.000003
794 0.000003
795 0.000003
796 0.000002
797 0.000003
798 0.000002
799 0.000003
800 0.000002
801 0.000004
802 0.000003
803 0.000003
804 0.000003
805 0.000002
806 0.000002
807 0.000003
808 0.000002
809 0.000003
810 0.000003
811 0.000003
812 0.000002
813 0.000003
814 0.000003
815 0.000002
816 0.000003
817 0.000003
818 0.000003
819 0.000002
820 0.000002
821 0.000003
822 0.000002
823 0.000003
824 0.000002
825 0.000003
826 0.000002
827 0.000002
828 0.000003
829 0.000003
830 0.000002
831 0.000003
832 0.000002
833 0.000003
834 0.000003
835 0.000003
836 0.000003
837 0.000003
838 0.000002
839 0.000003
840 0.000002
841 0.000003
842 0.000003
843 0.000003
844 0.000003
845 0.000003
846 0.000003
847 0.000003
848 0.000003
849 0.000003
850 0.000002
851 0.000003
852 0.000003
853 0.000003
854 0.000002
855 0.000002
856 0.000002
857 0.000002
858 0.000002
859 0.000002
860 0.000003
861 0.000003
862 0.000003
863 0.000002
864 0.000002
865 0.000002
866 0.000002
867 0.000003
868 0.000003
869 0.000003
870 0.000003
871 0.000003
872 0.000003
873 0.000002
874 0.000002
875 0.000002
876 0.000002
877 0.000002
878 0.000003
879 0.000003
880 0.000003
881 0.000002
882 0.000002
883 0.000003
884 0.000003
885 0.000003
886 0.000003
887 0.000002
888 0.000001
889 0.000002
890 0.000003
891 0.000002
892 0.000002
893 0.000003
894 0.000002
895 0.000002
896 0.000003
897 0.000003
898 0.000003
899 0.000002
900 0.000001
901 0.000002
902 0.000002
903 0.000003
904 0.000002
905 0.000002
906 0.000002
907 0.000002
908 0.000003
909 0.000003
910 0.000002
911 0.000002
912 0.000002
913 0.000003
914 0.000002
915 0.000002
916 0.000002
917 0.000002
918 0.000003
919 0.000002
920 0.000001
921 0.000002
922 0.000002
923 0.000002
924 0.000002
925 0.000002
926 0.000002
927 0.000003
928 0.000002
929 0.000002
930 0.000002
931 0.000002
932 0.000003
933 0.000002
934 0.000001
935 0.000002
936 0.000002
937 0.000002
938 0.000002
939 0.000002
940 0.000002
941 0.000002
942 0.000002
943 0.000003
944 0.000002
945 0.000002
946 0.000002
947 0.000002
948 0.000002
949 0.000002
950 0.000002
951 0.000002
952 0.000003
953 0.000002
954 0.000002
955 0.000002
956 0.000002
957 0.000002
958 0.000002
959 0.000002
960 0.000002
961 0.000002
962 0.000002
963 0.000002
964 0.000002
965 0.000002
966 0.000002
967 0.000002
968 0.000002
969 0.000002
970 0.000002
971 0.000001
972 0.000002
973 0.000001
974 0.000001
975 0.000002
976 0.000002
977 0.000003
978 0.000002
979 0.000002
980 0.000002
981 0.000002
982 0.000001
983 0.000002
984 0.000003
985 0.000002
986 0.000002
987 0.000001
988 0.000001
989 0.000003
990 0.000001
991 0.000002
992 0.000001
993 0.000002
994 0.000001
995 0.000001
996 0.000003
997 0.000002
998 0.000002
999 0.000001
1000 0.000002
1001 0.000002
1002 0.000002
1003 0.000002
1004 0.000002
1005 0.000002
1006 0.000002
1007 0.000001
1008 0.000002
1009 0.000002
1010 0.000002
1011 0.000001
1012 0.000002
1013 0.000002
1014 0.000002
1015 0.000002
1016 0.000002
1017 0.000001
1018 0.000003
1019 0.000003
1020 0.000002
1021 0.000002
1022 0.000002
1023 0.000001
1024 0.000003
1025 0.000002
1026 0.000002
1027 0.000002
1028 0.000002
1029 0.000002
1030 0.000002
1031 0.000002
1032 0.000003
1033 0.000002
1034 0.000002
1035 0.000002
1036 0.000002
1037 0.000002
1038 0.000001
1039 0.000001
1040 0.000002
1041 0.000001
1042 0.000001
1043 0.000002
1044 0.000001
1045 0.000002
1046 0.000002
1047 0.000003
1048 0.000001
1049 0.000002
1050 0.000001
1051 0.000001
1052 0.000001
1053 0.000002
1054 0.000002
1055 0.000002
1056 0.000001
1057 0.000001
1058 0.000002
1059 0.000002
1060 0.000002
1061 0.000002
1062 0.000002
1063 0.000002
1064 0.000002
1065 0.000002
1066 0.000002
1067 0.000002
1068 0.000001
1069 0.000001
1070 0.000001
1071 0.000001
1072 0.000002
1073 0.000002
1074 0.000002
1075 0.000002
1076 0.000002
1077 0.000002
1078 0.000002
1079 0.000001
1080 0.000001
1081 0.000002
1082 0.000002
1083 0.000001
1084 0.000002
1085 0.000002
1086 0.000001
1087 0.000002
1088 0.000002
1089 0.000002
1090 0.000001
1091 0.000002
1092 0.000001
1093 0.000002
1094 0.000002
1095 0.000001
1096 0.000001
1097 0.000001
1098 0.000002
1099 0.000001
1100 0.000001
1101 0.000001
1102 0.000001
1103 0.000001
1104 0.000001
1105 0.000001
1106 0.000002
1107 0.000001
1108 0.000002
1109 0.000001
1110 0.000001
1111 0.000002
1112 0.000001
1113 0.000001
1114 0.000001
1115 0.000001
1116 0.000001
1117 0.000001
1118 0.000002
1119 0.000001
1120 0.000001
1121 0.000001
1122 0.000002
1123 0.000001
1124 0.000001
1125 0.000002
1126 0.000001
1127 0.000001
1128 0.000002
1129 0.000001
1130 0.000002
1131 0.000001
1132 0.000001
1133 0.000001
1134 0.000001
1135 0.000001
1136 0.000001
1137 0.000001
1138 0.000001
1139 0.000001
1140 0.000002
1141 0.000001
1142 0.000001
1143 0.000001
1144 0.000001
1145 0.000001
1146 0.000001
1147 0.000002
1148 0.000001
1149 0.000002
1150 0.000001
1151 0.000001
1152 0.000002
1153 0.000001
1154 0.000002
1155 0.000001
1156 0.000001
1157 0.000001
1158 0.000001
1159 0.000001
1160 0.000002
1161 0.000001
1162 0.000001
1163 0.000001
1164 0.000001
1165 0.000002
1166 0.000001
1167 0.000002
1168 0.000002
1169 0.000001
1170 0.000001
1171 0.000002
1172 0.000001
1173 0.000001
1174 0.000001
1175 0.000001
1176 0.000001
1177 0.000002
1178 0.000001
1179 0.000001
1180 0.000001
1181 0.000002
1182 0.000001
1183 0.000001
1184 0.000001
1185 0.000001
1186 0.000002
1187 0.000001
1188 0.000002
1189 0.000001
1190 0.000002
1191 0.000001
1192 0.000001
1193 0.000001
1194 0.000001
1195 0.000001
1196 0.000001
1197 0.000002
1198 0.000001
1199 0.000001
1200 0.000002
1201 0.000002
1202 0.000001
1203 0.000001
1204 0.000002
1205 0.000002
1206 0.000001
1207 0.000001
1208 0.000001
1209 0.000001
1210 0.000001
1211 0.000001
1212 0.000002
1213 0.000001
1214 0.000001
1215 0.000001
1216 0.000001
1217 0.000001
1218 0.000001
1219 0.000001
1220 0.000001
1221 0.000001
1222 0.000001
1223 0.000001
1224 0.000001
1225 0.000001
1226 0.000001
1227 0.000001
1228 0.000001
1229 0.000001
1230 0.000001
1231 0.000001
1232 0.000002
1233 0.000001
1234 0.000001
1235 0.000001
1236 0.000001
1237 0.000001
1238 0.000002
1239 0.000001
1240 0.000001
1241 0.000001
1242 0.000001
1243 0.000001
1244 0.000001
1245 0.000001
1246 0.000001
1247 0.000001
1248 0.000002
1249 0.000001
1250 0.000001
1251 0.000001
1252 0.000001
1253 0.000001
1254 0.000001
1255 0.000001
1256 0.000001
1257 0.000001
1258 0.000002
1259 0.000001
1260 0.000001
1261 0.000001
1262 0.000001
1263 0.000001
1264 0.000001
1265 0.000001
1266 0.000001
1267 0.000002
1268 0.000001
1269 0.000001
1270 0.000001
1271 0.000001
1272 0.000001
1273 0.000001
1274 0.000001
1275 0.000001
1276 0.000000
1277 0.000001
1278 0.000001
1279 0.000001
1280 0.000001
1281 0.000001
1282 0.000001
1283 0.000001
1284 0.000001
1285 0.000001
1286 0.000001
1287 0.000001
1288 0.000001
1289 0.000000
1290 0.000001
1291 0.000001
1292 0.000001
1293 0.000001
1294 0.000002
1295 0.000001
1296 0.000001
1297 0.000001
1298 0.000001
1299 0.000001
1300 0.000001
1301 0.000001
1302 0.000001
1303 0.000001
1304 0.000001
1305 0.000001
1306 0.000001
1307 0.000001
1308 0.000001
1309 0.000001
1310 0.000001
1311 0.000000
1312 0.000001
1313 0.000001
1314 0.000001
1315 0.000001
1316 0.000000
1317 0.000001
1318 0.000001
1319 0.000001
1320 0.000001
1321 0.000001
1322 0.000000
1323 0.000001
1324 0.000001
1325 0.000001
1326 0.000001
1327 0.000001
1328 0.000001
1329 0.000000
1330 0.000001
1331 0.000001
1332 0.000001
1333 0.000001
1334 0.000001
1335 0.000001
1336 0.000001
1337 0.000001
1338 0.000000
1339 0.000001
1340 0.000001
1341 0.000000
1342 0.000001
1343 0.000001
1344 0.000001
1345 0.000001
1346 0.000001
1347 0.000001
1348 0.000001
1349 0.000001
1350 0.000001
1351 0.000001
1352 0.000000
1353 0.000001
1354 0.000000
1355 0.000000
1356 0.000001
1357 0.000001
1358 0.000001
1359 0.000001
1360 0.000000
1361 0.000001
1362 0.000001
1363 0.000000
1364 0.000001
1365 0.000001
1366 0.000002
1367 0.000001
1368 0.000002
1369 0.000001
1370 0.000001
1371 0.000001
1372 0.000000
1373 0.000001
1374 0.000001
1375 0.000001
1376 0.000000
1377 0.000001
1378 0.000001
1379 0.000001
1380 0.000000
1381 0.000001
1382 0.000001
1383 0.000001
1384 0.000001
1385 0.000001
1386 0.000001
1387 0.000000
1388 0.000001
1389 0.000000
1390 0.000001
1391 0.000001
1392 0.000001
1393 0.000001
1394 0.000001
1395 0.000000
1396 0.000001
1397 0.000000
1398 0.000001
1399 0.000001
1400 0.000000
1401 0.000000
1402 0.000001
1403 0.000000
1404 0.000001
1405 0.000001
1406 0.000001
1407 0.000001
1408 0.000000
1409 0.000001
1410 0.000001
1411 0.000000
1412 0.000001
1413 0.000000
1414 0.000000
1415 0.000001
1416 0.000001
1417 0.000001
1418 0.000000
1419 0.000001
1420 0.000001
1421 0.000001
1422 0.000001
1423 0.000001
1424 0.000000
1425 0.000001
1426 0.000000
1427 0.000001
1428 0.000001
1429 0.000001
1430 0.000001
1431 0.000001
1432 0.000001
1433 0.000001
1434 0.000001
1435 0.000001
1436 0.000001
1437 0.000001
1438 0.000000
1439 0.000001
1440 0.000000
1441 0.000001
1442 0.000000
1443 0.000000
1444 0.000001
1445 0.000001
1446 0.000001
1447 0.000001
1448 0.000001
1449 0.000000
1450 0.000000
1451 0.000001
1452 0.000001
1453 0.000001
1454 0.000000
1455 0.000001
1456 0.000000
1457 0.000000
1458 0.000000
1459 0.000000
1460 0.000001
1461 0.000000
1462 0.000001
1463 0.000000
1464 0.000000
1465 0.000000
1466 0.000000
1467 0.000000
1468 0.000000
1469 0.000001
1470 0.000000
1471 0.000000
1472 0.000000
1473 0.000001
1474 0.000000
1475 0.000001
1476 0.000001
1477 0.000001
1478 0.000001
1479 0.000001
1480 0.000000
1481 0.000000
1482 0.000000
1483 0.000000
1484 0.000000
1485 0.000001
1486 0.000000
1487 0.000001
1488 0.000001
1489 0.000000
1490 0.000000
1491 0.000001
1492 0.000000
1493 0.000000
1494 0.000000
1495 0.000000
1496 0.000000
1497 0.000001
1498 0.000000
1499 0.000000
1500 0.000000
1501 0.000000
1502 0.000001
1503 0.000000
1504 0.000000
1505 0.000001
1506 0.000001
1507 0.000000
1508 0.000001
1509 0.000000
1510 0.000000
1511 0.000001
1512 0.000001
1513 0.000000
1514 0.000000
1515 0.000000
1516 0.000000
1517 0.000000
1518 0.000001
1519 0.000000
1520 0.000000
1521 0.000001
1522 0.000000
1523 0.000001
1524 0.000001
1525 0.000000
1526 0.000001
1527 0.000000
1528 0.000001
1529 0.000001
1530 0.000001
1531 0.000001
1532 0.000001
1533 0.000001
1534 0.000001
1535 0.000000
1536 0.000000
1537 0.000001
1538 0.000000
1539 0.000000
1540 0.000000
1541 0.000000
1542 0.000001
1543 0.000001
1544 0.000000
1545 0.000001
1546 0.000000
1547 0.000000
1548 0.000000
1549 0.000000
1550 0.000001
1551 0.000001
1552 0.000000
1553 0.000000
1554 0.000000
1555 0.000000
1556 0.000000
1557 0.000001
1558 0.000000
1559 0.000000
1560 0.000000
1561 0.000001
1562 0.000001
1563 0.000001
1564 0.000000
1565 0.000000
1566 0.000000
1567 0.000001
1568 0.000000
1569 0.000000
1570 0.000000
1571 0.000000
1572 0.000000
1573 0.000001
1574 0.000000
1575 0.000000
1576 0.000001
1577 0.000000
1578 0.000000
1579 0.000000
1580 0.000000
1581 0.000000
1582 0.000000
1583 0.000000
1584 0.000000
1585 0.000001
1586 0.000000
1587 0.000001
1588 0.000001
1589 0.000000
1590 0.000001
1591 0.000000
1592 0.000000
1593 0.000001
1594 0.000000
1595 0.000001
1596 0.000000
1597 0.000000
1598 0.000000
1599 0.000000
1600 0.000000
1601 0.000000
1602 0.000000
1603 0.000000
1604 0.000000
1605 0.000000
1606 0.000000
1607 0.000000
1608 0.000000
1609 0.000000
1610 0.000001
1611 0.000000
1612 0.000001
1613 0.000000
1614 0.000000
1615 0.000001
1616 0.000000
1617 0.000000
1618 0.000000
1619 0.000000
1620 0.000000
1621 0.000000
1622 0.000000
1623 0.000000
1624 0.000000
1625 0.000000
1626 0.000000
1627 0.000000
1628 0.000000
1629 0.000000
1630 0.000000
1631 0.000000
1632 0.000001
1633 0.000000
1634 0.000000
1635 0.000000
1636 0.000000
1637 0.000000
1638 0.000000
1639 0.000001
1640 0.000000
1641 0.000000
1642 0.000000
1643 0.000000
1644 0.000000
1645 0.000000
1646 0.000000
1647 0.000000
1648 0.000001
1649 0.000000
1650 0.000000
1651 0.000000
1652 0.000000
1653 0.000000
1654 0.000000
1655 0.000000
1656 0.000000
1657 0.000000
1658 0.000000
1659 0.000000
1660 0.000000
1661 0.000000
1662 0.000000
1663 0.000000
1664 0.000000
1665 0.000000
1666 0.000000
1667 0.000000
1668 0.000000
1669 0.000000
1670 0.000000
1671 0.000000
1672 0.000000
1673 0.000000
1674 0.000000
1675 0.000000
1676 0.000000
1677 0.000000
1678 0.000000
1679 0.000000
1680 0.000000
1681 0.000000
1682 0.000000
1683 0.000000
1684 0.000000
1685 0.000001
1686 0.000000
1687 0.000000
1688 0.000000
1689 0.000000
1690 0.000000
1691 0.000000
1692 0.000000
1693 0.000000
1694 0.000000
1695 0.000000
1696 0.000000
1697 0.000000
1698 0.000000
1699 0.000000
1700 0.000000
1701 0.000000
1702 0.000000
1703 0.000000
1704 0.000000
1705 0.000000
1706 0.000000
1707 0.000000
1708 0.000000
1709 0.000000
1710 0.000000
1711 0.000000
1712 0.000001
1713 0.000000
1714 0.000000
1715 0.000000
1716 0.000000
1717 0.000000
1718 0.000000
1719 0.000000
1720 0.000000
1721 0.000000
1722 0.000000
1723 0.000000
1724 0.000001
1725 0.000000
1726 0.000000
1727 0.000000
1728 0.000001
1729 0.000000
1730 0.000000
1731 0.000000
1732 0.000000
1733 0.000000
1734 0.000000
1735 0.000000
1736 0.000000
1737 0.000000
1738 0.000000
1739 0.000000
1740 0.000000
1741 0.000000
1742 0.000000
1743 0.000000
1744 0.000000
1745 0.000000
1746 0.000000
1747 0.000000
1748 0.000000
1749 0.000000
1750 0.000000
1751 0.000000
1752 0.000000
1753 0.000000
1754 0.000000
1755 0.000000
1756 0.000000
1757 0.000000
1758 0.000000
1759 0.000000
1760 0.000000
1761 0.000000
1762 0.000000
1763 0.000000
1764 0.000000
1765 0.000000
1766 0.000000
1767 0.000000
1768 0.000000
1769 0.000000
1770 0.000000
1771 0.000000
1772 0.000000
1773 0.000000
1774 0.000000
1775 0.000000
1776 0.000000
1777 0.000000
1778 0.000000
1779 0.000000
1780 0.000000
1781 0.000000
1782 0.000000
1783 0.000000
1784 0.000000
1785 0.000000
1786 0.000000
1787 0.000000
1788 0.000000
1789 0.000000
1790 0.000000
1791 0.000000
1792 0.000000
1793 0.000000
1794 0.000000
1795 0.000000
1796 0.000000
1797 0.000000
1798 0.000000
1799 0.000000
1800 0.000000
1801 0.000000
1802 0.000000
1803 0.000000
1804 0.000000
1805 0.000000
1806 0.000000
1807 0.000000
1808 0.000000
1809 0.000000
1810 0.000000
1811 0.000000
1812 0.000000
1813 0.000000
1814 0.000000
1815 0.000000
1816 0.000000
1817 0.000000
1818 0.000000
1819 0.000000
1820 0.000000
1821 0.000000
1822 0.000000
1823 0.000000
1824 0.000000
1825 0.000000
1826 0.000000
1827 0.000000
1828 0.000000
1829 0.000000
1830 0.000000
1831 0.000000
1832 0.000000
1833 0.000000
1834 0.000000
1835 0.000000
1836 0.000000
1837 0.000000
1838 0.000000
1839 0.000000
1840 0.000000
1841 0.000000
1842 0.000000
1843 0.000000
1844 0.000000
1845 0.000000
1846 0.000000
1847 0.000000
1848 0.000000
1849 0.000000
1850 0.000000
1851 0.000000
1852 0.000000
1853 0.000000
1854 0.000000
1855 0.000000
1856 0.000000
1857 0.000000
1858 0.000000
1859 0.000000
1860 0.000000
1861 0.000000
1862 0.000000
1863 0.000000
1864 0.000000
1865 0.000000
1866 0.000000
1867 0.000000
1868 0.000000
1869 0.000000
1870 0.000000
1871 0.000000
1872 0.000000
1873 0.000000
1874 0.000000
1875 0.000000
1876 0.000000
1877 0.000000
1878 0.000000
1879 0.000000
1880 0.000000
1881 0.000000
1882 0.000000
1883 0.000000
1884 0.000000
1885 0.000000
1886 0.000000
1887 0.000000
1888 0.000000
1889 0.000000
1890 0.000000
1891 0.000000
1892 0.000000
1893 0.000000
1894 0.000000
1895 0.000000
1896 0.000000
1897 0.000000
1898 0.000000
1899 0.000000
1900 0.000000
1901 0.000000
1902 0.000000
1903 0.000000
1904 0.000000
1905 0.000000
1906 0.000000
1907 0.000000
1908 0.000000
1909 0.000000
1910 0.000000
1911 0.000000
1912 0.000000
1913 0.000000
1914 0.000000
1915 0.000000
1916 0.000000
1917 0.000000
1918 0.000000
1919 0.000000
1920 0.000000
1921 0.000000
1922 0.000000
1923 0.000000
1924 0.000000
1925 0.000000
1926 0.000000
1927 0.000000
1928 0.000000
1929 0.000000
1930 0.000000
1931 0.000000
1932 0.000000
1933 0.000000
1934 0.000000
1935 0.000000
1936 0.000000
1937 0.000000
1938 0.000000
1939 0.000000
1940 0.000000
1941 0.000000
1942 0.000000
1943 0.000000
1944 0.000000
1945 0.000000
1946 0.000000
1947 0.000000
1948 0.000000
1949 0.000000
1950 0.000000
1951 0.000000
1952 0.000000
1953 0.000000
1954 0.000000
1955 0.000000
1956 0.000000
1957 0.000000
1958 0.000000
1959 0.000000
1960 0.000000
1961 0.000000
1962 0.000000
1963 0.000000
1964 0.000000
1965 0.000000
1966 0.000000
1967 0.000000
1968 0.000000
1969 0.000000
1970 0.000000
1971 0.000000
1972 0.000000
1973 0.000000
1974 0.000000
1975 0.000000
1976 0.000000
1977 0.000000
1978 0.000000
1979 0.000000
1980 0.000000
1981 0.000000
1982 0.000000
1983 0.000000
1984 0.000000
1985 0.000000
1986 0.000000
1987 0.000000
1988 0.000000
1989 0.000000
1990 0.000000
1991 0.000000
1992 0.000000
1993 0.000000
1994 0.000000
1995 0.000000
1996 0.000000
1997 0.000000
1998 0.000000
1999 0.000000
2000 0.000000
2001 0.000000
2002 0.000000
2003 0.000000
2004 0.000000
2005 0.000000
2006 0.000000
2007 0.000000
2008 0.000000
2009 0.000000
2010 0.000000
2011 0.000000
2012 0.000000
2013 0.000000
2014 0.000000
2015 0.000000
2016 0.000000
2017 0.000000
2018 0.000000
2019 0.000000
2020 0.000000
2021 0.000000
2022 0.000000
2023 0.000000
2024 0.000000
2025 0.000000
2026 0.000000
2027 0.000000
2028 0.000000
2029 0.000000
2030 0.000000
2031 0.000000
2032 0.000000
2033 0.000000
2034 0.000000
2035 0.000000
2036 0.000000
2037 0.000000
2038 0.000000
2039 0.000000
2040 0.000000
2041 0.000000
2042 0.000000
2043 0.000000
2044 0.000000
2045 0.000000
2046 0.000000
2047 0.000000
2048 0.000000
2049 0.000000
2050 0.000000
2051 0.000000
2052 0.000000
2053 0.000000
2054 0.000000
2055 0.000000
2056 0.000000
2057 0.000000
2058 0.000000
2059 0.000000
2060 0.000000
2061 0.000000
2062 0.000000
2063 0.000000
2064 0.000000
2065 0.000000
2066 0.000000
2067 0.000000
2068 0.000000
2069 0.000000
2070 0.000000
2071 0.000000
2072 0.000000
2073 0.000000
2074 0.000000
2075 0.000000
2076 0.000000
2077 0.000000
2078 0.000000
2079 0.000000
2080 0.000000
2081 0.000000
2082 0.000000
2083 0.000000
2084 0.000000
2085 0.000000
2086 0.000000
2087 0.000000
2088 0.000000
2089 0.000000
2090 0.000000
2091 0.000000
2092 0.000000
2093 0.000000
2094 0.000000
2095 0.000000
2096 0.000000
2097 0.000000
2098 0.000000
2099 0.000000
2100 0.000000
2101 0.000000
2102 0.000000
2103 0.000000
2104 0.000000
2105 0.000000
2106 0.000000
2107 0.000000
2108 0.000000
2109 0.000000
2110 0.000000
2111 0.000000
2112 0.000000
2113 0.000000
2114 0.000000
2115 0.000000
2116 0.000000
2117 0.000000
2118 0.000000
2119 0.000000
2120 0.000000
2121 0.000000
2122 0.000000
2123 0.000000
2124 0.000000
2125 0.000000
2126 0.000000
2127 0.000000
2128 0.000000
2129 0.000000
2130 0.000000
2131 0.000000
2132 0.000000
2133 0.000000
2134 0.000000
2135 0.000000
2136 0.000000
2137 0.000000
2138 0.000000
2139 0.000000
2140 0.000000
2141 0.000000
2142 0.000000
2143 0.000000
2144 0.000000
2145 0.000000
2146 0.000000
2147 0.000000
2148 0.000000
2149 0.000000
2150 0.000000
2151 0.000000
2152 0.000000
2153 0.000000
2154 0.000000
2155 0.000000
2156 0.000000
2157 0.000000
2158 0.000000
2159 0.000000
2160 0.000000
2161 0.000000
2162 0.000000
2163 0.000000
2164 0.000000
2165 0.000000
2166 0.000000
2167 0.000000
2168 0.000000
2169 0.000000
2170 0.000000
2171 0.000000
2172 0.000000
2173 0.000000
2174 0.000000
2175 0.000000
2176 0.000000
2177 0.000000
2178 0.000000
2179 0.000000
2180 0.000000
2181 0.000000
2182 0.000000
2183 0.000000
2184 0.000000
2185 0.000000
2186 0.000000
2187 0.000000
2188 0.000000
2189 0.000000
2190 0.000000
2191 0.000000
2192 0.000000
2193 0.000000
2194 0.000000
2195 0.000000
2196 0.000000
2197 0.000000
2198 0.000000
2199 0.000000
2200 0.000000
2201 0.000000
2202 0.000000
2203 0.000000
2204 0.000000
2205 0.000000
2206 0.000000
2207 0.000000
2208 0.000000
2209 0.000000
2210 0.000000
2211 0.000000
2212 0.000000
2213 0.000000
2214 0.000000
2215 0.000000
2216 0.000000
2217 0.000000
2218 0.000000
2219 0.000000
2220 0.000000
2221 0.000000
2222 0.000000
2223 0.000000
2224 0.000000
2225 0.000000
2226 0.000000
2227 0.000000
2228 0.000000
2229 0.000000
2230 0.000000
2231 0.000000
2232 0.000000
2233 0.000000
2234 0.000000
2235 0.000000
2236 0.000000
2237 0.000000
2238 0.000000
2239 0.000000
2240 0.000000
2241 0.000000
2242 0.000000
2243 0.000000
2244 0.000000
2245 0.000000
2246 0.000000
2247 0.000000
2248 0.000000
2249 0.000000
2250 0.000000
2251 0.000000
2252 0.000000
2253 0.000000
2254 0.000000
2255 0.000000
2256 0.000000
2257 0.000000
2258 0.000000
2259 0.000000
2260 0.000000
2261 0.000000
2262 0.000000
2263 0.000000
2264 0.000000
2265 0.000000
2266 0.000000
2267 0.000000
2268 0.000000
2269 0.000000
2270 0.000000
2271 0.000000
2272 0.000000
2273 0.000000
2274 0.000000
2275 0.000000
2276 0.000000
2277 0.000000
2278 0.000000
2279 0.000000
2280 0.000000
2281 0.000000
2282 0.000000
2283 0.000000
2284 0.000000
2285 0.000000
2286 0.000000
2287 0.000000
2288 0.000000
2289 0.000000
2290 0.000000
2291 0.000000
2292 0.000000
2293 0.000000
2294 0.000000
2295 0.000000
2296 0.000000
2297 0.000000
2298 0.000000
2299 0.000000
2300 0.000000
2301 0.000000
2302 0.000000
2303 0.000000
2304 0.000000
2305 0.000000
2306 0.000000
2307 0.000000
2308 0.000000
2309 0.000000
2310 0.000000
2311 0.000000
2312 0.000000
2313 0.000000
2314 0.000000
2315 0.000000
2316 0.000000
2317 0.000000
2318 0.000000
2319 0.000000
2320 0.000000
2321 0.000000
2322 0.000000
2323 0.000000
2324 0.000000
2325 0.000000
2326 0.000000
2327 0.000000
2328 0.000000
2329 0.000000
2330 0.000000
2331 0.000000
2332 0.000000
2333 0.000000
2334 0.000000
2335 0.000000
2336 0.000000
2337 0.000000
2338 0.000000
2339 0.000000
2340 0.000000
2341 0.000000
2342 0.000000
2343 0.000000
2344 0.000000
2345 0.000000
2346 0.000000
2347 0.000000
2348 0.000000
2349 0.000000
2350 0.000000
2351 0.000000
2352 0.000000
2353 0.000000
2354 0.000000
2355 0.000000
2356 0.000000
2357 0.000000
2358 0.000000
2359 0.000000
2360 0.000000
2361 0.000000
2362 0.000000
2363 0.000000
2364 0.000000
2365 0.000000
2366 0.000000
2367 0.000000
2368 0.000000
2369 0.000000
2370 0.000000
2371 0.000000
2372 0.000000
2373 0.000000
2374 0.000000
2375 0.000000
2376 0.000000
2377 0.000000
2378 0.000000
2379 0.000000
2380 0.000000
2381 0.000000
2382 0.000000
2383 0.000000
2384 0.000000
2385 0.000000
2386 0.000000
2387 0.000000
2388 0.000000
2389 0.000000
2390 0.000000
2391 0.000000
2392 0.000000
2393 0.000000
2394 0.000000
2395 0.000000
2396 0.000000
2397 0.000000
2398 0.000000
2399 0.000000
2400 0.000000
2401 0.000000
2402 0.000000
2403 0.000000
2404 0.000000
2405 0.000000
2406 0.000000
2407 0.000000
2408 0.000000
2409 0.000000
2410 0.000000
2411 0.000000
2412 0.000000
2413 0.000000
2414 0.000000
2415 0.000000
2416 0.000000
2417 0.000000
2418 0.000000
2419 0.000000
2420 0.000000
2421 0.000000
2422 0.000000
2423 0.000000
2424 0.000000
2425 0.000000
2426 0.000000
2427 0.000000
2428 0.000000
2429 0.000000
2430 0.000000
2431 0.000000
2432 0.000000
2433 0.000000
2434 0.000000
2435 0.000000
2436 0.000000
2437 0.000000
2438 0.000000
2439 0.000000
2440 0.000000
2441 0.000000
2442 0.000000
2443 0.000000
2444 0.000000
2445 0.000000
2446 0.000000
2447 0.000000
2448 0.000000
2449 0.000000
2450 0.000000
2451 0.000000
2452 0.000000
2453 0.000000
2454 0.000000
2455 0.000000
2456 0.000000
2457 0.000000
2458 0.000000
2459 0.000000
2460 0.000000
2461 0.000000
2462 0.000000
2463 0.000000
2464 0.000000
2465 0.000000
2466 0.000000
2467 0.000000
2468 0.000000
2469 0.000000
2470 0.000000
2471 0.000000
2472 0.000000
2473 0.000000
2474 0.000000
2475 0.000000
2476 0.000000
2477 0.000000
2478 0.000000
2479 0.000000
2480 0.000000
2481 0.000000
2482 0.000000
2483 0.000000
2484 0.000000
2485 0.000000
2486 0.000000
2487 0.000000
2488 0.000000
2489 0.000000
2490 0.000000
2491 0.000000
2492 0.000000
2493 0.000000
2494 0.000000
2495 0.000000
2496 0.000000
2497 0.000000
2498 0.000000
2499 0.000000
2500 0.000000
2501 0.000000
2502 0.000000
2503 0.000000
2504 0.000000
2505 0.000000
2506 0.000000
2507 0.000000
2508 0.000000
2509 0.000000
2510 0.000000
2511 0.000000
2512 0.000000
2513 0.000000
2514 0.000000
2515 0.000000
2516 0.000000
2517 0.000000
2518 0.000000
2519 0.000000
2520 0.000000
2521 0.000000
2522 0.000000
2523 0.000000
2524 0.000000
2525 0.000000
2526 0.000000
2527 0.000000
2528 0.000000
2529 0.000000
2530 0.000000
2531 0.000000
2532 0.000000
2533 0.000000
2534 0.000000
2535 0.000000
2536 0.000000
2537 0.000000
2538 0.000000
2539 0.000000
2540 0.000000
2541 0.000000
2542 0.000000
2543 0.000000
2544 0.000000
2545 0.000000
2546 0.000000
2547 0.000000
2548 0.000000
2549 0.000000
2550 0.000000
2551 0.000000
2552 0.000000
2553 0.000000
2554 0.000000
2555 0.000000
2556 0.000000
2557 0.000000
2558 0.000000
2559 0.000000
2560 0.000000
2561 0.000000
2562 0.000000
2563 0.000000
2564 0.000000
2565 0.000000
2566 0.000000
2567 0.000000
2568 0.000000
2569 0.000000
2570 0.000000
2571 0.000000
2572 0.000000
2573 0.000000
2574 0.000000
2575 0.000000
2576 0.000000
2577 0.000000
2578 0.000000
2579 0.000000
2580 0.000000
2581 0.000000
2582 0.000000
2583 0.000000
2584 0.000000
2585 0.000000
2586 0.000000
2587 0.000000
2588 0.000000
2589 0.000000
2590 0.000000
2591 0.000000
2592 0.000000
2593 0.000000
2594 0.000000
2595 0.000000
2596 0.000000
2597 0.000000
2598 0.000000
2599 0.000000
2600 0.000000
2601 0.000000
2602 0.000000
2603 0.000000
2604 0.000000
2605 0.000000
2606 0.000000
2607 0.000000
2608 0.000000
2609 0.000000
2610 0.000000
2611 0.000000
2612 0.000000
2613 0.000000
2614 0.000000
2615 0.000000
2616 0.000000
2617 0.000000
2618 0.000000
2619 0.000000
2620 0.000000
2621 0.000000
2622 0.000000
2623 0.000000
2624 0.000000
2625 0.000000
2626 0.000000
2627 0.000000
2628 0.000000
2629 0.000000
2630 0.000000
2631 0.000000
2632 0.000000
2633 0.000000
2634 0.000000
2635 0.000000
2636 0.000000
2637 0.000000
2638 0.000000
2639 0.000000
2640 0.000000
2641 0.000000
2642 0.000000
2643 0.000000
2644 0.000000
2645 0.000000
2646 0.000000
2647 0.000000
2648 0.000000
2649 0.000000
2650 0.000000
2651 0.000000
2652 0.000000
2653 0.000000
2654 0.000000
2655 0.000000
2656 0.000000
2657 0.000000
2658 0.000000
2659 0.000000
2660 0.000000
2661 0.000000
2662 0.000000
2663 0.000000
2664 0.000000
2665 0.000000
2666 0.000000
2667 0.000000
2668 0.000000
2669 0.000000
2670 0.000000
2671 0.000000
2672 0.000000
2673 0.000000
2674 0.000000
2675 0.000000
2676 0.000000
2677 0.000000
2678 0.000000
2679 0.000000
2680 0.000000
2681 0.000000
2682 0.000000
2683 0.000000
2684 0.000000
2685 0.000000
2686 0.000000
2687 0.000000
2688 0.000000
2689 0.000000
2690 0.000000
2691 0.000000
2692 0.000000
2693 0.000000
2694 0.000000
2695 0.000000
2696 0.000000
2697 0.000000
2698 0.000000
2699 0.000000
2700 0.000000
2701 0.000000
2702 0.000000
2703 0.000000
2704 0.000000
2705 0.000000
2706 0.000000
2707 0.000000
2708 0.000000
2709 0.000000
2710 0.000000
2711 0.000000
2712 0.000000
2713 0.000000
2714 0.000000
2715 0.000000
2716 0.000000
2717 0.000000
2718 0.000000
2719 0.000000
2720 0.000000
2721 0.000000
2722 0.000000
2723 0.000000
2724 0.000000
2725 0.000000
2726 0.000000
2727 0.000000
2728 0.000000
2729 0.000000
2730 0.000000
2731 0.000000
2732 0.000000
2733 0.000000
2734 0.000000
2735 0.000000
2736 0.000000
2737 0.000000
2738 0.000000
2739 0.000000
2740 0.000000
2741 0.000000
2742 0.000000
2743 0.000000
2744 0.000000
2745 0.000000
2746 0.000000
2747 0.000000
2748 0.000000
2749 0.000000
2750 0.000000
2751 0.000000
2752 0.000000
2753 0.000000
2754 0.000000
2755 0.000000
2756 0.000000
2757 0.000000
2758 0.000000
2759 0.000000
2760 0.000000
2761 0.000000
2762 0.000000
2763 0.000000
2764 0.000000
2765 0.000000
2766 0.000000
2767 0.000000
2768 0.000000
2769 0.000000
2770 0.000000
2771 0.000000
2772 0.000000
2773 0.000000
2774 0.000000
2775 0.000000
2776 0.000000
2777 0.000000
2778 0.000000
2779 0.000000
2780 0.000000
2781 0.000000
2782 0.000000
2783 0.000000
2784 0.000000
2785 0.000000
2786 0.000000
2787 0.000000
2788 0.000000
2789 0.000000
2790 0.000000
2791 0.000000
2792 0.000000
2793 0.000000
2794 0.000000
2795 0.000000
2796 0.000000
2797 0.000000
2798 0.000000
2799 0.000000
2800 0.000000
2801 0.000000
2802 0.000000
2803 0.000000
2804 0.000000
2805 0.000000
2806 0.000000
2807 0.000000
2808 0.000000
2809 0.000000
2810 0.000000
2811 0.000000
2812 0.000000
2813 0.000000
2814 0.000000
2815 0.000000
2816 0.000000
2817 0.000000
2818 0.000000
2819 0.000000
2820 0.000000
2821 0.000000
2822 0.000000
2823 0.000000
2824 0.000000
2825 0.000000
2826 0.000000
2827 0.000000
2828 0.000000
2829 0.000000
2830 0.000000
2831 0.000000
2832 0.000000
2833 0.000000
2834 0.000000
2835 0.000000
2836 0.000000
2837 0.000000
2838 0.000000
2839 0.000000
2840 0.000000
2841 0.000000
2842 0.000000
2843 0.000000
2844 0.000000
2845 0.000000
2846 0.000000
2847 0.000000
2848 0.000000
2849 0.000000
2850 0.000000
2851 0.000000
2852 0.000000
2853 0.000000
2854 0.000000
2855 0.000000
2856 0.000000
2857 0.000000
2858 0.000000
2859 0.000000
2860 0.000000
2861 0.000000
2862 0.000000
2863 0.000000
2864 0.000000
2865 0.000000
2866 0.000000
2867 0.000000
2868 0.000000
2869 0.000000
2870 0.000000
2871 0.000000
2872 0.000000
2873 0.000000
2874 0.000000
2875 0.000000
2876 0.000000
2877 0.000000
2878 0.000000
2879 0.000000
2880 0.000000
2881 0.000000
2882 0.000000
2883 0.000000
2884 0.000000
2885 0.000000
2886 0.000000
2887 0.000000
2888 0.000000
2889 0.000000
2890 0.000000
2891 0.000000
2892 0.000000
2893 0.000000
2894 0.000000
2895 0.000000
2896 0.000000
2897 0.000000
2898 0.000000
2899 0.000000
2900 0.000000
2901 0.000000
2902 0.000000
2903 0.000000
2904 0.000000
2905 0.000000
2906 0.000000
2907 0.000000
2908 0.000000
2909 0.000000
2910 0.000000
2911 0.000000
2912 0.000000
2913 0.000000
2914 0.000000
2915 0.000000
2916 0.000000
2917 0.000000
2918 0.000000
2919 0.000000
2920 0.000000
2921 0.000000
2922 0.000000
2923 0.000000
2924 0.000000
2925 0.000000
2926 0.000000
2927 0.000000
2928 0.000000
2929 0.000000
2930 0.000000
2931 0.000000
2932 0.000000
2933 0.000000
2934 0.000000
2935 0.000000
2936 0.000000
2937 0.000000
2938 0.000000
2939 0.000000
2940 0.000000
2941 0.000000
2942 0.000000
2943 0.000000
2944 0.000000
2945 0.000000
2946 0.000000
2947 0.000000
2948 0.000000
2949 0.000000
2950 0.000000
2951 0.000000
2952 0.000000
2953 0.000000
2954 0.000000
2955 0.000000
2956 0.000000
2957 0.000000
2958 0.000000
2959 0.000000
2960 0.000000
2961 0.000000
2962 0.000000
2963 0.000000
2964 0.000000
2965 0.000000
2966 0.000000
2967 0.000000
2968 0.000000
2969 0.000000
2970 0.000000
2971 0.000000
2972 0.000000
2973 0.000000
2974 0.000000
2975 0.000000
2976 0.000000
2977 0.000000
2978 0.000000
2979 0.000000
2980 0.000000
2981 0.000000
2982 0.000000
2983 0.000000
2984 0.000000
2985 0.000000
2986 0.000000
2987 0.000000
2988 0.000000
2989 0.000000
2990 0.000000
2991 0.000000
2992 0.000000
2993 0.000000
2994 0.000000
2995 0.000000
2996 0.000000
2997 0.000000
2998 0.000000
2999 0.000000
3000 0.000000
3001 0.000000
3002 0.000000
3003 0.000000
3004 0.000000
3005 0.000000
3006 0.000000
3007 0.000000
3008 0.000000
3009 0.000000
3010 0.000000
3011 0.000000
3012 0.000000
3013 0.000000
3014 0.000000
3015 0.000000
3016 0.000000
3017 0.000000
3018 0.000000
3019 0.000000
3020 0.000000
3021 0.000000
3022 0.000000
3023 0.000000
3024 0.000000
3025 0.000000
3026 0.000000
3027 0.000000
3028 0.000000
3029 0.000000
3030 0.000000
3031 0.000000
3032 0.000000
3033 0.000000
3034 0.000000
3035 0.000000
3036 0.000000
3037 0.000000
3038 0.000000
3039 0.000000
3040 0.000000
3041 0.000000
3042 0.000000
3043 0.000000
3044 0.000000
3045 0.000000
3046 0.000000
3047 0.000000
3048 0.000000
3049 0.000000
3050 0.000000
3051 0.000000
3052 0.000000
3053 0.000000
3054 0.000000
3055 0.000000
3056 0.000000
3057 0.000000
3058 0.000000
3059 0.000000
3060 0.000000
3061 0.000000
3062 0.000000
3063 0.000000
3064 0.000000
3065 0.000000
3066 0.000000
3067 0.000000
3068 0.000000
3069 0.000000
3070 0.000000
3071 0.000000
3072 0.000000
3073 0.000000
3074 0.000000
3075 0.000000
3076 0.000000
3077 0.000000
3078 0.000000
3079 0.000000
3080 0.000000
3081 0.000000
3082 0.000000
3083 0.000000
3084 0.000000
3085 0.000000
3086 0.000000
3087 0.000000
3088 0.000000
3089 0.000000
3090 0.000000
3091 0.000000
3092 0.000000
3093 0.000000
3094 0.000000
3095 0.000000
3096 0.000000
3097 0.000000
3098 0.000000
3099 0.000000
3100 0.000000
3101 0.000000
3102 0.000000
3103 0.000000
3104 0.000000
3105 0.000000
3106 0.000000
3107 0.000000
3108 0.000000
3109 0.000000
3110 0.000000
3111 0.000000
3112 0.000000
3113 0.000000
3114 0.000000
3115 0.000000
3116 0.000000
3117 0.000000
3118 0.000000
3119 0.000000
3120 0.000000
3121 0.000000
3122 0.000000
3123 0.000000
3124 0.000000
3125 0.000000
3126 0.000000
3127 0.000000
3128 0.000000
3129 0.000000
3130 0.000000
3131 0.000000
3132 0.000000
3133 0.000000
3134 0.000000
3135 0.000000
3136 0.000000
3137 0.000000
3138 0.000000
3139 0.000000
3140 0.000000
3141 0.000000
3142 0.000000
3143 0.000000
3144 0.000000
3145 0.000000
3146 0.000000
3147 0.000000
3148 0.000000
3149 0.000000
3150 0.000000
3151 0.000000
3152 0.000000
3153 0.000000
3154 0.000000
3155 0.000000
3156 0.000000
3157 0.000000
3158 0.000000
3159 0.000000
3160 0.000000
3161 0.000000
3162 0.000000
3163 0.000000
3164 0.000000
3165 0.000000
3166 0.000000
3167 0.000000
3168 0.000000
3169 0.000000
3170 0.000000
3171 0.000000
3172 0.000000
3173 0.000000
3174 0.000000
3175 0.000000
3176 0.000000
3177 0.000000
3178 0.000000
3179 0.000000
3180 0.000000
3181 0.000000
3182 0.000000
3183 0.000000
3184 0.000000
3185 0.000000
3186 0.000000
3187 0.000000
3188 0.000000
3189 0.000000
3190 0.000000
3191 0.000000
3192 0.000000
3193 0.000000
3194 0.000000
3195 0.000000
3196 0.000000
3197 0.000000
3198 0.000000
3199 0.000000
3200 0.000000
3201 0.000000
3202 0.000000
3203 0.000000
3204 0.000000
3205 0.000000
3206 0.000000
3207 0.000000
3208 0.000000
3209 0.000000
3210 0.000000
3211 0.000000
3212 0.000000
3213 0.000000
3214 0.000000
3215 0.000000
3216 0.000000
3217 0.000000
3218 0.000000
3219 0.000000
3220 0.000000
3221 0.000000
3222 0.000000
3223 0.000000
3224 0.000000
3225 0.000000
3226 0.000000
3227 0.000000
3228 0.000000
3229 0.000000
3230 0.000000
3231 0.000000
3232 0.000000
3233 0.000000
3234 0.000000
3235 0.000000
3236 0.000000
3237 0.000000
3238 0.000000
3239 0.000000
3240 0.000000
3241 0.000000
3242 0.000000
3243 0.000000
3244 0.000000
3245 0.000000
3246 0.000000
3247 0.000000
3248 0.000000
3249 0.000000
3250 0.000000
3251 0.000000
3252 0.000000
3253 0.000000
3254 0.000000
3255 0.000000
3256 0.000000
3257 0.000000
3258 0.000000
3259 0.000000
3260 0.000000
3261 0.000000
3262 0.000000
3263 0.000000
3264 0.000000
3265 0.000000
3266 0.000000
3267 0.000000
3268 0.000000
3269 0.000000
3270 0.000000
3271 0.000000
3272 0.000000
3273 0.000000
3274 0.000000
3275 0.000000
3276 0.000000
3277 0.000000
3278 0.000000
3279 0.000000
3280 0.000000
3281 0.000000
3282 0.000000
3283 0.000000
3284 0.000000
3285 0.000000
3286 0.000000
3287 0.000000
3288 0.000000
3289 0.000000
3290 0.000000
3291 0.000000
3292 0.000000
3293 0.000000
3294 0.000000
3295 0.000000
3296 0.000000
3297 0.000000
3298 0.000000
3299 0.000000
3300 0.000000
3301 0.000000
3302 0.000000
3303 0.000000
3304 0.000000
3305 0.000000
3306 0.000000
3307 0.000000
3308 0.000000
3309 0.000000
3310 0.000000
3311 0.000000
3312 0.000000
3313 0.000000
3314 0.000000
3315 0.000000
3316 0.000000
3317 0.000000
3318 0.000000
3319 0.000000
3320 0.000000
3321 0.000000
3322 0.000000
3323 0.000000
3324 0.000000
3325 0.000000
3326 0.000000
3327 0.000000
3328 0.000000
3329 0.000000
3330 0.000000
3331 0.000000
3332 0.000000
3333 0.000000
3334 0.000000
3335 0.000000
3336 0.000000
3337 0.000000
3338 0.000000
3339 0.000000
3340 0.000000
3341 0.000000
3342 0.000000
3343 0.000000
3344 0.000000
3345 0.000000
3346 0.000000
3347 0.000000
3348 0.000000
3349 0.000000
3350 0.000000
3351 0.000000
3352 0.000000
3353 0.000000
3354 0.000000
3355 0.000000
3356 0.000000
3357 0.000000
3358 0.000000
3359 0.000000
3360 0.000000
3361 0.000000
3362 0.000000
3363 0.000000
3364 0.000000
3365 0.000000
3366 0.000000
3367 0.000000
3368 0.000000
3369 0.000000
3370 0.000000
3371 0.000000
3372 0.000000
3373 0.000000
3374 0.000000
3375 0.000000
3376 0.000000
3377 0.000000
3378 0.000000
3379 0.000000
3380 0.000000
3381 0.000000
3382 0.000000
3383 0.000000
3384 0.000000
3385 0.000000
3386 0.000000
3387 0.000000
3388 0.000000
3389 0.000000
3390 0.000000
3391 0.000000
3392 0.000000
3393 0.000000
3394 0.000000
3395 0.000000
3396 0.000000
3397 0.000000
3398 0.000000
3399 0.000000
3400 0.000000
3401 0.000000
3402 0.000000
3403 0.000000
3404 0.000000
3405 0.000000
3406 0.000000
3407 0.000000
3408 0.000000
3409 0.000000
3410 0.000000
3411 0.000000
3412 0.000000
3413 0.000000
3414 0.000000
3415 0.000000
3416 0.000000
3417 0.000000
3418 0.000000
3419 0.000000
3420 0.000000
3421 0.000000
3422 0.000000
3423 0.000000
3424 0.000000
3425 0.000000
3426 0.000000
3427 0.000000
3428 0.000000
3429 0.000000
3430 0.000000
3431 0.000000
3432 0.000000
3433 0.000000
3434 0.000000
3435 0.000000
3436 0.000000
3437 0.000000
3438 0.000000
3439 0.000000
3440 0.000000
3441 0.000000
3442 0.000000
3443 0.000000
3444 0.000000
3445 0.000000
3446 0.000000
3447 0.000000
3448 0.000000
3449 0.000000
3450 0.000000
3451 0.000000
3452 0.000000
3453 0.000000
3454 0.000000
3455 0.000000
3456 0.000000
3457 0.000000
3458 0.000000
3459 0.000000
3460 0.000000
3461 0.000000
3462 0.000000
3463 0.000000
3464 0.000000
3465 0.000000
3466 0.000000
3467 0.000000
3468 0.000000
3469 0.000000
3470 0.000000
3471 0.000000
3472 0.000000
3473 0.000000
3474 0.000000
3475 0.000000
3476 0.000000
3477 0.000000
3478 0.000000
3479 0.000000
3480 0.000000
3481 0.000000
3482 0.000000
3483 0.000000
3484 0.000000
3485 0.000000
3486 0.000000
3487 0.000000
3488 0.000000
3489 0.000000
3490 0.000000
3491 0.000000
3492 0.000000
3493 0.000000
3494 0.000000
3495 0.000000
3496 0.000000
3497 0.000000
3498 0.000000
3499 0.000000
3500 0.000000
3501 0.000000
3502 0.000000
3503 0.000000
3504 0.000000
3505 0.000000
3506 0.000000
3507 0.000000
3508 0.000000
3509 0.000000
3510 0.000000
3511 0.000000
3512 0.000000
3513 0.000000
3514 0.000000
3515 0.000000
3516 0.000000
3517 0.000000
3518 0.000000
3519 0.000000
3520 0.000000
3521 0.000000
3522 0.000000
3523 0.000000
3524 0.000000
3525 0.000000
3526 0.000000
3527 0.000000
3528 0.000000
3529 0.000000
3530 0.000000
3531 0.000000
3532 0.000000
3533 0.000000
3534 0.000000
3535 0.000000
3536 0.000000
3537 0.000000
3538 0.000000
3539 0.000000
3540 0.000000
3541 0.000000
3542 0.000000
3543 0.000000
3544 0.000000
3545 0.000000
3546 0.000000
3547 0.000000
3548 0.000000
3549 0.000000
3550 0.000000
3551 0.000000
3552 0.000000
3553 0.000000
3554 0.000000
3555 0.000000
3556 0.000000
3557 0.000000
3558 0.000000
3559 0.000000
3560 0.000000
3561 0.000000
3562 0.000000
3563 0.000000
3564 0.000000
3565 0.000000
3566 0.000000
3567 0.000000
3568 0.000000
3569 0.000000
3570 0.000000
3571 0.000000
3572 0.000000
3573 0.000000
3574 0.000000
3575 0.000000
3576 0.000000
3577 0.000000
3578 0.000000
3579 0.000000
3580 0.000000
3581 0.000000
3582 0.000000
3583 0.000000
3584 0.000000
3585 0.000000
3586 0.000000
3587 0.000000
3588 0.000000
3589 0.000000
3590 0.000000
3591 0.000000
3592 0.000000
3593 0.000000
3594 0.000000
3595 0.000000
3596 0.000000
3597 0.000000
3598 0.000000
3599 0.000000
3600 0.000000
3601 0.000000
3602 0.000000
3603 0.000000
3604 0.000000
3605 0.000000
3606 0.000000
3607 0.000000
3608 0.000000
3609 0.000000
3610 0.000000
3611 0.000000
3612 0.000000
3613 0.000000
3614 0.000000
3615 0.000000
3616 0.000000
3617 0.000000
3618 0.000000
3619 0.000000
3620 0.000000
3621 0.000000
3622 0.000000
3623 0.000000
3624 0.000000
3625 0.000000
3626 0.000000
3627 0.000000
3628 0.000000
3629 0.000000
3630 0.000000
3631 0.000000
3632 0.000000
3633 0.000000
3634 0.000000
3635 0.000000
3636 0.000000
3637 0.000000
3638 0.000000
3639 0.000000
3640 0.000000
3641 0.000000
3642 0.000000
3643 0.000000
3644 0.000000
3645 0.000000
3646 0.000000
3647 0.000000
3648 0.000000
3649 0.000000
3650 0.000000
3651 0.000000
3652 0.000000
3653 0.000000
3654 0.000000
3655 0.000000
3656 0.000000
3657 0.000000
3658 0.000000
3659 0.000000
3660 0.000000
3661 0.000000
3662 0.000000
3663 0.000000
3664 0.000000
3665 0.000000
3666 0.000000
3667 0.000000
3668 0.000000
3669 0.000000
3670 0.000000
3671 0.000000
3672 0.000000
3673 0.000000
3674 0.000000
3675 0.000000
3676 0.000000
3677 0.000000
3678 0.000000
3679 0.000000
3680 0.000000
3681 0.000000
3682 0.000000
3683 0.000000
3684 0.000000
3685 0.000000
3686 0.000000
3687 0.000000
3688 0.000000
3689 0.000000
3690 0.000000
3691 0.000000
3692 0.000000
3693 0.000000
3694 0.000000
3695 0.000000
3696 0.000000
3697 0.000000
3698 0.000000
3699 0.000000
3700 0.000000
3701 0.000000
3702 0.000000
3703 0.000000
3704 0.000000
3705 0.000000
3706 0.000000
3707 0.000000
3708 0.000000
3709 0.000000
3710 0.000000
3711 0.000000
3712 0.000000
3713 0.000000
3714 0.000000
3715 0.000000
3716 0.000000
3717 0.000000
3718 0.000000
3719 0.000000
3720 0.000000
3721 0.000000
3722 0.000000
3723 0.000000
3724 0.000000
3725 0.000000
3726 0.000000
3727 0.000000
3728 0.000000
3729 0.000000
3730 0.000000
3731 0.000000
3732 0.000000
3733 0.000000
3734 0.000000
3735 0.000000
3736 0.000000
3737 0.000000
3738 0.000000
3739 0.000000
3740 0.000000
3741 0.000000
3742 0.000000
3743 0.000000
3744 0.000000
3745 0.000000
3746 0.000000
3747 0.000000
3748 0.000000
3749 0.000000
3750 0.000000
3751 0.000000
3752 0.000000
3753 0.000000
3754 0.000000
3755 0.000000
3756 0.000000
3757 0.000000
3758 0.000000
3759 0.000000
3760 0.000000
3761 0.000000
3762 0.000000
3763 0.000000
3764 0.000000
3765 0.000000
3766 0.000000
3767 0.000000
3768 0.000000
3769 0.000000
3770 0.000000
3771 0.000000
3772 0.000000
3773 0.000000
3774 0.000000
3775 0.000000
3776 0.000000
3777 0.000000
3778 0.000000
3779 0.000000
3780 0.000000
3781 0.000000
3782 0.000000
3783 0.000000
3784 0.000000
3785 0.000000
3786 0.000000
3787 0.000000
3788 0.000000
3789 0.000000
3790 0.000000
3791 0.000000
3792 0.000000
3793 0.000000
3794 0.000000
3795 0.000000
3796 0.000000
3797 0.000000
3798 0.000000
3799 0.000000
3800 0.000000
3801 0.000000
3802 0.000000
3803 0.000000
3804 0.000000
3805 0.000000
3806 0.000000
3807 0.000000
3808 0.000000
3809 0.000000
3810 0.000000
3811 0.000000
3812 0.000000
3813 0.000000
3814 0.000000
3815 0.000000
3816 0.000000
3817 0.000000
3818 0.000000
3819 0.000000
3820 0.000000
3821 0.000000
3822 0.000000
3823 0.000000
3824 0.000000
3825 0.000000
3826 0.000000
3827 0.000000
3828 0.000000
3829 0.000000
3830 0.000000
3831 0.000000
3832 0.000000
3833 0.000000
3834 0.000000
3835 0.000000
3836 0.000000
3837 0.000000
3838 0.000000
3839 0.000000
3840 0.000000
3841 0.000000
3842 0.000000
3843 0.000000
3844 0.000000
3845 0.000000
3846 0.000000
3847 0.000000
3848 0.000000
3849 0.000000
3850 0.000000
3851 0.000000
3852 0.000000
3853 0.000000
3854 0.000000
3855 0.000000
3856 0.000000
3857 0.000000
3858 0.000000
3859 0.000000
3860 0.000000
3861 0.000000
3862 0.000000
3863 0.000000
3864 0.000000
3865 0.000000
3866 0.000000
3867 0.000000
3868 0.000000
3869 0.000000
3870 0.000000
3871 0.000000
3872 0.000000
3873 0.000000
3874 0.000000
3875 0.000000
3876 0.000000
3877 0.000000
3878 0.000000
3879 0.000000
3880 0.000000
3881 0.000000
3882 0.000000
3883 0.000000
3884 0.000000
3885 0.000000
3886 0.000000
3887 0.000000
3888 0.000000
3889 0.000000
3890 0.000000
3891 0.000000
3892 0.000000
3893 0.000000
3894 0.000000
3895 0.000000
3896 0.000000
3897 0.000000
3898 0.000000
3899 0.000000
3900 0.000000
3901 0.000000
3902 0.000000
3903 0.000000
3904 0.000000
3905 0.000000
3906 0.000000
3907 0.000000
3908 0.000000
3909 0.000000
3910 0.000000
3911 0.000000
3912 0.000000
3913 0.000000
3914 0.000000
3915 0.000000
3916 0.000000
3917 0.000000
3918 0.000000
3919 0.000000
3920 0.000000
3921 0.000000
3922 0.000000
3923 0.000000
3924 0.000000
3925 0.000000
3926 0.000000
3927 0.000000
3928 0.000000
3929 0.000000
3930 0.000000
3931 0.000000
3932 0.000000
3933 0.000000
3934 0.000000
3935 0.000000
3936 0.000000
3937 0.000000
3938 0.000000
3939 0.000000
3940 0.000000
3941 0.000000
3942 0.000000
3943 0.000000
3944 0.000000
3945 0.000000
3946 0.000000
3947 0.000000
3948 0.000000
3949 0.000000
3950 0.000000
3951 0.000000
3952 0.000000
3953 0.000000
3954 0.000000
3955 0.000000
3956 0.000000
3957 0.000000
3958 0.000000
3959 0.000000
3960 0.000000
3961 0.000000
3962 0.000000
3963 0.000000
3964 0.000000
3965 0.000000
3966 0.000000
3967 0.000000
3968 0.000000
3969 0.000000
3970 0.000000
3971 0.000000
3972 0.000000
3973 0.000000
3974 0.000000
3975 0.000000
3976 0.000000
3977 0.000000
3978 0.000000
3979 0.000000
3980 0.000000
3981 0.000000
3982 0.000000
3983 0.000000
3984 0.000000
3985 0.000000
3986 0.000000
3987 0.000000
3988 0.000000
3989 0.000000
3990 0.000000
3991 0.000000
3992 0.000000
3993 0.000000
3994 0.000000
3995 0.000000
3996 0.000000
3997 0.000000
3998 0.000000
3999 0.000000
4000 0.000000
4001 0.000000
4002 0.000000
4003 0.000000
4004 0.000000
4005 0.000000
4006 0.000000
4007 0.000000
4008 0.000000
4009 0.000000
4010 0.000000
4011 0.000000
4012 0.000000
4013 0.000000
4014 0.000000
4015 0.000000
4016 0.000000
4017 0.000000
4018 0.000000
4019 0.000000
4020 0.000000
4021 0.000000
4022 0.000000
4023 0.000000
4024 0.000000
4025 0.000000
4026 0.000000
4027 0.000000
4028 0.000000
4029 0.000000
4030 0.000000
4031 0.000000
4032 0.000000
4033 0.000000
4034 0.000000
4035 0.000000
4036 0.000000
4037 0.000000
4038 0.000000
4039 0.000000
4040 0.000000
4041 0.000000
4042 0.000000
4043 0.000000
4044 0.000000
4045 0.000000
4046 0.000000
4047 0.000000
4048 0.000000
4049 0.000000
4050 0.000000
4051 0.000000
4052 0.000000
4053 0.000000
4054 0.000000
4055 0.000000
4056 0.000000
4057 0.000000
4058 0.000000
4059 0.000000
4060 0.000000
4061 0.000000
4062 0.000000
4063 0.000000
4064 0.000000
4065 0.000000
4066 0.000000
4067 0.000000
4068 0.000000
4069 0.000000
4070 0.000000
4071 0.000000
4072 0.000000
4073 0.000000
4074 0.000000
4075 0.000000
4076 0.000000
4077 0.000000
4078 0.000000
4079 0.000000
4080 0.000000
4081 0.000000
4082 0.000000
4083 0.000000
4084 0.000000
4085 0.000000
4086 0.000000
4087 0.000000
4088 0.000000
4089 0.000000
4090 0.000000
4091 0.000000
4092 0.000000
4093 0.000000
4094 0.000000
4095 0.000000
