0 0.000000
1 0.227520
2 0.058357
3 0.037033
4 0.025134
5 0.017930
6 0.013657
7 0.010851
8 0.008946
9 0.007524
10 0.006423
11 0.005459
12 0.004745
13 0.004178
14 0.003691
15 0.003415
16 0.002980
17 0.002756
18 0.002477
19 0.002277
20 0.002127
21 0.001921
22 0.001815
23 0.001678
24 0.001568
25 0.001431
26 0.001376
27 0.001264
28 0.001190
29 0.001167
30 0.001104
31 0.001025
32 0.000984
33 0.000905
34 0.000879
35 0.000827
36 0.000819
37 0.000747
38 0.000711
39 0.000710
40 0.000655
41 0.000644
42 0.000655
43 0.000610
44 0.000570
45 0.000562
46 0.000533
47 0.000502
48 0.000489
49 0.000458
50 0.000454
51 0.000425
52 0.000429
53 0.000408
54 0.000413
55 0.000375
56 0.000374
57 0.000354
58 0.000370
59 0.000335
60 0.000331
61 0.000320
62 0.000305
63 0.000316
64 0.000286
65 0.000297
66 0.000276
67 0.000268
68 0.000248
69 0.000246
70 0.000257
71 0.000242
72 0.000235
73 0.000244
74 0.000218
75 0.000213
76 0.000213
77 0.000208
78 0.000213
79 0.000191
80 0.000207
81 0.000189
82 0.000184
83 0.000181
84 0.000182
85 0.000185
86 0.000168
87 0.000165
88 0.000161
89 0.000151
90 0.000152
91 0.000159
92 0.000147
93 0.000143
94 0.000140
95 0.000129
96 0.000134
97 0.000139
98 0.000139
99 0.000121
100 0.000125
101 0.000130
102 0.000130
103 0.000132
104 0.000124
105 0.000115
106 0.000116
107 0.000113
108 0.000119
109 0.000113
110 0.000098
111 0.000099
112 0.000104
113 0.000100
114 0.000102
115 0.000099
116 0.000102
117 0.000100
118 0.000099
119 0.000095
120 0.000088
121 0.000094
122 0.000087
123 0.000085
124 0.000076
125 0.000084
126 0.000079
127 0.000083
128 0.000083
129 0.000073
130 0.000076
131 0.000074
132 0.000081
133 0.000069
134 0.000070
135 0.000068
136 0.000079
137 0.000066
138 0.000063
139 0.000065
140 0.000068
141 0.000071
142 0.000072
143 0.000060
144 0.000063
145 0.000057
146 0.000060
147 0.000061
148 0.000064
149 0.000062
150 0.000052
151 0.000059
152 0.000062
153 0.000049
154 0.000058
155 0.000052
156 0.000052
157 0.000046
158 0.000047
159 0.000054
160 0.000051
161 0.000049
162 0.000047
163 0.000042
164 0.000045
165 0.000049
166 0.000043
167 0.000054
168 0.000042
169 0.000049
170 0.000039
171 0.000041
172 0.000044
173 0.000040
174 0.000041
175 0.000038
176 0.000038
177 0.000035
178 0.000047
179 0.000042
180 0.000041
181 0.000040
182 0.000034
183 0.000038
184 0.000034
185 0.000041
186 0.000040
187 0.000029
188 0.000039
189 0.000038
190 0.000034
191 0.000034
192 0.000030
193 0.000034
194 0.000036
195 0.000034
196 0.000033
197 0.000030
198 0.000031
199 0.000032
200 0.000035
201 0.000035
202 0.000030
203 0.000026
204 0.000026
205 0.000032
206 0.000028
207 0.000029
208 0.000029
209 0.000025
210 0.000026
211 0.000031
212 0.000030
213 0.000026
214 0.000023
215 0.000023
216 0.000023
217 0.000023
218 0.000028
219 0.000029
220 0.000023
221 0.000021
222 0.000024
223 0.000027
224 0.000025
225 0.000019
226 0.000028
227 0.000028
228 0.000025
229 0.000023
230 0.000020
231 0.000022
232 0.000017
233 0.000018
234 0.000023
235 0.000021
236 0.000020
237 0.000022
238 0.000017
239 0.000018
240 0.000020
241 0.000019
242 0.000021
243 0.000019
244 0.000023
245 0.000020
246 0.000019
247 0.000017
248 0.000016
249 0.000015
250 0.000013
251 0.000024
252 0.000017
253 0.000017
254 0.000015
255 0.000023
256 0.000014
257 0.000018
258 0.000020
259 0.000018
260 0.000016
261 0.000014
262 0.000015
263 0.000013
264 0.000017
265 0.000012
266 0.000015
267 0.000013
268 0.000013
269 0.000011
270 0.000014
271 0.000017
272 0.000012
273 0.000015
274 0.000014
275 0.000014
276 0.000013
277 0.000011
278 0.000013
279 0.000011
280 0.000015
281 0.000012
282 0.000010
283 0.000015
284 0.000012
285 0.000013
286 0.000010
287 0.000012
288 0.000012
289 0.000010
290 0.000009
291 0.000014
292 0.000006
293 0.000013
294 0.000013
295 0.000008
296 0.000009
297 0.000016
298 0.000007
299 0.000011
300 0.000010
301 0.000008
302 0.000011
303 0.000009
304 0.000007
305 0.000010
306 0.000011
307 0.000009
308 0.000009
309 0.000007
310 0.000009
311 0.000007
312 0.000009
313 0.000007
314 0.000011
315 0.000007
316 0.000009
317 0.000010
318 0.000011
319 0.000010
320 0.000007
321 0.000008
322 0.000008
323 0.000006
324 0.000012
325 0.000006
326 0.000008
327 0.000007
328 0.000009
329 0.000007
330 0.000006
331 0.000009
332 0.000005
333 0.000006
334 0.000008
335 0.000006
336 0.000006
337 0.000007
338 0.000006
339 0.000008
340 0.000007
341 0.000006
342 0.000007
343 0.000005
344 0.000008
345 0.000005
346 0.000006
347 0.000006
348 0.000005
349 0.000003
350 0.000005
351 0.000006
352 0.000006
353 0.000005
354 0.000002
355 0.000002
356 0.000004
357 0.000008
358 0.000004
359 0.000005
360 0.000005
361 0.000003
362 0.000003
363 0.000005
364 0.000006
365 0.000005
366 0.000003
367 0.000006
368 0.000004
369 0.000005
370 0.000003
371 0.000005
372 0.000004
373 0.000004
374 0.000002
375 0.000004
376 0.000005
377 0.000003
378 0.000005
379 0.000003
380 0.000003
381 0.000004
382 0.000004
383 0.000003
384 0.000003
385 0.000001
386 0.000004
387 0.000003
388 0.000003
389 0.000003
390 0.000002
391 0.000003
392 0.000002
393 0.000002
394 0.000002
395 0.000000
396 0.000000
397 0.000003
398 0.000002
399 0.000002
400 0.000001
401 0.000002
402 0.000003
403 0.000003
404 0.000003
405 0.000001
406 0.000002
407 0.000001
408 0.000001
409 0.000003
410 0.000001
411 0.000003
412 0.000002
413 0.000000
414 0.000003
415 0.000001
416 0.000001
417 0.000000
418 0.000001
419 0.000001
420 0.000001
421 0.000001
422 0.000002
423 0.000001
424 0.000001
425 0.000001
426 0.000001
427 0.000001
428 0.000000
429 0.000002
430 0.000001
431 0.000002
432 0.000001
433 0.000001
434 0.000001
435 0.000000
436 0.000001
437 0.000001
438 0.000001
439 0.000000
440 0.000001
441 0.000001
442 0.000001
443 0.000002
444 0.000001
445 0.000000
446 0.000001
447 0.000001
448 0.000000
449 0.000001
450 0.000000
451 0.000001
452 0.000000
453 0.000001
454 0.000000
455 0.000000
456 0.000001
457 0.000000
458 0.000000
459 0.000001
460 0.000001
461 0.000000
462 0.000000
463 0.000000
464 0.000000
465 0.000000
466 0.000000
467 0.000000
468 0.000000
469 0.000000
470 0.000000
471 0.000000
472 0.000000
473 0.000001
474 0.000000
475 0.000000
476 0.000000
477 0.000000
478 0.000000
479 0.000000
480 0.000001
481 0.000001
482 0.000001
483 0.000000
484 0.000000
485 0.000000
486 0.000000
487 0.000000
488 0.000000
489 0.000001
490 0.000000
491 0.000000
492 0.000000
493 0.000000
494 0.000000
495 0.000000
496 0.000000
497 0.000000
498 0.000000
499 0.000000
500 0.000000
501 0.000000
502 0.000000
503 0.000000
504 0.000000
505 0.000000
506 0.000000
507 0.000000
508 0.000000
509 0.000000
510 0.000000
511 0.000000
512 0.000000
513 0.000000
514 0.000000
515 0.000000
516 0.000000
517 0.000000
518 0.000000
519 0.000000
520 0.000000
521 0.000000
522 0.000000
523 0.000000
524 0.000000
525 0.000000
526 0.000000
527 0.000000
528 0.000000
529 0.000000
530 0.000000
531 0.000000
532 0.000000
533 0.000000
534 0.000000
535 0.000000
536 0.000000
537 0.000000
538 0.000000
539 0.000000
540 0.000000
541 0.000000
542 0.000000
543 0.000000
544 0.000000
545 0.000000
546 0.000000
547 0.000000
548 0.000000
549 0.000000
550 0.000000
551 0.000000
552 0.000000
553 0.000000
554 0.000000
555 0.000000
556 0.000000
557 0.000000
558 0.000000
559 0.000000
560 0.000000
561 0.000000
562 0.000000
563 0.000000
564 0.000000
565 0.000000
566 0.000000
567 0.000000
568 0.000000
569 0.000000
570 0.000000
571 0.000000
572 0.000000
573 0.000000
574 0.000000
575 0.000000
576 0.000000
577 0.000000
578 0.000000
579 0.000000
580 0.000000
581 0.000000
582 0.000000
583 0.000000
584 0.000000
585 0.000000
586 0.000000
587 0.000000
588 0.000000
589 0.000000
590 0.000000
591 0.000000
592 0.000000
593 0.000000
594 0.000000
595 0.000000
596 0.000000
597 0.000000
598 0.000000
599 0.000000
600 0.000000
601 0.000000
602 0.000000
603 0.000000
604 0.000000
605 0.000000
606 0.000000
607 0.000000
608 0.000000
609 0.000000
610 0.000000
611 0.000000
612 0.000000
613 0.000000
614 0.000000
615 0.000000
616 0.000000
617 0.000000
618 0.000000
619 0.000000
620 0.000000
621 0.000000
622 0.000000
623 0.000000
624 0.000000
625 0.000000
626 0.000000
627 0.000000
628 0.000000
629 0.000000
630 0.000000
631 0.000000
632 0.000000
633 0.000000
634 0.000000
635 0.000000
636 0.000000
637 0.000000
638 0.000000
639 0.000000
640 0.000000
641 0.000000
642 0.000000
643 0.000000
644 0.000000
645 0.000000
646 0.000000
647 0.000000
648 0.000000
649 0.000000
650 0.000000
651 0.000000
652 0.000000
653 0.000000
654 0.000000
655 0.000000
656 0.000000
657 0.000000
658 0.000000
659 0.000000
660 0.000000
661 0.000000
662 0.000000
663 0.000000
664 0.000000
665 0.000000
666 0.000000
667 0.000000
668 0.000000
669 0.000000
670 0.000000
671 0.000000
672 0.000000
673 0.000000
674 0.000000
675 0.000000
676 0.000000
677 0.000000
678 0.000000
679 0.000000
680 0.000000
681 0.000000
682 0.000000
683 0.000000
684 0.000000
685 0.000000
686 0.000000
687 0.000000
688 0.000000
689 0.000000
690 0.000000
691 0.000000
692 0.000000
693 0.000000
694 0.000000
695 0.000000
696 0.000000
697 0.000000
698 0.000000
699 0.000000
700 0.000000
701 0.000000
702 0.000000
703 0.000000
704 0.000000
705 0.000000
706 0.000000
707 0.000000
708 0.000000
709 0.000000
710 0.000000
711 0.000000
712 0.000000
713 0.000000
714 0.000000
715 0.000000
716 0.000000
717 0.000000
718 0.000000
719 0.000000
720 0.000000
721 0.000000
722 0.000000
723 0.000000
724 0.000000
725 0.000000
726 0.000000
727 0.000000
728 0.000000
729 0.000000
730 0.000000
731 0.000000
732 0.000000
733 0.000000
734 0.000000
735 0.000000
736 0.000000
737 0.000000
738 0.000000
739 0.000000
740 0.000000
741 0.000000
742 0.000000
743 0.000000
744 0.000000
745 0.000000
746 0.000000
747 0.000000
748 0.000000
749 0.000000
750 0.000000
751 0.000000
752 0.000000
753 0.000000
754 0.000000
755 0.000000
756 0.000000
757 0.000000
758 0.000000
759 0.000000
760 0.000000
761 0.000000
762 0.000000
763 0.000000
764 0.000000
765 0.000000
766 0.000000
767 0.000000
768 0.000000
769 0.000000
770 0.000000
771 0.000000
772 0.000000
773 0.000000
774 0.000000
775 0.000000
776 0.000000
777 0.000000
778 0.000000
779 0.000000
780 0.000000
781 0.000000
782 0.000000
783 0.000000
784 0.000000
785 0.000000
786 0.000000
787 0.000000
788 0.000000
789 0.000000
790 0.000000
791 0.000000
792 0.000000
793 0.000000
794 0.000000
795 0.000000
796 0.000000
797 0.000000
798 0.000000
799 0.000000
800 0.000000
801 0.000000
802 0.000000
803 0.000000
804 0.000000
805 0.000000
806 0.000000
807 0.000000
808 0.000000
809 0.000000
810 0.000000
811 0.000000
812 0.000000
813 0.000000
814 0.000000
815 0.000000
816 0.000000
817 0.000000
818 0.000000
819 0.000000
820 0.000000
821 0.000000
822 0.000000
823 0.000000
824 0.000000
825 0.000000
826 0.000000
827 0.000000
828 0.000000
829 0.000000
830 0.000000
831 0.000000
832 0.000000
833 0.000000
834 0.000000
835 0.000000
836 0.000000
837 0.000000
838 0.000000
839 0.000000
840 0.000000
841 0.000000
842 0.000000
843 0.000000
844 0.000000
845 0.000000
846 0.000000
847 0.000000
848 0.000000
849 0.000000
850 0.000000
851 0.000000
852 0.000000
853 0.000000
854 0.000000
855 0.000000
856 0.000000
857 0.000000
858 0.000000
859 0.000000
860 0.000000
861 0.000000
862 0.000000
863 0.000000
864 0.000000
865 0.000000
866 0.000000
867 0.000000
868 0.000000
869 0.000000
870 0.000000
871 0.000000
872 0.000000
873 0.000000
874 0.000000
875 0.000000
876 0.000000
877 0.000000
878 0.000000
879 0.000000
880 0.000000
881 0.000000
882 0.000000
883 0.000000
884 0.000000
885 0.000000
886 0.000000
887 0.000000
888 0.000000
889 0.000000
890 0.000000
891 0.000000
892 0.000000
893 0.000000
894 0.000000
895 0.000000
896 0.000000
897 0.000000
898 0.000000
899 0.000000
900 0.000000
901 0.000000
902 0.000000
903 0.000000
904 0.000000
905 0.000000
906 0.000000
907 0.000000
908 0.000000
909 0.000000
910 0.000000
911 0.000000
912 0.000000
913 0.000000
914 0.000000
915 0.000000
916 0.000000
917 0.000000
918 0.000000
919 0.000000
920 0.000000
921 0.000000
922 0.000000
923 0.000000
924 0.000000
925 0.000000
926 0.000000
927 0.000000
928 0.000000
929 0.000000
930 0.000000
931 0.000000
932 0.000000
933 0.000000
934 0.000000
935 0.000000
936 0.000000
937 0.000000
938 0.000000
939 0.000000
940 0.000000
941 0.000000
942 0.000000
943 0.000000
944 0.000000
945 0.000000
946 0.000000
947 0.000000
948 0.000000
949 0.000000
950 0.000000
951 0.000000
952 0.000000
953 0.000000
954 0.000000
955 0.000000
956 0.000000
957 0.000000
958 0.000000
959 0.000000
960 0.000000
961 0.000000
962 0.000000
963 0.000000
964 0.000000
965 0.000000
966 0.000000
967 0.000000
968 0.000000
969 0.000000
970 0.000000
971 0.000000
972 0.000000
973 0.000000
974 0.000000
975 0.000000
976 0.000000
977 0.000000
978 0.000000
979 0.000000
980 0.000000
981 0.000000
982 0.000000
983 0.000000
984 0.000000
985 0.000000
986 0.000000
987 0.000000
988 0.000000
989 0.000000
990 0.000000
991 0.000000
992 0.000000
993 0.000000
994 0.000000
995 0.000000
996 0.000000
997 0.000000
998 0.000000
999 0.000000
1000 0.000000
1001 0.000000
1002 0.000000
1003 0.000000
1004 0.000000
1005 0.000000
1006 0.000000
1007 0.000000
1008 0.000000
1009 0.000000
1010 0.000000
1011 0.000000
1012 0.000000
1013 0.000000
1014 0.000000
1015 0.000000
1016 0.000000
1017 0.000000
1018 0.000000
1019 0.000000
1020 0.000000
1021 0.000000
1022 0.000000
1023 0.000000
