0 0.000000
1 0.218898
2 0.052377
3 0.032469
4 0.021833
5 0.015296
6 0.011452
7 0.008999
8 0.007415
9 0.006136
10 0.005264
11 0.004370
12 0.003833
13 0.003420
14 0.003026
15 0.002689
16 0.002408
17 0.002207
18 0.001990
19 0.001829
20 0.001681
21 0.001536
22 0.001407
23 0.001360
24 0.001286
25 0.001178
26 0.001058
27 0.001006
28 0.000929
29 0.000904
30 0.000865
31 0.000813
32 0.000792
33 0.000718
34 0.000695
35 0.000668
36 0.000631
37 0.000621
38 0.000573
39 0.000549
40 0.000532
41 0.000494
42 0.000522
43 0.000484
44 0.000463
45 0.000461
46 0.000425
47 0.000420
48 0.000382
49 0.000392
50 0.000384
51 0.000335
52 0.000354
53 0.000332
54 0.000315
55 0.000304
56 0.000310
57 0.000283
58 0.000309
59 0.000291
60 0.000276
61 0.000263
62 0.000255
63 0.000263
64 0.000237
65 0.000252
66 0.000235
67 0.000249
68 0.000211
69 0.000214
70 0.000223
71 0.000211
72 0.000201
73 0.000213
74 0.000186
75 0.000201
76 0.000181
77 0.000181
78 0.000192
79 0.000175
80 0.000173
81 0.000179
82 0.000155
83 0.000164
84 0.000152
85 0.000153
86 0.000164
87 0.000150
88 0.000160
89 0.000145
90 0.000161
91 0.000135
92 0.000141
93 0.000135
94 0.000130
95 0.000124
96 0.000129
97 0.000132
98 0.000120
99 0.000121
100 0.000124
101 0.000124
102 0.000120
103 0.000118
104 0.000113
105 0.000114
106 0.000110
107 0.000100
108 0.000114
109 0.000106
110 0.000104
111 0.000098
112 0.000093
113 0.000099
114 0.000101
115 0.000098
116 0.000095
117 0.000084
118 0.000091
119 0.000100
120 0.000092
121 0.000072
122 0.000081
123 0.000087
124 0.000093
125 0.000084
126 0.000066
127 0.000084
128 0.000077
129 0.000079
130 0.000082
131 0.000088
132 0.000070
133 0.000071
134 0.000084
135 0.000074
136 0.000073
137 0.000079
138 0.000072
139 0.000072
140 0.000070
141 0.000074
142 0.000072
143 0.000073
144 0.000072
145 0.000062
146 0.000070
147 0.000070
148 0.000071
149 0.000063
150 0.000071
151 0.000072
152 0.000062
153 0.000061
154 0.000053
155 0.000061
156 0.000060
157 0.000062
158 0.000058
159 0.000048
160 0.000065
161 0.000062
162 0.000056
163 0.000057
164 0.000066
165 0.000050
166 0.000056
167 0.000051
168 0.000064
169 0.000059
170 0.000048
171 0.000052
172 0.000050
173 0.000051
174 0.000048
175 0.000046
176 0.000054
177 0.000053
178 0.000050
179 0.000049
180 0.000048
181 0.000054
182 0.000050
183 0.000052
184 0.000051
185 0.000047
186 0.000050
187 0.000043
188 0.000041
189 0.000050
190 0.000044
191 0.000046
192 0.000047
193 0.000047
194 0.000034
195 0.000037
196 0.000045
197 0.000044
198 0.000046
199 0.000039
200 0.000041
201 0.000037
202 0.000046
203 0.000043
204 0.000041
205 0.000048
206 0.000046
207 0.000037
208 0.000042
209 0.000043
210 0.000046
211 0.000046
212 0.000045
213 0.000042
214 0.000045
215 0.000038
216 0.000039
217 0.000045
218 0.000032
219 0.000044
220 0.000044
221 0.000044
222 0.000038
223 0.000037
224 0.000036
225 0.000036
226 0.000041
227 0.000035
228 0.000043
229 0.000037
230 0.000034
231 0.000039
232 0.000039
233 0.000040
234 0.000035
235 0.000040
236 0.000040
237 0.000038
238 0.000039
239 0.000035
240 0.000037
241 0.000038
242 0.000035
243 0.000035
244 0.000034
245 0.000039
246 0.000033
247 0.000036
248 0.000036
249 0.000030
250 0.000031
251 0.000037
252 0.000032
253 0.000032
254 0.000032
255 0.000033
256 0.000035
257 0.000036
258 0.000042
259 0.000036
260 0.000035
261 0.000031
262 0.000035
263 0.000029
264 0.000030
265 0.000032
266 0.000034
267 0.000034
268 0.000033
269 0.000043
270 0.000036
271 0.000030
272 0.000039
273 0.000028
274 0.000030
275 0.000036
276 0.000040
277 0.000033
278 0.000032
279 0.000027
280 0.000034
281 0.000029
282 0.000030
283 0.000032
284 0.000039
285 0.000034
286 0.000032
287 0.000029
288 0.000027
289 0.000026
290 0.000029
291 0.000033
292 0.000028
293 0.000030
294 0.000028
295 0.000034
296 0.000032
297 0.000030
298 0.000025
299 0.000030
300 0.000030
301 0.000026
302 0.000036
303 0.000026
304 0.000030
305 0.000033
306 0.000026
307 0.000028
308 0.000035
309 0.000028
310 0.000031
311 0.000027
312 0.000029
313 0.000029
314 0.000029
315 0.000028
316 0.000027
317 0.000027
318 0.000024
319 0.000033
320 0.000028
321 0.000025
322 0.000035
323 0.000031
324 0.000027
325 0.000037
326 0.000028
327 0.000029
328 0.000026
329 0.000027
330 0.000023
331 0.000032
332 0.000028
333 0.000029
334 0.000024
335 0.000034
336 0.000033
337 0.000025
338 0.000033
339 0.000030
340 0.000028
341 0.000024
342 0.000022
343 0.000031
344 0.000028
345 0.000028
346 0.000022
347 0.000025
348 0.000022
349 0.000024
350 0.000025
351 0.000029
352 0.000022
353 0.000023
354 0.000026
355 0.000026
356 0.000026
357 0.000027
358 0.000032
359 0.000026
360 0.000027
361 0.000026
362 0.000028
363 0.000025
364 0.000026
365 0.000024
366 0.000023
367 0.000022
368 0.000023
369 0.000030
370 0.000030
371 0.000024
372 0.000028
373 0.000025
374 0.000029
375 0.000024
376 0.000021
377 0.000026
378 0.000026
379 0.000021
380 0.000021
381 0.000026
382 0.000028
383 0.000021
384 0.000027
385 0.000024
386 0.000017
387 0.000027
388 0.000025
389 0.000023
390 0.000022
391 0.000022
392 0.000026
393 0.000028
394 0.000013
395 0.000023
396 0.000028
397 0.000023
398 0.000022
399 0.000022
400 0.000024
401 0.000017
402 0.000024
403 0.000022
404 0.000020
405 0.000022
406 0.000020
407 0.000025
408 0.000022
409 0.000020
410 0.000021
411 0.000023
412 0.000024
413 0.000022
414 0.000019
415 0.000021
416 0.000022
417 0.000020
418 0.000026
419 0.000021
420 0.000021
421 0.000029
422 0.000019
423 0.000025
424 0.000021
425 0.000016
426 0.000025
427 0.000021
428 0.000023
429 0.000022
430 0.000022
431 0.000020
432 0.000019
433 0.000017
434 0.000017
435 0.000019
436 0.000014
437 0.000022
438 0.000024
439 0.000020
440 0.000017
441 0.000015
442 0.000018
443 0.000017
444 0.000017
445 0.000023
446 0.000017
447 0.000019
448 0.000025
449 0.000018
450 0.000018
451 0.000014
452 0.000017
453 0.000014
454 0.000018
455 0.000018
456 0.000017
457 0.000012
458 0.000018
459 0.000014
460 0.000013
461 0.000018
462 0.000015
463 0.000016
464 0.000014
465 0.000011
466 0.000013
467 0.000017
468 0.000016
469 0.000014
470 0.000015
471 0.000012
472 0.000017
473 0.000014
474 0.000018
475 0.000014
476 0.000018
477 0.000011
478 0.000016
479 0.000012
480 0.000018
481 0.000016
482 0.000013
483 0.000012
484 0.000015
485 0.000014
486 0.000010
487 0.000015
488 0.000012
489 0.000009
490 0.000014
491 0.000014
492 0.000010
493 0.000012
494 0.000017
495 0.000014
496 0.000011
497 0.000010
498 0.000010
499 0.000012
500 0.000010
501 0.000012
502 0.000010
503 0.000015
504 0.000007
505 0.000008
506 0.000012
507 0.000012
508 0.000009
509 0.000010
510 0.000008
511 0.000008
512 0.000009
513 0.000008
514 0.000010
515 0.000007
516 0.000006
517 0.000012
518 0.000009
519 0.000008
520 0.000006
521 0.000009
522 0.000008
523 0.000005
524 0.000006
525 0.000008
526 0.000010
527 0.000007
528 0.000006
529 0.000006
530 0.000008
531 0.000005
532 0.000005
533 0.000005
534 0.000004
535 0.000004
536 0.000006
537 0.000004
538 0.000005
539 0.000005
540 0.000006
541 0.000007
542 0.000004
543 0.000006
544 0.000006
545 0.000004
546 0.000003
547 0.000004
548 0.000005
549 0.000004
550 0.000004
551 0.000003
552 0.000002
553 0.000002
554 0.000003
555 0.000003
556 0.000001
557 0.000003
558 0.000004
559 0.000002
560 0.000002
561 0.000003
562 0.000004
563 0.000001
564 0.000004
565 0.000002
566 0.000002
567 0.000002
568 0.000002
569 0.000002
570 0.000003
571 0.000000
572 0.000001
573 0.000002
574 0.000002
575 0.000002
576 0.000000
577 0.000000
578 0.000003
579 0.000001
580 0.000002
581 0.000002
582 0.000002
583 0.000000
584 0.000000
585 0.000002
586 0.000000
587 0.000001
588 0.000001
589 0.000001
590 0.000000
591 0.000000
592 0.000000
593 0.000001
594 0.000001
595 0.000001
596 0.000000
597 0.000001
598 0.000001
599 0.000000
600 0.000000
601 0.000002
602 0.000000
603 0.000000
604 0.000000
605 0.000000
606 0.000000
607 0.000000
608 0.000000
609 0.000001
610 0.000001
611 0.000000
612 0.000000
613 0.000000
614 0.000000
615 0.000000
616 0.000000
617 0.000000
618 0.000000
619 0.000000
620 0.000000
621 0.000000
622 0.000000
623 0.000000
624 0.000000
625 0.000000
626 0.000000
627 0.000000
628 0.000000
629 0.000000
630 0.000000
631 0.000000
632 0.000000
633 0.000000
634 0.000000
635 0.000000
636 0.000000
637 0.000000
638 0.000000
639 0.000000
640 0.000000
641 0.000000
642 0.000000
643 0.000000
644 0.000000
645 0.000000
646 0.000000
647 0.000000
648 0.000000
649 0.000000
650 0.000000
651 0.000000
652 0.000000
653 0.000000
654 0.000000
655 0.000000
656 0.000000
657 0.000000
658 0.000000
659 0.000000
660 0.000000
661 0.000000
662 0.000000
663 0.000000
664 0.000000
665 0.000000
666 0.000000
667 0.000000
668 0.000000
669 0.000000
670 0.000000
671 0.000000
672 0.000000
673 0.000000
674 0.000000
675 0.000000
676 0.000000
677 0.000000
678 0.000000
679 0.000000
680 0.000000
681 0.000000
682 0.000000
683 0.000000
684 0.000000
685 0.000000
686 0.000000
687 0.000000
688 0.000000
689 0.000000
690 0.000000
691 0.000000
692 0.000000
693 0.000000
694 0.000000
695 0.000000
696 0.000000
697 0.000000
698 0.000000
699 0.000000
700 0.000000
701 0.000000
702 0.000000
703 0.000000
704 0.000000
705 0.000000
706 0.000000
707 0.000000
708 0.000000
709 0.000000
710 0.000000
711 0.000000
712 0.000000
713 0.000000
714 0.000000
715 0.000000
716 0.000000
717 0.000000
718 0.000000
719 0.000000
720 0.000000
721 0.000000
722 0.000000
723 0.000000
724 0.000000
725 0.000000
726 0.000000
727 0.000000
728 0.000000
729 0.000000
730 0.000000
731 0.000000
732 0.000000
733 0.000000
734 0.000000
735 0.000000
736 0.000000
737 0.000000
738 0.000000
739 0.000000
740 0.000000
741 0.000000
742 0.000000
743 0.000000
744 0.000000
745 0.000000
746 0.000000
747 0.000000
748 0.000000
749 0.000000
750 0.000000
751 0.000000
752 0.000000
753 0.000000
754 0.000000
755 0.000000
756 0.000000
757 0.000000
758 0.000000
759 0.000000
760 0.000000
761 0.000000
762 0.000000
763 0.000000
764 0.000000
765 0.000000
766 0.000000
767 0.000000
768 0.000000
769 0.000000
770 0.000000
771 0.000000
772 0.000000
773 0.000000
774 0.000000
775 0.000000
776 0.000000
777 0.000000
778 0.000000
779 0.000000
780 0.000000
781 0.000000
782 0.000000
783 0.000000
784 0.000000
785 0.000000
786 0.000000
787 0.000000
788 0.000000
789 0.000000
790 0.000000
791 0.000000
792 0.000000
793 0.000000
794 0.000000
795 0.000000
796 0.000000
797 0.000000
798 0.000000
799 0.000000
800 0.000000
801 0.000000
802 0.000000
803 0.000000
804 0.000000
805 0.000000
806 0.000000
807 0.000000
808 0.000000
809 0.000000
810 0.000000
811 0.000000
812 0.000000
813 0.000000
814 0.000000
815 0.000000
816 0.000000
817 0.000000
818 0.000000
819 0.000000
820 0.000000
821 0.000000
822 0.000000
823 0.000000
824 0.000000
825 0.000000
826 0.000000
827 0.000000
828 0.000000
829 0.000000
830 0.000000
831 0.000000
832 0.000000
833 0.000000
834 0.000000
835 0.000000
836 0.000000
837 0.000000
838 0.000000
839 0.000000
840 0.000000
841 0.000000
842 0.000000
843 0.000000
844 0.000000
845 0.000000
846 0.000000
847 0.000000
848 0.000000
849 0.000000
850 0.000000
851 0.000000
852 0.000000
853 0.000000
854 0.000000
855 0.000000
856 0.000000
857 0.000000
858 0.000000
859 0.000000
860 0.000000
861 0.000000
862 0.000000
863 0.000000
864 0.000000
865 0.000000
866 0.000000
867 0.000000
868 0.000000
869 0.000000
870 0.000000
871 0.000000
872 0.000000
873 0.000000
874 0.000000
875 0.000000
876 0.000000
877 0.000000
878 0.000000
879 0.000000
880 0.000000
881 0.000000
882 0.000000
883 0.000000
884 0.000000
885 0.000000
886 0.000000
887 0.000000
888 0.000000
889 0.000000
890 0.000000
891 0.000000
892 0.000000
893 0.000000
894 0.000000
895 0.000000
896 0.000000
897 0.000000
898 0.000000
899 0.000000
900 0.000000
901 0.000000
902 0.000000
903 0.000000
904 0.000000
905 0.000000
906 0.000000
907 0.000000
908 0.000000
909 0.000000
910 0.000000
911 0.000000
912 0.000000
913 0.000000
914 0.000000
915 0.000000
916 0.000000
917 0.000000
918 0.000000
919 0.000000
920 0.000000
921 0.000000
922 0.000000
923 0.000000
924 0.000000
925 0.000000
926 0.000000
927 0.000000
928 0.000000
929 0.000000
930 0.000000
931 0.000000
932 0.000000
933 0.000000
934 0.000000
935 0.000000
936 0.000000
937 0.000000
938 0.000000
939 0.000000
940 0.000000
941 0.000000
942 0.000000
943 0.000000
944 0.000000
945 0.000000
946 0.000000
947 0.000000
948 0.000000
949 0.000000
950 0.000000
951 0.000000
952 0.000000
953 0.000000
954 0.000000
955 0.000000
956 0.000000
957 0.000000
958 0.000000
959 0.000000
960 0.000000
961 0.000000
962 0.000000
963 0.000000
964 0.000000
965 0.000000
966 0.000000
967 0.000000
968 0.000000
969 0.000000
970 0.000000
971 0.000000
972 0.000000
973 0.000000
974 0.000000
975 0.000000
976 0.000000
977 0.000000
978 0.000000
979 0.000000
980 0.000000
981 0.000000
982 0.000000
983 0.000000
984 0.000000
985 0.000000
986 0.000000
987 0.000000
988 0.000000
989 0.000000
990 0.000000
991 0.000000
992 0.000000
993 0.000000
994 0.000000
995 0.000000
996 0.000000
997 0.000000
998 0.000000
999 0.000000
1000 0.000000
1001 0.000000
1002 0.000000
1003 0.000000
1004 0.000000
1005 0.000000
1006 0.000000
1007 0.000000
1008 0.000000
1009 0.000000
1010 0.000000
1011 0.000000
1012 0.000000
1013 0.000000
1014 0.000000
1015 0.000000
1016 0.000000
1017 0.000000
1018 0.000000
1019 0.000000
1020 0.000000
1021 0.000000
1022 0.000000
1023 0.000000
