0 0.000000
1 0.212226
2 0.046927
3 0.027849
4 0.018070
5 0.012518
6 0.009274
7 0.007149
8 0.005706
9 0.004655
10 0.003916
11 0.003287
12 0.002844
13 0.002498
14 0.002202
15 0.001934
16 0.001738
17 0.001554
18 0.001410
19 0.001285
20 0.001167
21 0.001087
22 0.000983
23 0.000916
24 0.000860
25 0.000780
26 0.000745
27 0.000677
28 0.000640
29 0.000627
30 0.000576
31 0.000539
32 0.000515
33 0.000493
34 0.000467
35 0.000436
36 0.000410
37 0.000400
38 0.000374
39 0.000368
40 0.000353
41 0.000338
42 0.000316
43 0.000314
44 0.000297
45 0.000288
46 0.000260
47 0.000262
48 0.000247
49 0.000233
50 0.000238
51 0.000229
52 0.000212
53 0.000216
54 0.000204
55 0.000214
56 0.000202
57 0.000193
58 0.000178
59 0.000184
60 0.000172
61 0.000163
62 0.000158
63 0.000158
64 0.000148
65 0.000152
66 0.000143
67 0.000133
68 0.000137
69 0.000128
70 0.000126
71 0.000128
72 0.000122
73 0.000124
74 0.000119
75 0.000113
76 0.000110
77 0.000106
78 0.000105
79 0.000104
80 0.000106
81 0.000099
82 0.000102
83 0.000102
84 0.000096
85 0.000094
86 0.000096
87 0.000088
88 0.000090
89 0.000092
90 0.000082
91 0.000081
92 0.000085
93 0.000080
94 0.000076
95 0.000080
96 0.000072
97 0.000076
98 0.000071
99 0.000069
100 0.000073
101 0.000069
102 0.000069
103 0.000065
104 0.000069
105 0.000068
106 0.000066
107 0.000069
108 0.000062
109 0.000061
110 0.000057
111 0.000055
112 0.000063
113 0.000059
114 0.000055
115 0.000051
116 0.000052
117 0.000051
118 0.000054
119 0.000049
120 0.000050
121 0.000047
122 0.000053
123 0.000050
124 0.000050
125 0.000048
126 0.000043
127 0.000051
128 0.000048
129 0.000041
130 0.000041
131 0.000040
132 0.000043
133 0.000042
134 0.000043
135 0.000044
136 0.000041
137 0.000041
138 0.000040
139 0.000037
140 0.000040
141 0.000040
142 0.000040
143 0.000038
144 0.000036
145 0.000036
146 0.000035
147 0.000036
148 0.000035
149 0.000034
150 0.000036
151 0.000034
152 0.000032
153 0.000033
154 0.000034
155 0.000034
156 0.000031
157 0.000031
158 0.000031
159 0.000031
160 0.000030
161 0.000034
162 0.000029
163 0.000031
164 0.000031
165 0.000029
166 0.000030
167 0.000028
168 0.000029
169 0.000027
170 0.000031
171 0.000028
172 0.000028
173 0.000027
174 0.000028
175 0.000026
176 0.000029
177 0.000029
178 0.000022
179 0.000027
180 0.000028
181 0.000023
182 0.000028
183 0.000024
184 0.000025
185 0.000025
186 0.000024
187 0.000022
188 0.000025
189 0.000023
190 0.000025
191 0.000024
192 0.000025
193 0.000022
194 0.000023
195 0.000023
196 0.000022
197 0.000024
198 0.000021
199 0.000019
200 0.000023
201 0.000021
202 0.000020
203 0.000021
204 0.000020
205 0.000020
206 0.000020
207 0.000021
208 0.000020
209 0.000019
210 0.000020
211 0.000020
212 0.000019
213 0.000020
214 0.000019
215 0.000019
216 0.000020
217 0.000019
218 0.000020
219 0.000017
220 0.000019
221 0.000019
222 0.000016
223 0.000015
224 0.000018
225 0.000019
226 0.000018
227 0.000015
228 0.000018
229 0.000018
230 0.000016
231 0.000016
232 0.000018
233 0.000017
234 0.000017
235 0.000017
236 0.000016
237 0.000015
238 0.000015
239 0.000015
240 0.000016
241 0.000015
242 0.000016
243 0.000014
244 0.000015
245 0.000017
246 0.000017
247 0.000013
248 0.000015
249 0.000013
250 0.000015
251 0.000015
252 0.000014
253 0.000016
254 0.000014
255 0.000014
256 0.000013
257 0.000017
258 0.000014
259 0.000014
260 0.000014
261 0.000014
262 0.000014
263 0.000013
264 0.000018
265 0.000014
266 0.000012
267 0.000014
268 0.000015
269 0.000014
270 0.000013
271 0.000012
272 0.000015
273 0.000014
274 0.000013
275 0.000014
276 0.000014
277 0.000014
278 0.000014
279 0.000012
280 0.000011
281 0.000011
282 0.000014
283 0.000013
284 0.000013
285 0.000012
286 0.000014
287 0.000014
288 0.000009
289 0.000010
290 0.000014
291 0.000013
292 0.000012
293 0.000013
294 0.000009
295 0.000011
296 0.000010
297 0.000013
298 0.000008
299 0.000010
300 0.000010
301 0.000009
302 0.000011
303 0.000010
304 0.000010
305 0.000010
306 0.000009
307 0.000009
308 0.000010
309 0.000012
310 0.000011
311 0.000011
312 0.000011
313 0.000011
314 0.000011
315 0.000010
316 0.000011
317 0.000010
318 0.000009
319 0.000010
320 0.000009
321 0.000010
322 0.000008
323 0.000012
324 0.000010
325 0.000011
326 0.000008
327 0.000011
328 0.000009
329 0.000009
330 0.000011
331 0.000009
332 0.000009
333 0.000009
334 0.000010
335 0.000008
336 0.000009
337 0.000009
338 0.000011
339 0.000009
340 0.000010
341 0.000010
342 0.000009
343 0.000009
344 0.000008
345 0.000008
346 0.000009
347 0.000009
348 0.000009
349 0.000010
350 0.000009
351 0.000009
352 0.000007
353 0.000009
354 0.000008
355 0.000008
356 0.000008
357 0.000009
358 0.000008
359 0.000008
360 0.000010
361 0.000007
362 0.000008
363 0.000008
364 0.000008
365 0.000008
366 0.000009
367 0.000008
368 0.000007
369 0.000007
370 0.000010
371 0.000009
372 0.000008
373 0.000008
374 0.000008
375 0.000008
376 0.000007
377 0.000007
378 0.000008
379 0.000007
380 0.000006
381 0.000009
382 0.000007
383 0.000007
384 0.000006
385 0.000006
386 0.000008
387 0.000007
388 0.000009
389 0.000008
390 0.000008
391 0.000008
392 0.000009
393 0.000007
394 0.000007
395 0.000006
396 0.000007
397 0.000009
398 0.000006
399 0.000008
400 0.000008
401 0.000006
402 0.000007
403 0.000008
404 0.000008
405 0.000008
406 0.000007
407 0.000006
408 0.000008
409 0.000005
410 0.000006
411 0.000008
412 0.000007
413 0.000007
414 0.000006
415 0.000009
416 0.000008
417 0.000007
418 0.000009
419 0.000007
420 0.000006
421 0.000006
422 0.000008
423 0.000007
424 0.000006
425 0.000006
426 0.000005
427 0.000006
428 0.000004
429 0.000005
430 0.000005
431 0.000006
432 0.000005
433 0.000005
434 0.000005
435 0.000006
436 0.000006
437 0.000006
438 0.000005
439 0.000006
440 0.000006
441 0.000006
442 0.000007
443 0.000007
444 0.000004
445 0.000007
446 0.000005
447 0.000006
448 0.000007
449 0.000005
450 0.000006
451 0.000005
452 0.000006
453 0.000007
454 0.000005
455 0.000004
456 0.000005
457 0.000005
458 0.000007
459 0.000006
460 0.000006
461 0.000006
462 0.000005
463 0.000006
464 0.000005
465 0.000006
466 0.000007
467 0.000006
468 0.000006
469 0.000006
470 0.000005
471 0.000006
472 0.000005
473 0.000005
474 0.000004
475 0.000005
476 0.000005
477 0.000005
478 0.000005
479 0.000004
480 0.000005
481 0.000004
482 0.000004
483 0.000005
484 0.000004
485 0.000006
486 0.000004
487 0.000005
488 0.000006
489 0.000005
490 0.000005
491 0.000004
492 0.000005
493 0.000004
494 0.000005
495 0.000005
496 0.000004
497 0.000005
498 0.000006
499 0.000004
500 0.000005
501 0.000006
502 0.000005
503 0.000004
504 0.000006
505 0.000005
506 0.000005
507 0.000004
508 0.000005
509 0.000005
510 0.000005
511 0.000005
512 0.000005
513 0.000004
514 0.000005
515 0.000004
516 0.000004
517 0.000004
518 0.000005
519 0.000004
520 0.000004
521 0.000005
522 0.000006
523 0.000004
524 0.000004
525 0.000005
526 0.000005
527 0.000005
528 0.000005
529 0.000005
530 0.000004
531 0.000004
532 0.000004
533 0.000005
534 0.000005
535 0.000004
536 0.000005
537 0.000004
538 0.000004
539 0.000004
540 0.000004
541 0.000004
542 0.000005
543 0.000005
544 0.000005
545 0.000004
546 0.000004
547 0.000004
548 0.000004
549 0.000005
550 0.000003
551 0.000004
552 0.000004
553 0.000004
554 0.000004
555 0.000003
556 0.000005
557 0.000004
558 0.000004
559 0.000004
560 0.000005
561 0.000005
562 0.000006
563 0.000005
564 0.000003
565 0.000005
566 0.000005
567 0.000004
568 0.000004
569 0.000003
570 0.000005
571 0.000004
572 0.000004
573 0.000003
574 0.000004
575 0.000003
576 0.000004
577 0.000004
578 0.000004
579 0.000005
580 0.000003
581 0.000005
582 0.000006
583 0.000004
584 0.000003
585 0.000003
586 0.000003
587 0.000003
588 0.000003
589 0.000004
590 0.000002
591 0.000003
592 0.000003
593 0.000004
594 0.000005
595 0.000003
596 0.000003
597 0.000003
598 0.000004
599 0.000004
600 0.000004
601 0.000003
602 0.000004
603 0.000003
604 0.000005
605 0.000004
606 0.000004
607 0.000005
608 0.000004
609 0.000004
610 0.000004
611 0.000004
612 0.000003
613 0.000004
614 0.000003
615 0.000003
616 0.000005
617 0.000004
618 0.000003
619 0.000003
620 0.000003
621 0.000004
622 0.000003
623 0.000005
624 0.000004
625 0.000004
626 0.000003
627 0.000004
628 0.000003
629 0.000004
630 0.000003
631 0.000004
632 0.000003
633 0.000003
634 0.000005
635 0.000004
636 0.000004
637 0.000003
638 0.000004
639 0.000003
640 0.000003
641 0.000004
642 0.000004
643 0.000003
644 0.000004
645 0.000004
646 0.000004
647 0.000003
648 0.000004
649 0.000003
650 0.000003
651 0.000002
652 0.000004
653 0.000004
654 0.000003
655 0.000004
656 0.000004
657 0.000003
658 0.000003
659 0.000003
660 0.000004
661 0.000003
662 0.000004
663 0.000003
664 0.000004
665 0.000002
666 0.000002
667 0.000004
668 0.000004
669 0.000004
670 0.000004
671 0.000004
672 0.000003
673 0.000003
674 0.000003
675 0.000003
676 0.000003
677 0.000004
678 0.000003
679 0.000003
680 0.000004
681 0.000003
682 0.000003
683 0.000002
684 0.000003
685 0.000004
686 0.000003
687 0.000004
688 0.000003
689 0.000004
690 0.000003
691 0.000003
692 0.000003
693 0.000004
694 0.000003
695 0.000004
696 0.000005
697 0.000004
698 0.000004
699 0.000003
700 0.000003
701 0.000003
702 0.000003
703 0.000003
704 0.000003
705 0.000003
706 0.000003
707 0.000003
708 0.000003
709 0.000002
710 0.000004
711 0.000002
712 0.000004
713 0.000003
714 0.000003
715 0.000003
716 0.000004
717 0.000002
718 0.000003
719 0.000003
720 0.000003
721 0.000004
722 0.000002
723 0.000003
724 0.000003
725 0.000004
726 0.000003
727 0.000003
728 0.000003
729 0.000004
730 0.000003
731 0.000002
732 0.000003
733 0.000002
734 0.000003
735 0.000003
736 0.000003
737 0.000003
738 0.000004
739 0.000002
740 0.000003
741 0.000004
742 0.000004
743 0.000003
744 0.000003
745 0.000003
746 0.000004
747 0.000003
748 0.000003
749 0.000003
750 0.000003
751 0.000003
752 0.000004
753 0.000004
754 0.000003
755 0.000003
756 0.000003
757 0.000002
758 0.000002
759 0.000003
760 0.000002
761 0.000004
762 0.000004
763 0.000004
764 0.000002
765 0.000003
766 0.000004
767 0.000003
768 0.000002
769 0.000003
770 0.000003
771 0.000003
772 0.000003
773 0.000002
774 0.000003
775 0.000003
776 0.000003
777 0.000003
778 0.000003
779 0.000003
780 0.000003
781 0.000003
782 0.000003
783 0.000002
784 0.000002
785 0.000003
786 0.000002
787 0.000003
788 0.000003
789 0.000003
790 0.000002
791 0.000002
792 0.000002
793 0.000003
794 0.000003
795 0.000004
796 0.000002
797 0.000003
798 0.000003
799 0.000002
800 0.000003
801 0.000004
802 0.000003
803 0.000002
804 0.000003
805 0.000003
806 0.000003
807 0.000002
808 0.000001
809 0.000003
810 0.000003
811 0.000003
812 0.000002
813 0.000003
814 0.000004
815 0.000003
816 0.000002
817 0.000003
818 0.000003
819 0.000003
820 0.000003
821 0.000002
822 0.000003
823 0.000004
824 0.000002
825 0.000003
826 0.000003
827 0.000003
828 0.000003
829 0.000003
830 0.000002
831 0.000002
832 0.000002
833 0.000003
834 0.000002
835 0.000002
836 0.000003
837 0.000003
838 0.000003
839 0.000003
840 0.000003
841 0.000002
842 0.000004
843 0.000002
844 0.000003
845 0.000003
846 0.000002
847 0.000003
848 0.000003
849 0.000003
850 0.000003
851 0.000003
852 0.000003
853 0.000003
854 0.000003
855 0.000002
856 0.000003
857 0.000002
858 0.000004
859 0.000002
860 0.000003
861 0.000003
862 0.000003
863 0.000002
864 0.000001
865 0.000003
866 0.000003
867 0.000003
868 0.000002
869 0.000002
870 0.000003
871 0.000003
872 0.000003
873 0.000002
874 0.000003
875 0.000002
876 0.000002
877 0.000002
878 0.000002
879 0.000003
880 0.000002
881 0.000002
882 0.000003
883 0.000003
884 0.000002
885 0.000002
886 0.000002
887 0.000001
888 0.000003
889 0.000003
890 0.000003
891 0.000003
892 0.000003
893 0.000003
894 0.000003
895 0.000004
896 0.000002
897 0.000003
898 0.000003
899 0.000002
900 0.000003
901 0.000002
902 0.000003
903 0.000002
904 0.000003
905 0.000002
906 0.000003
907 0.000002
908 0.000003
909 0.000002
910 0.000003
911 0.000003
912 0.000002
913 0.000002
914 0.000001
915 0.000003
916 0.000001
917 0.000002
918 0.000003
919 0.000001
920 0.000003
921 0.000003
922 0.000003
923 0.000003
924 0.000003
925 0.000002
926 0.000002
927 0.000002
928 0.000002
929 0.000003
930 0.000003
931 0.000002
932 0.000003
933 0.000002
934 0.000002
935 0.000002
936 0.000002
937 0.000002
938 0.000003
939 0.000003
940 0.000003
941 0.000003
942 0.000003
943 0.000003
944 0.000002
945 0.000003
946 0.000003
947 0.000002
948 0.000003
949 0.000002
950 0.000003
951 0.000003
952 0.000002
953 0.000002
954 0.000002
955 0.000002
956 0.000002
957 0.000002
958 0.000002
959 0.000003
960 0.000002
961 0.000003
962 0.000003
963 0.000002
964 0.000004
965 0.000002
966 0.000003
967 0.000004
968 0.000002
969 0.000001
970 0.000003
971 0.000003
972 0.000002
973 0.000002
974 0.000003
975 0.000003
976 0.000002
977 0.000002
978 0.000003
979 0.000002
980 0.000002
981 0.000002
982 0.000002
983 0.000002
984 0.000003
985 0.000002
986 0.000003
987 0.000003
988 0.000002
989 0.000002
990 0.000002
991 0.000003
992 0.000002
993 0.000003
994 0.000002
995 0.000002
996 0.000003
997 0.000002
998 0.000002
999 0.000002
1000 0.000002
1001 0.000002
1002 0.000002
1003 0.000002
1004 0.000002
1005 0.000003
1006 0.000002
1007 0.000004
1008 0.000002
1009 0.000003
1010 0.000002
1011 0.000003
1012 0.000002
1013 0.000002
1014 0.000002
1015 0.000002
1016 0.000003
1017 0.000002
1018 0.000003
1019 0.000002
1020 0.000002
1021 0.000002
1022 0.000003
1023 0.000001
1024 0.000002
1025 0.000002
1026 0.000002
1027 0.000003
1028 0.000002
1029 0.000002
1030 0.000003
1031 0.000002
1032 0.000002
1033 0.000003
1034 0.000002
1035 0.000002
1036 0.000002
1037 0.000003
1038 0.000002
1039 0.000002
1040 0.000003
1041 0.000002
1042 0.000002
1043 0.000002
1044 0.000003
1045 0.000002
1046 0.000002
1047 0.000003
1048 0.000002
1049 0.000002
1050 0.000003
1051 0.000003
1052 0.000002
1053 0.000001
1054 0.000001
1055 0.000003
1056 0.000003
1057 0.000003
1058 0.000002
1059 0.000002
1060 0.000003
1061 0.000002
1062 0.000003
1063 0.000003
1064 0.000003
1065 0.000004
1066 0.000002
1067 0.000002
1068 0.000002
1069 0.000001
1070 0.000002
1071 0.000002
1072 0.000002
1073 0.000002
1074 0.000003
1075 0.000002
1076 0.000002
1077 0.000002
1078 0.000003
1079 0.000003
1080 0.000003
1081 0.000003
1082 0.000003
1083 0.000002
1084 0.000002
1085 0.000002
1086 0.000002
1087 0.000003
1088 0.000002
1089 0.000002
1090 0.000003
1091 0.000003
1092 0.000002
1093 0.000002
1094 0.000002
1095 0.000003
1096 0.000002
1097 0.000003
1098 0.000002
1099 0.000002
1100 0.000001
1101 0.000002
1102 0.000002
1103 0.000001
1104 0.000003
1105 0.000002
1106 0.000002
1107 0.000003
1108 0.000003
1109 0.000002
1110 0.000003
1111 0.000002
1112 0.000002
1113 0.000002
1114 0.000003
1115 0.000002
1116 0.000001
1117 0.000003
1118 0.000002
1119 0.000002
1120 0.000003
1121 0.000002
1122 0.000003
1123 0.000001
1124 0.000002
1125 0.000003
1126 0.000002
1127 0.000002
1128 0.000002
1129 0.000003
1130 0.000002
1131 0.000001
1132 0.000001
1133 0.000003
1134 0.000003
1135 0.000002
1136 0.000002
1137 0.000002
1138 0.000002
1139 0.000002
1140 0.000002
1141 0.000003
1142 0.000002
1143 0.000003
1144 0.000001
1145 0.000002
1146 0.000001
1147 0.000002
1148 0.000002
1149 0.000002
1150 0.000002
1151 0.000001
1152 0.000001
1153 0.000002
1154 0.000002
1155 0.000003
1156 0.000003
1157 0.000002
1158 0.000002
1159 0.000002
1160 0.000002
1161 0.000002
1162 0.000002
1163 0.000002
1164 0.000002
1165 0.000002
1166 0.000003
1167 0.000002
1168 0.000001
1169 0.000002
1170 0.000003
1171 0.000002
1172 0.000002
1173 0.000002
1174 0.000002
1175 0.000002
1176 0.000003
1177 0.000002
1178 0.000003
1179 0.000002
1180 0.000002
1181 0.000003
1182 0.000003
1183 0.000002
1184 0.000003
1185 0.000002
1186 0.000003
1187 0.000003
1188 0.000002
1189 0.000001
1190 0.000002
1191 0.000002
1192 0.000003
1193 0.000002
1194 0.000003
1195 0.000003
1196 0.000002
1197 0.000003
1198 0.000002
1199 0.000002
1200 0.000002
1201 0.000003
1202 0.000001
1203 0.000002
1204 0.000002
1205 0.000002
1206 0.000002
1207 0.000003
1208 0.000002
1209 0.000003
1210 0.000002
1211 0.000002
1212 0.000002
1213 0.000002
1214 0.000002
1215 0.000002
1216 0.000002
1217 0.000002
1218 0.000002
1219 0.000001
1220 0.000002
1221 0.000002
1222 0.000002
1223 0.000001
1224 0.000003
1225 0.000002
1226 0.000002
1227 0.000002
1228 0.000002
1229 0.000001
1230 0.000003
1231 0.000003
1232 0.000002
1233 0.000002
1234 0.000003
1235 0.000002
1236 0.000002
1237 0.000002
1238 0.000003
1239 0.000002
1240 0.000003
1241 0.000002
1242 0.000002
1243 0.000002
1244 0.000002
1245 0.000002
1246 0.000001
1247 0.000002
1248 0.000002
1249 0.000002
1250 0.000003
1251 0.000002
1252 0.000001
1253 0.000002
1254 0.000002
1255 0.000001
1256 0.000002
1257 0.000002
1258 0.000003
1259 0.000002
1260 0.000002
1261 0.000002
1262 0.000002
1263 0.000002
1264 0.000002
1265 0.000003
1266 0.000003
1267 0.000002
1268 0.000002
1269 0.000002
1270 0.000002
1271 0.000002
1272 0.000002
1273 0.000002
1274 0.000002
1275 0.000002
1276 0.000002
1277 0.000001
1278 0.000003
1279 0.000003
1280 0.000003
1281 0.000002
1282 0.000002
1283 0.000003
1284 0.000002
1285 0.000002
1286 0.000003
1287 0.000002
1288 0.000002
1289 0.000002
1290 0.000002
1291 0.000003
1292 0.000002
1293 0.000002
1294 0.000003
1295 0.000003
1296 0.000003
1297 0.000002
1298 0.000003
1299 0.000002
1300 0.000003
1301 0.000002
1302 0.000003
1303 0.000002
1304 0.000003
1305 0.000002
1306 0.000003
1307 0.000003
1308 0.000002
1309 0.000003
1310 0.000002
1311 0.000003
1312 0.000002
1313 0.000003
1314 0.000002
1315 0.000003
1316 0.000003
1317 0.000003
1318 0.000003
1319 0.000001
1320 0.000001
1321 0.000002
1322 0.000002
1323 0.000003
1324 0.000002
1325 0.000002
1326 0.000001
1327 0.000002
1328 0.000003
1329 0.000002
1330 0.000001
1331 0.000003
1332 0.000001
1333 0.000001
1334 0.000003
1335 0.000002
1336 0.000003
1337 0.000002
1338 0.000003
1339 0.000002
1340 0.000002
1341 0.000002
1342 0.000002
1343 0.000002
1344 0.000003
1345 0.000003
1346 0.000002
1347 0.000003
1348 0.000002
1349 0.000002
1350 0.000002
1351 0.000002
1352 0.000002
1353 0.000002
1354 0.000002
1355 0.000003
1356 0.000002
1357 0.000002
1358 0.000003
1359 0.000002
1360 0.000001
1361 0.000001
1362 0.000001
1363 0.000002
1364 0.000002
1365 0.000002
1366 0.000002
1367 0.000003
1368 0.000002
1369 0.000002
1370 0.000002
1371 0.000003
1372 0.000002
1373 0.000002
1374 0.000002
1375 0.000002
1376 0.000003
1377 0.000003
1378 0.000002
1379 0.000001
1380 0.000001
1381 0.000002
1382 0.000002
1383 0.000002
1384 0.000002
1385 0.000002
1386 0.000002
1387 0.000002
1388 0.000003
1389 0.000003
1390 0.000003
1391 0.000001
1392 0.000003
1393 0.000003
1394 0.000002
1395 0.000002
1396 0.000003
1397 0.000002
1398 0.000003
1399 0.000003
1400 0.000002
1401 0.000003
1402 0.000002
1403 0.000002
1404 0.000001
1405 0.000002
1406 0.000001
1407 0.000003
1408 0.000002
1409 0.000001
1410 0.000002
1411 0.000002
1412 0.000002
1413 0.000002
1414 0.000002
1415 0.000002
1416 0.000001
1417 0.000003
1418 0.000003
1419 0.000002
1420 0.000002
1421 0.000002
1422 0.000003
1423 0.000002
1424 0.000002
1425 0.000002
1426 0.000003
1427 0.000002
1428 0.000003
1429 0.000001
1430 0.000002
1431 0.000002
1432 0.000002
1433 0.000001
1434 0.000001
1435 0.000003
1436 0.000002
1437 0.000002
1438 0.000001
1439 0.000002
1440 0.000003
1441 0.000002
1442 0.000003
1443 0.000003
1444 0.000001
1445 0.000002
1446 0.000003
1447 0.000002
1448 0.000002
1449 0.000002
1450 0.000002
1451 0.000003
1452 0.000002
1453 0.000002
1454 0.000002
1455 0.000001
1456 0.000002
1457 0.000002
1458 0.000002
1459 0.000002
1460 0.000002
1461 0.000002
1462 0.000002
1463 0.000003
1464 0.000003
1465 0.000003
1466 0.000001
1467 0.000002
1468 0.000002
1469 0.000003
1470 0.000002
1471 0.000002
1472 0.000003
1473 0.000002
1474 0.000002
1475 0.000001
1476 0.000003
1477 0.000003
1478 0.000003
1479 0.000002
1480 0.000002
1481 0.000001
1482 0.000002
1483 0.000001
1484 0.000002
1485 0.000002
1486 0.000001
1487 0.000002
1488 0.000002
1489 0.000002
1490 0.000002
1491 0.000001
1492 0.000003
1493 0.000002
1494 0.000002
1495 0.000002
1496 0.000002
1497 0.000003
1498 0.000002
1499 0.000002
1500 0.000002
1501 0.000002
1502 0.000002
1503 0.000002
1504 0.000002
1505 0.000003
1506 0.000002
1507 0.000002
1508 0.000002
1509 0.000003
1510 0.000003
1511 0.000002
1512 0.000002
1513 0.000002
1514 0.000003
1515 0.000002
1516 0.000002
1517 0.000002
1518 0.000002
1519 0.000002
1520 0.000002
1521 0.000003
1522 0.000002
1523 0.000003
1524 0.000003
1525 0.000002
1526 0.000003
1527 0.000002
1528 0.000003
1529 0.000002
1530 0.000003
1531 0.000002
1532 0.000003
1533 0.000002
1534 0.000002
1535 0.000002
1536 0.000002
1537 0.000002
1538 0.000002
1539 0.000002
1540 0.000003
1541 0.000004
1542 0.000002
1543 0.000002
1544 0.000002
1545 0.000001
1546 0.000003
1547 0.000002
1548 0.000001
1549 0.000003
1550 0.000002
1551 0.000003
1552 0.000001
1553 0.000002
1554 0.000003
1555 0.000002
1556 0.000002
1557 0.000002
1558 0.000003
1559 0.000002
1560 0.000002
1561 0.000002
1562 0.000002
1563 0.000002
1564 0.000003
1565 0.000002
1566 0.000002
1567 0.000002
1568 0.000002
1569 0.000002
1570 0.000002
1571 0.000002
1572 0.000003
1573 0.000004
1574 0.000002
1575 0.000003
1576 0.000003
1577 0.000002
1578 0.000003
1579 0.000002
1580 0.000002
1581 0.000002
1582 0.000002
1583 0.000002
1584 0.000002
1585 0.000003
1586 0.000002
1587 0.000002
1588 0.000002
1589 0.000002
1590 0.000002
1591 0.000002
1592 0.000003
1593 0.000002
1594 0.000002
1595 0.000002
1596 0.000002
1597 0.000002
1598 0.000002
1599 0.000002
1600 0.000002
1601 0.000002
1602 0.000003
1603 0.000002
1604 0.000003
1605 0.000002
1606 0.000002
1607 0.000002
1608 0.000002
1609 0.000002
1610 0.000002
1611 0.000002
1612 0.000002
1613 0.000003
1614 0.000002
1615 0.000003
1616 0.000002
1617 0.000002
1618 0.000002
1619 0.000002
1620 0.000002
1621 0.000002
1622 0.000002
1623 0.000003
1624 0.000002
1625 0.000002
1626 0.000002
1627 0.000002
1628 0.000002
1629 0.000001
1630 0.000002
1631 0.000002
1632 0.000001
1633 0.000003
1634 0.000003
1635 0.000002
1636 0.000001
1637 0.000002
1638 0.000003
1639 0.000003
1640 0.000002
1641 0.000003
1642 0.000002
1643 0.000002
1644 0.000002
1645 0.000002
1646 0.000001
1647 0.000002
1648 0.000002
1649 0.000002
1650 0.000003
1651 0.000002
1652 0.000001
1653 0.000002
1654 0.000001
1655 0.000001
1656 0.000002
1657 0.000002
1658 0.000002
1659 0.000002
1660 0.000003
1661 0.000002
1662 0.000002
1663 0.000002
1664 0.000002
1665 0.000001
1666 0.000003
1667 0.000002
1668 0.000003
1669 0.000003
1670 0.000002
1671 0.000002
1672 0.000001
1673 0.000002
1674 0.000001
1675 0.000002
1676 0.000002
1677 0.000003
1678 0.000002
1679 0.000002
1680 0.000002
1681 0.000001
1682 0.000002
1683 0.000002
1684 0.000002
1685 0.000002
1686 0.000001
1687 0.000002
1688 0.000002
1689 0.000002
1690 0.000003
1691 0.000002
1692 0.000002
1693 0.000003
1694 0.000003
1695 0.000001
1696 0.000002
1697 0.000002
1698 0.000002
1699 0.000002
1700 0.000001
1701 0.000002
1702 0.000002
1703 0.000002
1704 0.000002
1705 0.000002
1706 0.000002
1707 0.000001
1708 0.000002
1709 0.000002
1710 0.000002
1711 0.000002
1712 0.000002
1713 0.000003
1714 0.000001
1715 0.000003
1716 0.000003
1717 0.000001
1718 0.000001
1719 0.000002
1720 0.000001
1721 0.000002
1722 0.000001
1723 0.000002
1724 0.000002
1725 0.000002
1726 0.000002
1727 0.000001
1728 0.000001
1729 0.000001
1730 0.000002
1731 0.000001
1732 0.000002
1733 0.000001
1734 0.000001
1735 0.000001
1736 0.000002
1737 0.000003
1738 0.000002
1739 0.000002
1740 0.000002
1741 0.000001
1742 0.000002
1743 0.000002
1744 0.000002
1745 0.000002
1746 0.000002
1747 0.000002
1748 0.000001
1749 0.000002
1750 0.000002
1751 0.000002
1752 0.000001
1753 0.000001
1754 0.000001
1755 0.000001
1756 0.000001
1757 0.000002
1758 0.000002
1759 0.000002
1760 0.000002
1761 0.000001
1762 0.000002
1763 0.000002
1764 0.000002
1765 0.000002
1766 0.000002
1767 0.000002
1768 0.000002
1769 0.000002
1770 0.000002
1771 0.000002
1772 0.000001
1773 0.000002
1774 0.000001
1775 0.000002
1776 0.000002
1777 0.000001
1778 0.000001
1779 0.000002
1780 0.000002
1781 0.000002
1782 0.000002
1783 0.000002
1784 0.000001
1785 0.000002
1786 0.000001
1787 0.000003
1788 0.000001
1789 0.000001
1790 0.000001
1791 0.000001
1792 0.000001
1793 0.000001
1794 0.000001
1795 0.000001
1796 0.000002
1797 0.000001
1798 0.000002
1799 0.000001
1800 0.000002
1801 0.000002
1802 0.000002
1803 0.000002
1804 0.000001
1805 0.000002
1806 0.000002
1807 0.000001
1808 0.000001
1809 0.000001
1810 0.000001
1811 0.000001
1812 0.000001
1813 0.000000
1814 0.000001
1815 0.000001
1816 0.000002
1817 0.000002
1818 0.000001
1819 0.000002
1820 0.000002
1821 0.000002
1822 0.000001
1823 0.000003
1824 0.000001
1825 0.000001
1826 0.000002
1827 0.000002
1828 0.000002
1829 0.000002
1830 0.000002
1831 0.000002
1832 0.000002
1833 0.000001
1834 0.000001
1835 0.000001
1836 0.000002
1837 0.000001
1838 0.000001
1839 0.000001
1840 0.000001
1841 0.000002
1842 0.000001
1843 0.000002
1844 0.000001
1845 0.000002
1846 0.000002
1847 0.000002
1848 0.000001
1849 0.000002
1850 0.000001
1851 0.000002
1852 0.000001
1853 0.000001
1854 0.000001
1855 0.000001
1856 0.000001
1857 0.000001
1858 0.000002
1859 0.000001
1860 0.000001
1861 0.000001
1862 0.000001
1863 0.000001
1864 0.000001
1865 0.000002
1866 0.000001
1867 0.000001
1868 0.000001
1869 0.000002
1870 0.000002
1871 0.000002
1872 0.000001
1873 0.000002
1874 0.000001
1875 0.000001
1876 0.000001
1877 0.000001
1878 0.000002
1879 0.000001
1880 0.000001
1881 0.000001
1882 0.000002
1883 0.000001
1884 0.000001
1885 0.000001
1886 0.000001
1887 0.000002
1888 0.000002
1889 0.000002
1890 0.000001
1891 0.000001
1892 0.000002
1893 0.000001
1894 0.000001
1895 0.000002
1896 0.000001
1897 0.000001
1898 0.000001
1899 0.000002
1900 0.000002
1901 0.000001
1902 0.000001
1903 0.000001
1904 0.000002
1905 0.000001
1906 0.000001
1907 0.000002
1908 0.000002
1909 0.000001
1910 0.000001
1911 0.000001
1912 0.000001
1913 0.000001
1914 0.000001
1915 0.000001
1916 0.000001
1917 0.000001
1918 0.000000
1919 0.000001
1920 0.000001
1921 0.000001
1922 0.000001
1923 0.000001
1924 0.000001
1925 0.000001
1926 0.000002
1927 0.000001
1928 0.000001
1929 0.000001
1930 0.000001
1931 0.000001
1932 0.000001
1933 0.000002
1934 0.000001
1935 0.000001
1936 0.000001
1937 0.000001
1938 0.000001
1939 0.000001
1940 0.000001
1941 0.000001
1942 0.000001
1943 0.000001
1944 0.000001
1945 0.000001
1946 0.000001
1947 0.000001
1948 0.000001
1949 0.000001
1950 0.000000
1951 0.000001
1952 0.000001
1953 0.000002
1954 0.000001
1955 0.000001
1956 0.000001
1957 0.000001
1958 0.000002
1959 0.000001
1960 0.000001
1961 0.000000
1962 0.000002
1963 0.000001
1964 0.000001
1965 0.000001
1966 0.000001
1967 0.000002
1968 0.000001
1969 0.000001
1970 0.000002
1971 0.000001
1972 0.000001
1973 0.000001
1974 0.000001
1975 0.000001
1976 0.000001
1977 0.000001
1978 0.000001
1979 0.000001
1980 0.000001
1981 0.000001
1982 0.000000
1983 0.000001
1984 0.000001
1985 0.000000
1986 0.000001
1987 0.000001
1988 0.000001
1989 0.000001
1990 0.000001
1991 0.000001
1992 0.000001
1993 0.000001
1994 0.000000
1995 0.000000
1996 0.000001
1997 0.000001
1998 0.000001
1999 0.000001
2000 0.000001
2001 0.000002
2002 0.000001
2003 0.000001
2004 0.000001
2005 0.000001
2006 0.000001
2007 0.000000
2008 0.000001
2009 0.000001
2010 0.000000
2011 0.000001
2012 0.000001
2013 0.000000
2014 0.000001
2015 0.000001
2016 0.000001
2017 0.000001
2018 0.000001
2019 0.000001
2020 0.000000
2021 0.000001
2022 0.000001
2023 0.000001
2024 0.000001
2025 0.000001
2026 0.000001
2027 0.000000
2028 0.000000
2029 0.000000
2030 0.000001
2031 0.000001
2032 0.000001
2033 0.000001
2034 0.000001
2035 0.000000
2036 0.000001
2037 0.000001
2038 0.000000
2039 0.000000
2040 0.000001
2041 0.000001
2042 0.000000
2043 0.000000
2044 0.000001
2045 0.000001
2046 0.000001
2047 0.000001
2048 0.000000
2049 0.000001
2050 0.000001
2051 0.000000
2052 0.000000
2053 0.000000
2054 0.000001
2055 0.000001
2056 0.000001
2057 0.000001
2058 0.000000
2059 0.000001
2060 0.000000
2061 0.000001
2062 0.000000
2063 0.000000
2064 0.000000
2065 0.000001
2066 0.000000
2067 0.000001
2068 0.000001
2069 0.000000
2070 0.000000
2071 0.000000
2072 0.000000
2073 0.000000
2074 0.000000
2075 0.000000
2076 0.000001
2077 0.000001
2078 0.000001
2079 0.000000
2080 0.000001
2081 0.000000
2082 0.000000
2083 0.000000
2084 0.000001
2085 0.000001
2086 0.000000
2087 0.000000
2088 0.000000
2089 0.000000
2090 0.000000
2091 0.000000
2092 0.000000
2093 0.000001
2094 0.000000
2095 0.000001
2096 0.000000
2097 0.000000
2098 0.000001
2099 0.000000
2100 0.000001
2101 0.000000
2102 0.000000
2103 0.000001
2104 0.000000
2105 0.000000
2106 0.000000
2107 0.000000
2108 0.000000
2109 0.000000
2110 0.000000
2111 0.000000
2112 0.000000
2113 0.000000
2114 0.000000
2115 0.000000
2116 0.000000
2117 0.000000
2118 0.000000
2119 0.000000
2120 0.000000
2121 0.000000
2122 0.000000
2123 0.000000
2124 0.000000
2125 0.000000
2126 0.000000
2127 0.000000
2128 0.000000
2129 0.000000
2130 0.000000
2131 0.000000
2132 0.000000
2133 0.000000
2134 0.000001
2135 0.000000
2136 0.000000
2137 0.000000
2138 0.000000
2139 0.000000
2140 0.000000
2141 0.000000
2142 0.000000
2143 0.000000
2144 0.000000
2145 0.000000
2146 0.000000
2147 0.000000
2148 0.000000
2149 0.000000
2150 0.000000
2151 0.000000
2152 0.000000
2153 0.000000
2154 0.000000
2155 0.000000
2156 0.000000
2157 0.000000
2158 0.000000
2159 0.000000
2160 0.000000
2161 0.000000
2162 0.000000
2163 0.000000
2164 0.000000
2165 0.000000
2166 0.000000
2167 0.000000
2168 0.000000
2169 0.000000
2170 0.000000
2171 0.000000
2172 0.000000
2173 0.000000
2174 0.000000
2175 0.000000
2176 0.000000
2177 0.000000
2178 0.000000
2179 0.000000
2180 0.000000
2181 0.000000
2182 0.000000
2183 0.000000
2184 0.000000
2185 0.000000
2186 0.000000
2187 0.000000
2188 0.000000
2189 0.000000
2190 0.000000
2191 0.000000
2192 0.000000
2193 0.000000
2194 0.000000
2195 0.000000
2196 0.000000
2197 0.000000
2198 0.000000
2199 0.000000
2200 0.000000
2201 0.000000
2202 0.000000
2203 0.000000
2204 0.000000
2205 0.000000
2206 0.000000
2207 0.000000
2208 0.000000
2209 0.000000
2210 0.000000
2211 0.000000
2212 0.000000
2213 0.000000
2214 0.000000
2215 0.000000
2216 0.000000
2217 0.000000
2218 0.000000
2219 0.000000
2220 0.000000
2221 0.000000
2222 0.000000
2223 0.000000
2224 0.000000
2225 0.000000
2226 0.000000
2227 0.000000
2228 0.000000
2229 0.000000
2230 0.000000
2231 0.000000
2232 0.000000
2233 0.000000
2234 0.000000
2235 0.000000
2236 0.000000
2237 0.000000
2238 0.000000
2239 0.000000
2240 0.000000
2241 0.000000
2242 0.000000
2243 0.000000
2244 0.000000
2245 0.000000
2246 0.000000
2247 0.000000
2248 0.000000
2249 0.000000
2250 0.000000
2251 0.000000
2252 0.000000
2253 0.000000
2254 0.000000
2255 0.000000
2256 0.000000
2257 0.000000
2258 0.000000
2259 0.000000
2260 0.000000
2261 0.000000
2262 0.000000
2263 0.000000
2264 0.000000
2265 0.000000
2266 0.000000
2267 0.000000
2268 0.000000
2269 0.000000
2270 0.000000
2271 0.000000
2272 0.000000
2273 0.000000
2274 0.000000
2275 0.000000
2276 0.000000
2277 0.000000
2278 0.000000
2279 0.000000
2280 0.000000
2281 0.000000
2282 0.000000
2283 0.000000
2284 0.000000
2285 0.000000
2286 0.000000
2287 0.000000
2288 0.000000
2289 0.000000
2290 0.000000
2291 0.000000
2292 0.000000
2293 0.000000
2294 0.000000
2295 0.000000
2296 0.000000
2297 0.000000
2298 0.000000
2299 0.000000
2300 0.000000
2301 0.000000
2302 0.000000
2303 0.000000
2304 0.000000
2305 0.000000
2306 0.000000
2307 0.000000
2308 0.000000
2309 0.000000
2310 0.000000
2311 0.000000
2312 0.000000
2313 0.000000
2314 0.000000
2315 0.000000
2316 0.000000
2317 0.000000
2318 0.000000
2319 0.000000
2320 0.000000
2321 0.000000
2322 0.000000
2323 0.000000
2324 0.000000
2325 0.000000
2326 0.000000
2327 0.000000
2328 0.000000
2329 0.000000
2330 0.000000
2331 0.000000
2332 0.000000
2333 0.000000
2334 0.000000
2335 0.000000
2336 0.000000
2337 0.000000
2338 0.000000
2339 0.000000
2340 0.000000
2341 0.000000
2342 0.000000
2343 0.000000
2344 0.000000
2345 0.000000
2346 0.000000
2347 0.000000
2348 0.000000
2349 0.000000
2350 0.000000
2351 0.000000
2352 0.000000
2353 0.000000
2354 0.000000
2355 0.000000
2356 0.000000
2357 0.000000
2358 0.000000
2359 0.000000
2360 0.000000
2361 0.000000
2362 0.000000
2363 0.000000
2364 0.000000
2365 0.000000
2366 0.000000
2367 0.000000
2368 0.000000
2369 0.000000
2370 0.000000
2371 0.000000
2372 0.000000
2373 0.000000
2374 0.000000
2375 0.000000
2376 0.000000
2377 0.000000
2378 0.000000
2379 0.000000
2380 0.000000
2381 0.000000
2382 0.000000
2383 0.000000
2384 0.000000
2385 0.000000
2386 0.000000
2387 0.000000
2388 0.000000
2389 0.000000
2390 0.000000
2391 0.000000
2392 0.000000
2393 0.000000
2394 0.000000
2395 0.000000
2396 0.000000
2397 0.000000
2398 0.000000
2399 0.000000
2400 0.000000
2401 0.000000
2402 0.000000
2403 0.000000
2404 0.000000
2405 0.000000
2406 0.000000
2407 0.000000
2408 0.000000
2409 0.000000
2410 0.000000
2411 0.000000
2412 0.000000
2413 0.000000
2414 0.000000
2415 0.000000
2416 0.000000
2417 0.000000
2418 0.000000
2419 0.000000
2420 0.000000
2421 0.000000
2422 0.000000
2423 0.000000
2424 0.000000
2425 0.000000
2426 0.000000
2427 0.000000
2428 0.000000
2429 0.000000
2430 0.000000
2431 0.000000
2432 0.000000
2433 0.000000
2434 0.000000
2435 0.000000
2436 0.000000
2437 0.000000
2438 0.000000
2439 0.000000
2440 0.000000
2441 0.000000
2442 0.000000
2443 0.000000
2444 0.000000
2445 0.000000
2446 0.000000
2447 0.000000
2448 0.000000
2449 0.000000
2450 0.000000
2451 0.000000
2452 0.000000
2453 0.000000
2454 0.000000
2455 0.000000
2456 0.000000
2457 0.000000
2458 0.000000
2459 0.000000
2460 0.000000
2461 0.000000
2462 0.000000
2463 0.000000
2464 0.000000
2465 0.000000
2466 0.000000
2467 0.000000
2468 0.000000
2469 0.000000
2470 0.000000
2471 0.000000
2472 0.000000
2473 0.000000
2474 0.000000
2475 0.000000
2476 0.000000
2477 0.000000
2478 0.000000
2479 0.000000
2480 0.000000
2481 0.000000
2482 0.000000
2483 0.000000
2484 0.000000
2485 0.000000
2486 0.000000
2487 0.000000
2488 0.000000
2489 0.000000
2490 0.000000
2491 0.000000
2492 0.000000
2493 0.000000
2494 0.000000
2495 0.000000
2496 0.000000
2497 0.000000
2498 0.000000
2499 0.000000
2500 0.000000
2501 0.000000
2502 0.000000
2503 0.000000
2504 0.000000
2505 0.000000
2506 0.000000
2507 0.000000
2508 0.000000
2509 0.000000
2510 0.000000
2511 0.000000
2512 0.000000
2513 0.000000
2514 0.000000
2515 0.000000
2516 0.000000
2517 0.000000
2518 0.000000
2519 0.000000
2520 0.000000
2521 0.000000
2522 0.000000
2523 0.000000
2524 0.000000
2525 0.000000
2526 0.000000
2527 0.000000
2528 0.000000
2529 0.000000
2530 0.000000
2531 0.000000
2532 0.000000
2533 0.000000
2534 0.000000
2535 0.000000
2536 0.000000
2537 0.000000
2538 0.000000
2539 0.000000
2540 0.000000
2541 0.000000
2542 0.000000
2543 0.000000
2544 0.000000
2545 0.000000
2546 0.000000
2547 0.000000
2548 0.000000
2549 0.000000
2550 0.000000
2551 0.000000
2552 0.000000
2553 0.000000
2554 0.000000
2555 0.000000
2556 0.000000
2557 0.000000
2558 0.000000
2559 0.000000
2560 0.000000
2561 0.000000
2562 0.000000
2563 0.000000
2564 0.000000
2565 0.000000
2566 0.000000
2567 0.000000
2568 0.000000
2569 0.000000
2570 0.000000
2571 0.000000
2572 0.000000
2573 0.000000
2574 0.000000
2575 0.000000
2576 0.000000
2577 0.000000
2578 0.000000
2579 0.000000
2580 0.000000
2581 0.000000
2582 0.000000
2583 0.000000
2584 0.000000
2585 0.000000
2586 0.000000
2587 0.000000
2588 0.000000
2589 0.000000
2590 0.000000
2591 0.000000
2592 0.000000
2593 0.000000
2594 0.000000
2595 0.000000
2596 0.000000
2597 0.000000
2598 0.000000
2599 0.000000
2600 0.000000
2601 0.000000
2602 0.000000
2603 0.000000
2604 0.000000
2605 0.000000
2606 0.000000
2607 0.000000
2608 0.000000
2609 0.000000
2610 0.000000
2611 0.000000
2612 0.000000
2613 0.000000
2614 0.000000
2615 0.000000
2616 0.000000
2617 0.000000
2618 0.000000
2619 0.000000
2620 0.000000
2621 0.000000
2622 0.000000
2623 0.000000
2624 0.000000
2625 0.000000
2626 0.000000
2627 0.000000
2628 0.000000
2629 0.000000
2630 0.000000
2631 0.000000
2632 0.000000
2633 0.000000
2634 0.000000
2635 0.000000
2636 0.000000
2637 0.000000
2638 0.000000
2639 0.000000
2640 0.000000
2641 0.000000
2642 0.000000
2643 0.000000
2644 0.000000
2645 0.000000
2646 0.000000
2647 0.000000
2648 0.000000
2649 0.000000
2650 0.000000
2651 0.000000
2652 0.000000
2653 0.000000
2654 0.000000
2655 0.000000
2656 0.000000
2657 0.000000
2658 0.000000
2659 0.000000
2660 0.000000
2661 0.000000
2662 0.000000
2663 0.000000
2664 0.000000
2665 0.000000
2666 0.000000
2667 0.000000
2668 0.000000
2669 0.000000
2670 0.000000
2671 0.000000
2672 0.000000
2673 0.000000
2674 0.000000
2675 0.000000
2676 0.000000
2677 0.000000
2678 0.000000
2679 0.000000
2680 0.000000
2681 0.000000
2682 0.000000
2683 0.000000
2684 0.000000
2685 0.000000
2686 0.000000
2687 0.000000
2688 0.000000
2689 0.000000
2690 0.000000
2691 0.000000
2692 0.000000
2693 0.000000
2694 0.000000
2695 0.000000
2696 0.000000
2697 0.000000
2698 0.000000
2699 0.000000
2700 0.000000
2701 0.000000
2702 0.000000
2703 0.000000
2704 0.000000
2705 0.000000
2706 0.000000
2707 0.000000
2708 0.000000
2709 0.000000
2710 0.000000
2711 0.000000
2712 0.000000
2713 0.000000
2714 0.000000
2715 0.000000
2716 0.000000
2717 0.000000
2718 0.000000
2719 0.000000
2720 0.000000
2721 0.000000
2722 0.000000
2723 0.000000
2724 0.000000
2725 0.000000
2726 0.000000
2727 0.000000
2728 0.000000
2729 0.000000
2730 0.000000
2731 0.000000
2732 0.000000
2733 0.000000
2734 0.000000
2735 0.000000
2736 0.000000
2737 0.000000
2738 0.000000
2739 0.000000
2740 0.000000
2741 0.000000
2742 0.000000
2743 0.000000
2744 0.000000
2745 0.000000
2746 0.000000
2747 0.000000
2748 0.000000
2749 0.000000
2750 0.000000
2751 0.000000
2752 0.000000
2753 0.000000
2754 0.000000
2755 0.000000
2756 0.000000
2757 0.000000
2758 0.000000
2759 0.000000
2760 0.000000
2761 0.000000
2762 0.000000
2763 0.000000
2764 0.000000
2765 0.000000
2766 0.000000
2767 0.000000
2768 0.000000
2769 0.000000
2770 0.000000
2771 0.000000
2772 0.000000
2773 0.000000
2774 0.000000
2775 0.000000
2776 0.000000
2777 0.000000
2778 0.000000
2779 0.000000
2780 0.000000
2781 0.000000
2782 0.000000
2783 0.000000
2784 0.000000
2785 0.000000
2786 0.000000
2787 0.000000
2788 0.000000
2789 0.000000
2790 0.000000
2791 0.000000
2792 0.000000
2793 0.000000
2794 0.000000
2795 0.000000
2796 0.000000
2797 0.000000
2798 0.000000
2799 0.000000
2800 0.000000
2801 0.000000
2802 0.000000
2803 0.000000
2804 0.000000
2805 0.000000
2806 0.000000
2807 0.000000
2808 0.000000
2809 0.000000
2810 0.000000
2811 0.000000
2812 0.000000
2813 0.000000
2814 0.000000
2815 0.000000
2816 0.000000
2817 0.000000
2818 0.000000
2819 0.000000
2820 0.000000
2821 0.000000
2822 0.000000
2823 0.000000
2824 0.000000
2825 0.000000
2826 0.000000
2827 0.000000
2828 0.000000
2829 0.000000
2830 0.000000
2831 0.000000
2832 0.000000
2833 0.000000
2834 0.000000
2835 0.000000
2836 0.000000
2837 0.000000
2838 0.000000
2839 0.000000
2840 0.000000
2841 0.000000
2842 0.000000
2843 0.000000
2844 0.000000
2845 0.000000
2846 0.000000
2847 0.000000
2848 0.000000
2849 0.000000
2850 0.000000
2851 0.000000
2852 0.000000
2853 0.000000
2854 0.000000
2855 0.000000
2856 0.000000
2857 0.000000
2858 0.000000
2859 0.000000
2860 0.000000
2861 0.000000
2862 0.000000
2863 0.000000
2864 0.000000
2865 0.000000
2866 0.000000
2867 0.000000
2868 0.000000
2869 0.000000
2870 0.000000
2871 0.000000
2872 0.000000
2873 0.000000
2874 0.000000
2875 0.000000
2876 0.000000
2877 0.000000
2878 0.000000
2879 0.000000
2880 0.000000
2881 0.000000
2882 0.000000
2883 0.000000
2884 0.000000
2885 0.000000
2886 0.000000
2887 0.000000
2888 0.000000
2889 0.000000
2890 0.000000
2891 0.000000
2892 0.000000
2893 0.000000
2894 0.000000
2895 0.000000
2896 0.000000
2897 0.000000
2898 0.000000
2899 0.000000
2900 0.000000
2901 0.000000
2902 0.000000
2903 0.000000
2904 0.000000
2905 0.000000
2906 0.000000
2907 0.000000
2908 0.000000
2909 0.000000
2910 0.000000
2911 0.000000
2912 0.000000
2913 0.000000
2914 0.000000
2915 0.000000
2916 0.000000
2917 0.000000
2918 0.000000
2919 0.000000
2920 0.000000
2921 0.000000
2922 0.000000
2923 0.000000
2924 0.000000
2925 0.000000
2926 0.000000
2927 0.000000
2928 0.000000
2929 0.000000
2930 0.000000
2931 0.000000
2932 0.000000
2933 0.000000
2934 0.000000
2935 0.000000
2936 0.000000
2937 0.000000
2938 0.000000
2939 0.000000
2940 0.000000
2941 0.000000
2942 0.000000
2943 0.000000
2944 0.000000
2945 0.000000
2946 0.000000
2947 0.000000
2948 0.000000
2949 0.000000
2950 0.000000
2951 0.000000
2952 0.000000
2953 0.000000
2954 0.000000
2955 0.000000
2956 0.000000
2957 0.000000
2958 0.000000
2959 0.000000
2960 0.000000
2961 0.000000
2962 0.000000
2963 0.000000
2964 0.000000
2965 0.000000
2966 0.000000
2967 0.000000
2968 0.000000
2969 0.000000
2970 0.000000
2971 0.000000
2972 0.000000
2973 0.000000
2974 0.000000
2975 0.000000
2976 0.000000
2977 0.000000
2978 0.000000
2979 0.000000
2980 0.000000
2981 0.000000
2982 0.000000
2983 0.000000
2984 0.000000
2985 0.000000
2986 0.000000
2987 0.000000
2988 0.000000
2989 0.000000
2990 0.000000
2991 0.000000
2992 0.000000
2993 0.000000
2994 0.000000
2995 0.000000
2996 0.000000
2997 0.000000
2998 0.000000
2999 0.000000
3000 0.000000
3001 0.000000
3002 0.000000
3003 0.000000
3004 0.000000
3005 0.000000
3006 0.000000
3007 0.000000
3008 0.000000
3009 0.000000
3010 0.000000
3011 0.000000
3012 0.000000
3013 0.000000
3014 0.000000
3015 0.000000
3016 0.000000
3017 0.000000
3018 0.000000
3019 0.000000
3020 0.000000
3021 0.000000
3022 0.000000
3023 0.000000
3024 0.000000
3025 0.000000
3026 0.000000
3027 0.000000
3028 0.000000
3029 0.000000
3030 0.000000
3031 0.000000
3032 0.000000
3033 0.000000
3034 0.000000
3035 0.000000
3036 0.000000
3037 0.000000
3038 0.000000
3039 0.000000
3040 0.000000
3041 0.000000
3042 0.000000
3043 0.000000
3044 0.000000
3045 0.000000
3046 0.000000
3047 0.000000
3048 0.000000
3049 0.000000
3050 0.000000
3051 0.000000
3052 0.000000
3053 0.000000
3054 0.000000
3055 0.000000
3056 0.000000
3057 0.000000
3058 0.000000
3059 0.000000
3060 0.000000
3061 0.000000
3062 0.000000
3063 0.000000
3064 0.000000
3065 0.000000
3066 0.000000
3067 0.000000
3068 0.000000
3069 0.000000
3070 0.000000
3071 0.000000
3072 0.000000
3073 0.000000
3074 0.000000
3075 0.000000
3076 0.000000
3077 0.000000
3078 0.000000
3079 0.000000
3080 0.000000
3081 0.000000
3082 0.000000
3083 0.000000
3084 0.000000
3085 0.000000
3086 0.000000
3087 0.000000
3088 0.000000
3089 0.000000
3090 0.000000
3091 0.000000
3092 0.000000
3093 0.000000
3094 0.000000
3095 0.000000
3096 0.000000
3097 0.000000
3098 0.000000
3099 0.000000
3100 0.000000
3101 0.000000
3102 0.000000
3103 0.000000
3104 0.000000
3105 0.000000
3106 0.000000
3107 0.000000
3108 0.000000
3109 0.000000
3110 0.000000
3111 0.000000
3112 0.000000
3113 0.000000
3114 0.000000
3115 0.000000
3116 0.000000
3117 0.000000
3118 0.000000
3119 0.000000
3120 0.000000
3121 0.000000
3122 0.000000
3123 0.000000
3124 0.000000
3125 0.000000
3126 0.000000
3127 0.000000
3128 0.000000
3129 0.000000
3130 0.000000
3131 0.000000
3132 0.000000
3133 0.000000
3134 0.000000
3135 0.000000
3136 0.000000
3137 0.000000
3138 0.000000
3139 0.000000
3140 0.000000
3141 0.000000
3142 0.000000
3143 0.000000
3144 0.000000
3145 0.000000
3146 0.000000
3147 0.000000
3148 0.000000
3149 0.000000
3150 0.000000
3151 0.000000
3152 0.000000
3153 0.000000
3154 0.000000
3155 0.000000
3156 0.000000
3157 0.000000
3158 0.000000
3159 0.000000
3160 0.000000
3161 0.000000
3162 0.000000
3163 0.000000
3164 0.000000
3165 0.000000
3166 0.000000
3167 0.000000
3168 0.000000
3169 0.000000
3170 0.000000
3171 0.000000
3172 0.000000
3173 0.000000
3174 0.000000
3175 0.000000
3176 0.000000
3177 0.000000
3178 0.000000
3179 0.000000
3180 0.000000
3181 0.000000
3182 0.000000
3183 0.000000
3184 0.000000
3185 0.000000
3186 0.000000
3187 0.000000
3188 0.000000
3189 0.000000
3190 0.000000
3191 0.000000
3192 0.000000
3193 0.000000
3194 0.000000
3195 0.000000
3196 0.000000
3197 0.000000
3198 0.000000
3199 0.000000
3200 0.000000
3201 0.000000
3202 0.000000
3203 0.000000
3204 0.000000
3205 0.000000
3206 0.000000
3207 0.000000
3208 0.000000
3209 0.000000
3210 0.000000
3211 0.000000
3212 0.000000
3213 0.000000
3214 0.000000
3215 0.000000
3216 0.000000
3217 0.000000
3218 0.000000
3219 0.000000
3220 0.000000
3221 0.000000
3222 0.000000
3223 0.000000
3224 0.000000
3225 0.000000
3226 0.000000
3227 0.000000
3228 0.000000
3229 0.000000
3230 0.000000
3231 0.000000
3232 0.000000
3233 0.000000
3234 0.000000
3235 0.000000
3236 0.000000
3237 0.000000
3238 0.000000
3239 0.000000
3240 0.000000
3241 0.000000
3242 0.000000
3243 0.000000
3244 0.000000
3245 0.000000
3246 0.000000
3247 0.000000
3248 0.000000
3249 0.000000
3250 0.000000
3251 0.000000
3252 0.000000
3253 0.000000
3254 0.000000
3255 0.000000
3256 0.000000
3257 0.000000
3258 0.000000
3259 0.000000
3260 0.000000
3261 0.000000
3262 0.000000
3263 0.000000
3264 0.000000
3265 0.000000
3266 0.000000
3267 0.000000
3268 0.000000
3269 0.000000
3270 0.000000
3271 0.000000
3272 0.000000
3273 0.000000
3274 0.000000
3275 0.000000
3276 0.000000
3277 0.000000
3278 0.000000
3279 0.000000
3280 0.000000
3281 0.000000
3282 0.000000
3283 0.000000
3284 0.000000
3285 0.000000
3286 0.000000
3287 0.000000
3288 0.000000
3289 0.000000
3290 0.000000
3291 0.000000
3292 0.000000
3293 0.000000
3294 0.000000
3295 0.000000
3296 0.000000
3297 0.000000
3298 0.000000
3299 0.000000
3300 0.000000
3301 0.000000
3302 0.000000
3303 0.000000
3304 0.000000
3305 0.000000
3306 0.000000
3307 0.000000
3308 0.000000
3309 0.000000
3310 0.000000
3311 0.000000
3312 0.000000
3313 0.000000
3314 0.000000
3315 0.000000
3316 0.000000
3317 0.000000
3318 0.000000
3319 0.000000
3320 0.000000
3321 0.000000
3322 0.000000
3323 0.000000
3324 0.000000
3325 0.000000
3326 0.000000
3327 0.000000
3328 0.000000
3329 0.000000
3330 0.000000
3331 0.000000
3332 0.000000
3333 0.000000
3334 0.000000
3335 0.000000
3336 0.000000
3337 0.000000
3338 0.000000
3339 0.000000
3340 0.000000
3341 0.000000
3342 0.000000
3343 0.000000
3344 0.000000
3345 0.000000
3346 0.000000
3347 0.000000
3348 0.000000
3349 0.000000
3350 0.000000
3351 0.000000
3352 0.000000
3353 0.000000
3354 0.000000
3355 0.000000
3356 0.000000
3357 0.000000
3358 0.000000
3359 0.000000
3360 0.000000
3361 0.000000
3362 0.000000
3363 0.000000
3364 0.000000
3365 0.000000
3366 0.000000
3367 0.000000
3368 0.000000
3369 0.000000
3370 0.000000
3371 0.000000
3372 0.000000
3373 0.000000
3374 0.000000
3375 0.000000
3376 0.000000
3377 0.000000
3378 0.000000
3379 0.000000
3380 0.000000
3381 0.000000
3382 0.000000
3383 0.000000
3384 0.000000
3385 0.000000
3386 0.000000
3387 0.000000
3388 0.000000
3389 0.000000
3390 0.000000
3391 0.000000
3392 0.000000
3393 0.000000
3394 0.000000
3395 0.000000
3396 0.000000
3397 0.000000
3398 0.000000
3399 0.000000
3400 0.000000
3401 0.000000
3402 0.000000
3403 0.000000
3404 0.000000
3405 0.000000
3406 0.000000
3407 0.000000
3408 0.000000
3409 0.000000
3410 0.000000
3411 0.000000
3412 0.000000
3413 0.000000
3414 0.000000
3415 0.000000
3416 0.000000
3417 0.000000
3418 0.000000
3419 0.000000
3420 0.000000
3421 0.000000
3422 0.000000
3423 0.000000
3424 0.000000
3425 0.000000
3426 0.000000
3427 0.000000
3428 0.000000
3429 0.000000
3430 0.000000
3431 0.000000
3432 0.000000
3433 0.000000
3434 0.000000
3435 0.000000
3436 0.000000
3437 0.000000
3438 0.000000
3439 0.000000
3440 0.000000
3441 0.000000
3442 0.000000
3443 0.000000
3444 0.000000
3445 0.000000
3446 0.000000
3447 0.000000
3448 0.000000
3449 0.000000
3450 0.000000
3451 0.000000
3452 0.000000
3453 0.000000
3454 0.000000
3455 0.000000
3456 0.000000
3457 0.000000
3458 0.000000
3459 0.000000
3460 0.000000
3461 0.000000
3462 0.000000
3463 0.000000
3464 0.000000
3465 0.000000
3466 0.000000
3467 0.000000
3468 0.000000
3469 0.000000
3470 0.000000
3471 0.000000
3472 0.000000
3473 0.000000
3474 0.000000
3475 0.000000
3476 0.000000
3477 0.000000
3478 0.000000
3479 0.000000
3480 0.000000
3481 0.000000
3482 0.000000
3483 0.000000
3484 0.000000
3485 0.000000
3486 0.000000
3487 0.000000
3488 0.000000
3489 0.000000
3490 0.000000
3491 0.000000
3492 0.000000
3493 0.000000
3494 0.000000
3495 0.000000
3496 0.000000
3497 0.000000
3498 0.000000
3499 0.000000
3500 0.000000
3501 0.000000
3502 0.000000
3503 0.000000
3504 0.000000
3505 0.000000
3506 0.000000
3507 0.000000
3508 0.000000
3509 0.000000
3510 0.000000
3511 0.000000
3512 0.000000
3513 0.000000
3514 0.000000
3515 0.000000
3516 0.000000
3517 0.000000
3518 0.000000
3519 0.000000
3520 0.000000
3521 0.000000
3522 0.000000
3523 0.000000
3524 0.000000
3525 0.000000
3526 0.000000
3527 0.000000
3528 0.000000
3529 0.000000
3530 0.000000
3531 0.000000
3532 0.000000
3533 0.000000
3534 0.000000
3535 0.000000
3536 0.000000
3537 0.000000
3538 0.000000
3539 0.000000
3540 0.000000
3541 0.000000
3542 0.000000
3543 0.000000
3544 0.000000
3545 0.000000
3546 0.000000
3547 0.000000
3548 0.000000
3549 0.000000
3550 0.000000
3551 0.000000
3552 0.000000
3553 0.000000
3554 0.000000
3555 0.000000
3556 0.000000
3557 0.000000
3558 0.000000
3559 0.000000
3560 0.000000
3561 0.000000
3562 0.000000
3563 0.000000
3564 0.000000
3565 0.000000
3566 0.000000
3567 0.000000
3568 0.000000
3569 0.000000
3570 0.000000
3571 0.000000
3572 0.000000
3573 0.000000
3574 0.000000
3575 0.000000
3576 0.000000
3577 0.000000
3578 0.000000
3579 0.000000
3580 0.000000
3581 0.000000
3582 0.000000
3583 0.000000
3584 0.000000
3585 0.000000
3586 0.000000
3587 0.000000
3588 0.000000
3589 0.000000
3590 0.000000
3591 0.000000
3592 0.000000
3593 0.000000
3594 0.000000
3595 0.000000
3596 0.000000
3597 0.000000
3598 0.000000
3599 0.000000
3600 0.000000
3601 0.000000
3602 0.000000
3603 0.000000
3604 0.000000
3605 0.000000
3606 0.000000
3607 0.000000
3608 0.000000
3609 0.000000
3610 0.000000
3611 0.000000
3612 0.000000
3613 0.000000
3614 0.000000
3615 0.000000
3616 0.000000
3617 0.000000
3618 0.000000
3619 0.000000
3620 0.000000
3621 0.000000
3622 0.000000
3623 0.000000
3624 0.000000
3625 0.000000
3626 0.000000
3627 0.000000
3628 0.000000
3629 0.000000
3630 0.000000
3631 0.000000
3632 0.000000
3633 0.000000
3634 0.000000
3635 0.000000
3636 0.000000
3637 0.000000
3638 0.000000
3639 0.000000
3640 0.000000
3641 0.000000
3642 0.000000
3643 0.000000
3644 0.000000
3645 0.000000
3646 0.000000
3647 0.000000
3648 0.000000
3649 0.000000
3650 0.000000
3651 0.000000
3652 0.000000
3653 0.000000
3654 0.000000
3655 0.000000
3656 0.000000
3657 0.000000
3658 0.000000
3659 0.000000
3660 0.000000
3661 0.000000
3662 0.000000
3663 0.000000
3664 0.000000
3665 0.000000
3666 0.000000
3667 0.000000
3668 0.000000
3669 0.000000
3670 0.000000
3671 0.000000
3672 0.000000
3673 0.000000
3674 0.000000
3675 0.000000
3676 0.000000
3677 0.000000
3678 0.000000
3679 0.000000
3680 0.000000
3681 0.000000
3682 0.000000
3683 0.000000
3684 0.000000
3685 0.000000
3686 0.000000
3687 0.000000
3688 0.000000
3689 0.000000
3690 0.000000
3691 0.000000
3692 0.000000
3693 0.000000
3694 0.000000
3695 0.000000
3696 0.000000
3697 0.000000
3698 0.000000
3699 0.000000
3700 0.000000
3701 0.000000
3702 0.000000
3703 0.000000
3704 0.000000
3705 0.000000
3706 0.000000
3707 0.000000
3708 0.000000
3709 0.000000
3710 0.000000
3711 0.000000
3712 0.000000
3713 0.000000
3714 0.000000
3715 0.000000
3716 0.000000
3717 0.000000
3718 0.000000
3719 0.000000
3720 0.000000
3721 0.000000
3722 0.000000
3723 0.000000
3724 0.000000
3725 0.000000
3726 0.000000
3727 0.000000
3728 0.000000
3729 0.000000
3730 0.000000
3731 0.000000
3732 0.000000
3733 0.000000
3734 0.000000
3735 0.000000
3736 0.000000
3737 0.000000
3738 0.000000
3739 0.000000
3740 0.000000
3741 0.000000
3742 0.000000
3743 0.000000
3744 0.000000
3745 0.000000
3746 0.000000
3747 0.000000
3748 0.000000
3749 0.000000
3750 0.000000
3751 0.000000
3752 0.000000
3753 0.000000
3754 0.000000
3755 0.000000
3756 0.000000
3757 0.000000
3758 0.000000
3759 0.000000
3760 0.000000
3761 0.000000
3762 0.000000
3763 0.000000
3764 0.000000
3765 0.000000
3766 0.000000
3767 0.000000
3768 0.000000
3769 0.000000
3770 0.000000
3771 0.000000
3772 0.000000
3773 0.000000
3774 0.000000
3775 0.000000
3776 0.000000
3777 0.000000
3778 0.000000
3779 0.000000
3780 0.000000
3781 0.000000
3782 0.000000
3783 0.000000
3784 0.000000
3785 0.000000
3786 0.000000
3787 0.000000
3788 0.000000
3789 0.000000
3790 0.000000
3791 0.000000
3792 0.000000
3793 0.000000
3794 0.000000
3795 0.000000
3796 0.000000
3797 0.000000
3798 0.000000
3799 0.000000
3800 0.000000
3801 0.000000
3802 0.000000
3803 0.000000
3804 0.000000
3805 0.000000
3806 0.000000
3807 0.000000
3808 0.000000
3809 0.000000
3810 0.000000
3811 0.000000
3812 0.000000
3813 0.000000
3814 0.000000
3815 0.000000
3816 0.000000
3817 0.000000
3818 0.000000
3819 0.000000
3820 0.000000
3821 0.000000
3822 0.000000
3823 0.000000
3824 0.000000
3825 0.000000
3826 0.000000
3827 0.000000
3828 0.000000
3829 0.000000
3830 0.000000
3831 0.000000
3832 0.000000
3833 0.000000
3834 0.000000
3835 0.000000
3836 0.000000
3837 0.000000
3838 0.000000
3839 0.000000
3840 0.000000
3841 0.000000
3842 0.000000
3843 0.000000
3844 0.000000
3845 0.000000
3846 0.000000
3847 0.000000
3848 0.000000
3849 0.000000
3850 0.000000
3851 0.000000
3852 0.000000
3853 0.000000
3854 0.000000
3855 0.000000
3856 0.000000
3857 0.000000
3858 0.000000
3859 0.000000
3860 0.000000
3861 0.000000
3862 0.000000
3863 0.000000
3864 0.000000
3865 0.000000
3866 0.000000
3867 0.000000
3868 0.000000
3869 0.000000
3870 0.000000
3871 0.000000
3872 0.000000
3873 0.000000
3874 0.000000
3875 0.000000
3876 0.000000
3877 0.000000
3878 0.000000
3879 0.000000
3880 0.000000
3881 0.000000
3882 0.000000
3883 0.000000
3884 0.000000
3885 0.000000
3886 0.000000
3887 0.000000
3888 0.000000
3889 0.000000
3890 0.000000
3891 0.000000
3892 0.000000
3893 0.000000
3894 0.000000
3895 0.000000
3896 0.000000
3897 0.000000
3898 0.000000
3899 0.000000
3900 0.000000
3901 0.000000
3902 0.000000
3903 0.000000
3904 0.000000
3905 0.000000
3906 0.000000
3907 0.000000
3908 0.000000
3909 0.000000
3910 0.000000
3911 0.000000
3912 0.000000
3913 0.000000
3914 0.000000
3915 0.000000
3916 0.000000
3917 0.000000
3918 0.000000
3919 0.000000
3920 0.000000
3921 0.000000
3922 0.000000
3923 0.000000
3924 0.000000
3925 0.000000
3926 0.000000
3927 0.000000
3928 0.000000
3929 0.000000
3930 0.000000
3931 0.000000
3932 0.000000
3933 0.000000
3934 0.000000
3935 0.000000
3936 0.000000
3937 0.000000
3938 0.000000
3939 0.000000
3940 0.000000
3941 0.000000
3942 0.000000
3943 0.000000
3944 0.000000
3945 0.000000
3946 0.000000
3947 0.000000
3948 0.000000
3949 0.000000
3950 0.000000
3951 0.000000
3952 0.000000
3953 0.000000
3954 0.000000
3955 0.000000
3956 0.000000
3957 0.000000
3958 0.000000
3959 0.000000
3960 0.000000
3961 0.000000
3962 0.000000
3963 0.000000
3964 0.000000
3965 0.000000
3966 0.000000
3967 0.000000
3968 0.000000
3969 0.000000
3970 0.000000
3971 0.000000
3972 0.000000
3973 0.000000
3974 0.000000
3975 0.000000
3976 0.000000
3977 0.000000
3978 0.000000
3979 0.000000
3980 0.000000
3981 0.000000
3982 0.000000
3983 0.000000
3984 0.000000
3985 0.000000
3986 0.000000
3987 0.000000
3988 0.000000
3989 0.000000
3990 0.000000
3991 0.000000
3992 0.000000
3993 0.000000
3994 0.000000
3995 0.000000
3996 0.000000
3997 0.000000
3998 0.000000
3999 0.000000
4000 0.000000
4001 0.000000
4002 0.000000
4003 0.000000
4004 0.000000
4005 0.000000
4006 0.000000
4007 0.000000
4008 0.000000
4009 0.000000
4010 0.000000
4011 0.000000
4012 0.000000
4013 0.000000
4014 0.000000
4015 0.000000
4016 0.000000
4017 0.000000
4018 0.000000
4019 0.000000
4020 0.000000
4021 0.000000
4022 0.000000
4023 0.000000
4024 0.000000
4025 0.000000
4026 0.000000
4027 0.000000
4028 0.000000
4029 0.000000
4030 0.000000
4031 0.000000
4032 0.000000
4033 0.000000
4034 0.000000
4035 0.000000
4036 0.000000
4037 0.000000
4038 0.000000
4039 0.000000
4040 0.000000
4041 0.000000
4042 0.000000
4043 0.000000
4044 0.000000
4045 0.000000
4046 0.000000
4047 0.000000
4048 0.000000
4049 0.000000
4050 0.000000
4051 0.000000
4052 0.000000
4053 0.000000
4054 0.000000
4055 0.000000
4056 0.000000
4057 0.000000
4058 0.000000
4059 0.000000
4060 0.000000
4061 0.000000
4062 0.000000
4063 0.000000
4064 0.000000
4065 0.000000
4066 0.000000
4067 0.000000
4068 0.000000
4069 0.000000
4070 0.000000
4071 0.000000
4072 0.000000
4073 0.000000
4074 0.000000
4075 0.000000
4076 0.000000
4077 0.000000
4078 0.000000
4079 0.000000
4080 0.000000
4081 0.000000
4082 0.000000
4083 0.000000
4084 0.000000
4085 0.000000
4086 0.000000
4087 0.000000
4088 0.000000
4089 0.000000
4090 0.000000
4091 0.000000
4092 0.000000
4093 0.000000
4094 0.000000
4095 0.000000
