0 0.000000
1 0.214618
2 0.050611
3 0.030807
4 0.020443
5 0.014498
6 0.010839
7 0.008482
8 0.006878
9 0.005667
10 0.004776
11 0.004110
12 0.003535
13 0.003153
14 0.002767
15 0.002440
16 0.002244
17 0.002016
18 0.001834
19 0.001681
20 0.001529
21 0.001439
22 0.001302
23 0.001222
24 0.001154
25 0.001061
26 0.001010
27 0.000947
28 0.000876
29 0.000823
30 0.000791
31 0.000743
32 0.000703
33 0.000683
34 0.000658
35 0.000606
36 0.000581
37 0.000552
38 0.000529
39 0.000508
40 0.000486
41 0.000475
42 0.000457
43 0.000438
44 0.000415
45 0.000408
46 0.000391
47 0.000387
48 0.000366
49 0.000346
50 0.000331
51 0.000328
52 0.000318
53 0.000304
54 0.000299
55 0.000302
56 0.000280
57 0.000262
58 0.000271
59 0.000253
60 0.000246
61 0.000245
62 0.000235
63 0.000231
64 0.000225
65 0.000220
66 0.000211
67 0.000208
68 0.000198
69 0.000196
70 0.000194
71 0.000186
72 0.000176
73 0.000176
74 0.000175
75 0.000168
76 0.000166
77 0.000167
78 0.000160
79 0.000151
80 0.000156
81 0.000145
82 0.000154
83 0.000147
84 0.000147
85 0.000136
86 0.000130
87 0.000129
88 0.000129
89 0.000127
90 0.000129
91 0.000126
92 0.000117
93 0.000119
94 0.000118
95 0.000109
96 0.000120
97 0.000111
98 0.000106
99 0.000106
100 0.000103
101 0.000100
102 0.000099
103 0.000098
104 0.000099
105 0.000098
106 0.000094
107 0.000093
108 0.000098
109 0.000090
110 0.000088
111 0.000086
112 0.000086
113 0.000082
114 0.000087
115 0.000080
116 0.000079
117 0.000080
118 0.000079
119 0.000080
120 0.000077
121 0.000070
122 0.000077
123 0.000072
124 0.000078
125 0.000072
126 0.000066
127 0.000071
128 0.000070
129 0.000068
130 0.000070
131 0.000064
132 0.000064
133 0.000064
134 0.000066
135 0.000061
136 0.000059
137 0.000059
138 0.000062
139 0.000061
140 0.000057
141 0.000059
142 0.000062
143 0.000057
144 0.000054
145 0.000052
146 0.000052
147 0.000055
148 0.000056
149 0.000049
150 0.000055
151 0.000051
152 0.000053
153 0.000053
154 0.000052
155 0.000048
156 0.000048
157 0.000048
158 0.000046
159 0.000046
160 0.000045
161 0.000047
162 0.000046
163 0.000046
164 0.000044
165 0.000046
166 0.000047
167 0.000043
168 0.000041
169 0.000041
170 0.000045
171 0.000040
172 0.000046
173 0.000041
174 0.000040
175 0.000040
176 0.000038
177 0.000040
178 0.000039
179 0.000042
180 0.000041
181 0.000039
182 0.000038
183 0.000035
184 0.000034
185 0.000034
186 0.000035
187 0.000033
188 0.000037
189 0.000035
190 0.000036
191 0.000033
192 0.000034
193 0.000036
194 0.000032
195 0.000033
196 0.000029
197 0.000033
198 0.000032
199 0.000034
200 0.000033
201 0.000031
202 0.000032
203 0.000030
204 0.000028
205 0.000030
206 0.000031
207 0.000030
208 0.000031
209 0.000028
210 0.000032
211 0.000029
212 0.000026
213 0.000028
214 0.000026
215 0.000028
216 0.000027
217 0.000027
218 0.000024
219 0.000026
220 0.000027
221 0.000026
222 0.000026
223 0.000024
224 0.000023
225 0.000026
226 0.000028
227 0.000024
228 0.000024
229 0.000028
230 0.000024
231 0.000025
232 0.000024
233 0.000026
234 0.000027
235 0.000025
236 0.000023
237 0.000025
238 0.000022
239 0.000025
240 0.000021
241 0.000023
242 0.000022
243 0.000023
244 0.000021
245 0.000019
246 0.000025
247 0.000022
248 0.000023
249 0.000021
250 0.000023
251 0.000020
252 0.000022
253 0.000020
254 0.000023
255 0.000022
256 0.000020
257 0.000022
258 0.000022
259 0.000019
260 0.000021
261 0.000020
262 0.000022
263 0.000020
264 0.000018
265 0.000021
266 0.000018
267 0.000019
268 0.000018
269 0.000019
270 0.000020
271 0.000019
272 0.000016
273 0.000018
274 0.000018
275 0.000016
276 0.000020
277 0.000017
278 0.000018
279 0.000018
280 0.000016
281 0.000017
282 0.000016
283 0.000016
284 0.000016
285 0.000017
286 0.000016
287 0.000017
288 0.000017
289 0.000017
290 0.000017
291 0.000015
292 0.000019
293 0.000017
294 0.000017
295 0.000014
296 0.000017
297 0.000015
298 0.000017
299 0.000015
300 0.000014
301 0.000014
302 0.000014
303 0.000015
304 0.000015
305 0.000015
306 0.000013
307 0.000015
308 0.000016
309 0.000016
310 0.000012
311 0.000016
312 0.000013
313 0.000015
314 0.000014
315 0.000015
316 0.000013
317 0.000014
318 0.000013
319 0.000013
320 0.000014
321 0.000012
322 0.000012
323 0.000013
324 0.000014
325 0.000012
326 0.000013
327 0.000012
328 0.000013
329 0.000014
330 0.000013
331 0.000012
332 0.000011
333 0.000013
334 0.000011
335 0.000012
336 0.000013
337 0.000014
338 0.000011
339 0.000013
340 0.000012
341 0.000013
342 0.000012
343 0.000013
344 0.000011
345 0.000012
346 0.000012
347 0.000010
348 0.000012
349 0.000012
350 0.000012
351 0.000010
352 0.000011
353 0.000012
354 0.000011
355 0.000012
356 0.000010
357 0.000011
358 0.000010
359 0.000011
360 0.000011
361 0.000010
362 0.000011
363 0.000011
364 0.000010
365 0.000010
366 0.000011
367 0.000011
368 0.000008
369 0.000010
370 0.000009
371 0.000008
372 0.000009
373 0.000010
374 0.000009
375 0.000011
376 0.000011
377 0.000009
378 0.000011
379 0.000011
380 0.000010
381 0.000010
382 0.000010
383 0.000010
384 0.000011
385 0.000010
386 0.000009
387 0.000013
388 0.000010
389 0.000010
390 0.000009
391 0.000009
392 0.000009
393 0.000009
394 0.000009
395 0.000009
396 0.000007
397 0.000009
398 0.000009
399 0.000008
400 0.000008
401 0.000008
402 0.000009
403 0.000009
404 0.000008
405 0.000009
406 0.000008
407 0.000008
408 0.000008
409 0.000007
410 0.000009
411 0.000009
412 0.000009
413 0.000007
414 0.000009
415 0.000009
416 0.000008
417 0.000009
418 0.000008
419 0.000008
420 0.000007
421 0.000007
422 0.000008
423 0.000007
424 0.000007
425 0.000007
426 0.000007
427 0.000008
428 0.000007
429 0.000008
430 0.000007
431 0.000006
432 0.000007
433 0.000007
434 0.000007
435 0.000008
436 0.000009
437 0.000008
438 0.000008
439 0.000008
440 0.000007
441 0.000008
442 0.000006
443 0.000009
444 0.000006
445 0.000008
446 0.000007
447 0.000007
448 0.000007
449 0.000007
450 0.000006
451 0.000006
452 0.000007
453 0.000007
454 0.000005
455 0.000007
456 0.000006
457 0.000007
458 0.000008
459 0.000007
460 0.000007
461 0.000004
462 0.000006
463 0.000008
464 0.000006
465 0.000006
466 0.000007
467 0.000007
468 0.000006
469 0.000007
470 0.000007
471 0.000006
472 0.000008
473 0.000006
474 0.000006
475 0.000005
476 0.000006
477 0.000005
478 0.000006
479 0.000005
480 0.000005
481 0.000005
482 0.000007
483 0.000006
484 0.000006
485 0.000006
486 0.000005
487 0.000007
488 0.000006
489 0.000005
490 0.000007
491 0.000007
492 0.000005
493 0.000006
494 0.000004
495 0.000007
496 0.000007
497 0.000006
498 0.000004
499 0.000006
500 0.000006
501 0.000005
502 0.000007
503 0.000005
504 0.000006
505 0.000005
506 0.000006
507 0.000005
508 0.000005
509 0.000006
510 0.000006
511 0.000005
512 0.000005
513 0.000004
514 0.000005
515 0.000006
516 0.000006
517 0.000005
518 0.000006
519 0.000006
520 0.000005
521 0.000005
522 0.000005
523 0.000004
524 0.000005
525 0.000006
526 0.000005
527 0.000004
528 0.000004
529 0.000005
530 0.000006
531 0.000005
532 0.000005
533 0.000005
534 0.000005
535 0.000004
536 0.000006
537 0.000005
538 0.000004
539 0.000004
540 0.000004
541 0.000005
542 0.000005
543 0.000004
544 0.000004
545 0.000003
546 0.000005
547 0.000004
548 0.000005
549 0.000004
550 0.000004
551 0.000004
552 0.000005
553 0.000003
554 0.000004
555 0.000007
556 0.000005
557 0.000004
558 0.000006
559 0.000006
560 0.000004
561 0.000004
562 0.000004
563 0.000005
564 0.000005
565 0.000004
566 0.000005
567 0.000004
568 0.000006
569 0.000004
570 0.000005
571 0.000004
572 0.000005
573 0.000005
574 0.000004
575 0.000003
576 0.000004
577 0.000004
578 0.000005
579 0.000004
580 0.000005
581 0.000004
582 0.000003
583 0.000003
584 0.000003
585 0.000003
586 0.000003
587 0.000004
588 0.000003
589 0.000004
590 0.000004
591 0.000004
592 0.000004
593 0.000003
594 0.000004
595 0.000004
596 0.000004
597 0.000003
598 0.000005
599 0.000004
600 0.000005
601 0.000004
602 0.000004
603 0.000003
604 0.000005
605 0.000004
606 0.000004
607 0.000004
608 0.000004
609 0.000004
610 0.000003
611 0.000003
612 0.000004
613 0.000003
614 0.000004
615 0.000002
616 0.000004
617 0.000003
618 0.000003
619 0.000004
620 0.000003
621 0.000004
622 0.000004
623 0.000004
624 0.000004
625 0.000003
626 0.000003
627 0.000003
628 0.000004
629 0.000004
630 0.000003
631 0.000004
632 0.000004
633 0.000003
634 0.000004
635 0.000004
636 0.000003
637 0.000004
638 0.000004
639 0.000003
640 0.000003
641 0.000004
642 0.000004
643 0.000004
644 0.000002
645 0.000003
646 0.000002
647 0.000003
648 0.000003
649 0.000003
650 0.000003
651 0.000004
652 0.000003
653 0.000003
654 0.000003
655 0.000003
656 0.000003
657 0.000004
658 0.000003
659 0.000003
660 0.000002
661 0.000003
662 0.000003
663 0.000002
664 0.000004
665 0.000003
666 0.000003
667 0.000003
668 0.000003
669 0.000003
670 0.000003
671 0.000003
672 0.000003
673 0.000004
674 0.000002
675 0.000003
676 0.000003
677 0.000004
678 0.000003
679 0.000003
680 0.000002
681 0.000003
682 0.000003
683 0.000002
684 0.000003
685 0.000003
686 0.000002
687 0.000003
688 0.000003
689 0.000002
690 0.000003
691 0.000003
692 0.000003
693 0.000003
694 0.000003
695 0.000003
696 0.000003
697 0.000002
698 0.000003
699 0.000003
700 0.000003
701 0.000002
702 0.000002
703 0.000004
704 0.000002
705 0.000003
706 0.000004
707 0.000002
708 0.000002
709 0.000002
710 0.000002
711 0.000003
712 0.000002
713 0.000002
714 0.000002
715 0.000002
716 0.000002
717 0.000003
718 0.000003
719 0.000003
720 0.000002
721 0.000002
722 0.000002
723 0.000002
724 0.000003
725 0.000002
726 0.000002
727 0.000003
728 0.000003
729 0.000002
730 0.000003
731 0.000003
732 0.000003
733 0.000003
734 0.000002
735 0.000003
736 0.000002
737 0.000003
738 0.000002
739 0.000004
740 0.000003
741 0.000002
742 0.000001
743 0.000002
744 0.000002
745 0.000003
746 0.000003
747 0.000003
748 0.000002
749 0.000002
750 0.000003
751 0.000003
752 0.000002
753 0.000002
754 0.000003
755 0.000003
756 0.000002
757 0.000003
758 0.000002
759 0.000002
760 0.000003
761 0.000002
762 0.000002
763 0.000003
764 0.000003
765 0.000002
766 0.000002
767 0.000002
768 0.000002
769 0.000002
770 0.000002
771 0.000002
772 0.000002
773 0.000002
774 0.000003
775 0.000002
776 0.000002
777 0.000003
778 0.000002
779 0.000002
780 0.000003
781 0.000003
782 0.000002
783 0.000002
784 0.000002
785 0.000002
786 0.000002
787 0.000002
788 0.000002
789 0.000002
790 0.000003
791 0.000002
792 0.000002
793 0.000002
794 0.000002
795 0.000002
796 0.000002
797 0.000002
798 0.000002
799 0.000002
800 0.000002
801 0.000002
802 0.000003
803 0.000003
804 0.000002
805 0.000002
806 0.000002
807 0.000002
808 0.000002
809 0.000002
810 0.000002
811 0.000002
812 0.000002
813 0.000002
814 0.000002
815 0.000001
816 0.000002
817 0.000001
818 0.000002
819 0.000002
820 0.000002
821 0.000002
822 0.000002
823 0.000002
824 0.000001
825 0.000002
826 0.000002
827 0.000002
828 0.000002
829 0.000001
830 0.000002
831 0.000002
832 0.000002
833 0.000001
834 0.000002
835 0.000002
836 0.000002
837 0.000002
838 0.000002
839 0.000001
840 0.000002
841 0.000002
842 0.000002
843 0.000002
844 0.000002
845 0.000002
846 0.000001
847 0.000002
848 0.000002
849 0.000002
850 0.000002
851 0.000001
852 0.000001
853 0.000001
854 0.000002
855 0.000002
856 0.000001
857 0.000002
858 0.000001
859 0.000002
860 0.000001
861 0.000003
862 0.000001
863 0.000002
864 0.000002
865 0.000001
866 0.000001
867 0.000001
868 0.000001
869 0.000002
870 0.000001
871 0.000002
872 0.000001
873 0.000001
874 0.000001
875 0.000002
876 0.000002
877 0.000002
878 0.000002
879 0.000002
880 0.000002
881 0.000001
882 0.000002
883 0.000002
884 0.000001
885 0.000002
886 0.000001
887 0.000002
888 0.000002
889 0.000002
890 0.000002
891 0.000002
892 0.000002
893 0.000002
894 0.000002
895 0.000001
896 0.000001
897 0.000001
898 0.000002
899 0.000001
900 0.000002
901 0.000002
902 0.000001
903 0.000001
904 0.000001
905 0.000002
906 0.000001
907 0.000002
908 0.000002
909 0.000001
910 0.000002
911 0.000002
912 0.000002
913 0.000002
914 0.000001
915 0.000001
916 0.000001
917 0.000002
918 0.000002
919 0.000002
920 0.000001
921 0.000001
922 0.000002
923 0.000001
924 0.000002
925 0.000001
926 0.000002
927 0.000001
928 0.000002
929 0.000001
930 0.000001
931 0.000002
932 0.000001
933 0.000002
934 0.000000
935 0.000002
936 0.000001
937 0.000001
938 0.000001
939 0.000001
940 0.000002
941 0.000002
942 0.000001
943 0.000001
944 0.000001
945 0.000002
946 0.000002
947 0.000001
948 0.000001
949 0.000001
950 0.000001
951 0.000001
952 0.000001
953 0.000001
954 0.000001
955 0.000001
956 0.000001
957 0.000001
958 0.000001
959 0.000001
960 0.000002
961 0.000001
962 0.000001
963 0.000001
964 0.000002
965 0.000001
966 0.000002
967 0.000001
968 0.000001
969 0.000002
970 0.000001
971 0.000001
972 0.000001
973 0.000001
974 0.000001
975 0.000001
976 0.000001
977 0.000001
978 0.000001
979 0.000001
980 0.000001
981 0.000001
982 0.000001
983 0.000001
984 0.000001
985 0.000001
986 0.000001
987 0.000002
988 0.000001
989 0.000001
990 0.000001
991 0.000001
992 0.000001
993 0.000001
994 0.000001
995 0.000001
996 0.000001
997 0.000001
998 0.000002
999 0.000001
1000 0.000001
1001 0.000001
1002 0.000001
1003 0.000001
1004 0.000001
1005 0.000002
1006 0.000001
1007 0.000001
1008 0.000001
1009 0.000001
1010 0.000001
1011 0.000001
1012 0.000001
1013 0.000001
1014 0.000001
1015 0.000001
1016 0.000001
1017 0.000001
1018 0.000001
1019 0.000001
1020 0.000001
1021 0.000001
1022 0.000001
1023 0.000001
1024 0.000001
1025 0.000001
1026 0.000001
1027 0.000001
1028 0.000000
1029 0.000000
1030 0.000001
1031 0.000000
1032 0.000001
1033 0.000001
1034 0.000002
1035 0.000001
1036 0.000001
1037 0.000001
1038 0.000001
1039 0.000001
1040 0.000001
1041 0.000001
1042 0.000001
1043 0.000001
1044 0.000001
1045 0.000001
1046 0.000001
1047 0.000001
1048 0.000001
1049 0.000001
1050 0.000001
1051 0.000000
1052 0.000000
1053 0.000001
1054 0.000001
1055 0.000001
1056 0.000001
1057 0.000000
1058 0.000001
1059 0.000000
1060 0.000001
1061 0.000001
1062 0.000001
1063 0.000001
1064 0.000001
1065 0.000001
1066 0.000001
1067 0.000001
1068 0.000001
1069 0.000001
1070 0.000001
1071 0.000001
1072 0.000001
1073 0.000001
1074 0.000001
1075 0.000001
1076 0.000001
1077 0.000001
1078 0.000001
1079 0.000001
1080 0.000001
1081 0.000001
1082 0.000001
1083 0.000001
1084 0.000001
1085 0.000001
1086 0.000001
1087 0.000001
1088 0.000001
1089 0.000001
1090 0.000001
1091 0.000001
1092 0.000001
1093 0.000001
1094 0.000001
1095 0.000001
1096 0.000001
1097 0.000001
1098 0.000001
1099 0.000000
1100 0.000001
1101 0.000001
1102 0.000001
1103 0.000000
1104 0.000001
1105 0.000000
1106 0.000001
1107 0.000001
1108 0.000001
1109 0.000001
1110 0.000001
1111 0.000001
1112 0.000000
1113 0.000001
1114 0.000001
1115 0.000000
1116 0.000000
1117 0.000001
1118 0.000001
1119 0.000001
1120 0.000001
1121 0.000000
1122 0.000001
1123 0.000001
1124 0.000001
1125 0.000001
1126 0.000001
1127 0.000001
1128 0.000001
1129 0.000001
1130 0.000001
1131 0.000000
1132 0.000001
1133 0.000001
1134 0.000001
1135 0.000001
1136 0.000001
1137 0.000000
1138 0.000001
1139 0.000000
1140 0.000000
1141 0.000001
1142 0.000000
1143 0.000001
1144 0.000001
1145 0.000000
1146 0.000001
1147 0.000001
1148 0.000001
1149 0.000001
1150 0.000001
1151 0.000000
1152 0.000001
1153 0.000000
1154 0.000001
1155 0.000001
1156 0.000001
1157 0.000001
1158 0.000001
1159 0.000000
1160 0.000001
1161 0.000000
1162 0.000001
1163 0.000000
1164 0.000001
1165 0.000001
1166 0.000001
1167 0.000000
1168 0.000001
1169 0.000001
1170 0.000000
1171 0.000001
1172 0.000001
1173 0.000001
1174 0.000001
1175 0.000001
1176 0.000001
1177 0.000000
1178 0.000001
1179 0.000001
1180 0.000000
1181 0.000000
1182 0.000001
1183 0.000001
1184 0.000000
1185 0.000000
1186 0.000001
1187 0.000001
1188 0.000000
1189 0.000000
1190 0.000001
1191 0.000001
1192 0.000000
1193 0.000001
1194 0.000000
1195 0.000001
1196 0.000001
1197 0.000000
1198 0.000000
1199 0.000001
1200 0.000001
1201 0.000001
1202 0.000001
1203 0.000001
1204 0.000000
1205 0.000000
1206 0.000000
1207 0.000001
1208 0.000000
1209 0.000001
1210 0.000000
1211 0.000001
1212 0.000000
1213 0.000001
1214 0.000001
1215 0.000001
1216 0.000001
1217 0.000000
1218 0.000000
1219 0.000000
1220 0.000000
1221 0.000001
1222 0.000000
1223 0.000000
1224 0.000000
1225 0.000000
1226 0.000000
1227 0.000000
1228 0.000000
1229 0.000001
1230 0.000000
1231 0.000000
1232 0.000001
1233 0.000001
1234 0.000000
1235 0.000000
1236 0.000000
1237 0.000001
1238 0.000000
1239 0.000001
1240 0.000001
1241 0.000000
1242 0.000000
1243 0.000001
1244 0.000001
1245 0.000001
1246 0.000001
1247 0.000001
1248 0.000001
1249 0.000000
1250 0.000000
1251 0.000000
1252 0.000000
1253 0.000001
1254 0.000000
1255 0.000000
1256 0.000000
1257 0.000001
1258 0.000000
1259 0.000000
1260 0.000001
1261 0.000000
1262 0.000000
1263 0.000001
1264 0.000001
1265 0.000000
1266 0.000000
1267 0.000000
1268 0.000000
1269 0.000001
1270 0.000000
1271 0.000000
1272 0.000000
1273 0.000000
1274 0.000001
1275 0.000000
1276 0.000000
1277 0.000001
1278 0.000000
1279 0.000000
1280 0.000000
1281 0.000000
1282 0.000000
1283 0.000000
1284 0.000000
1285 0.000001
1286 0.000000
1287 0.000001
1288 0.000000
1289 0.000001
1290 0.000001
1291 0.000000
1292 0.000000
1293 0.000001
1294 0.000000
1295 0.000000
1296 0.000000
1297 0.000000
1298 0.000000
1299 0.000000
1300 0.000000
1301 0.000000
1302 0.000001
1303 0.000000
1304 0.000000
1305 0.000000
1306 0.000000
1307 0.000000
1308 0.000000
1309 0.000000
1310 0.000000
1311 0.000000
1312 0.000000
1313 0.000000
1314 0.000000
1315 0.000001
1316 0.000000
1317 0.000000
1318 0.000000
1319 0.000000
1320 0.000000
1321 0.000000
1322 0.000001
1323 0.000000
1324 0.000000
1325 0.000000
1326 0.000001
1327 0.000000
1328 0.000000
1329 0.000000
1330 0.000000
1331 0.000000
1332 0.000000
1333 0.000000
1334 0.000000
1335 0.000000
1336 0.000000
1337 0.000000
1338 0.000000
1339 0.000000
1340 0.000000
1341 0.000000
1342 0.000000
1343 0.000000
1344 0.000000
1345 0.000000
1346 0.000000
1347 0.000000
1348 0.000000
1349 0.000000
1350 0.000000
1351 0.000000
1352 0.000000
1353 0.000000
1354 0.000000
1355 0.000000
1356 0.000000
1357 0.000001
1358 0.000000
1359 0.000000
1360 0.000000
1361 0.000000
1362 0.000000
1363 0.000000
1364 0.000000
1365 0.000000
1366 0.000000
1367 0.000000
1368 0.000000
1369 0.000000
1370 0.000000
1371 0.000000
1372 0.000000
1373 0.000000
1374 0.000000
1375 0.000000
1376 0.000000
1377 0.000000
1378 0.000000
1379 0.000000
1380 0.000000
1381 0.000000
1382 0.000000
1383 0.000000
1384 0.000000
1385 0.000000
1386 0.000000
1387 0.000000
1388 0.000000
1389 0.000000
1390 0.000000
1391 0.000000
1392 0.000000
1393 0.000000
1394 0.000000
1395 0.000000
1396 0.000000
1397 0.000000
1398 0.000000
1399 0.000000
1400 0.000000
1401 0.000000
1402 0.000000
1403 0.000001
1404 0.000000
1405 0.000000
1406 0.000000
1407 0.000000
1408 0.000000
1409 0.000000
1410 0.000000
1411 0.000000
1412 0.000000
1413 0.000000
1414 0.000000
1415 0.000000
1416 0.000000
1417 0.000000
1418 0.000000
1419 0.000000
1420 0.000000
1421 0.000000
1422 0.000000
1423 0.000000
1424 0.000000
1425 0.000000
1426 0.000000
1427 0.000000
1428 0.000000
1429 0.000000
1430 0.000000
1431 0.000000
1432 0.000000
1433 0.000000
1434 0.000000
1435 0.000000
1436 0.000000
1437 0.000000
1438 0.000000
1439 0.000000
1440 0.000000
1441 0.000000
1442 0.000000
1443 0.000000
1444 0.000000
1445 0.000000
1446 0.000000
1447 0.000000
1448 0.000000
1449 0.000000
1450 0.000000
1451 0.000000
1452 0.000000
1453 0.000000
1454 0.000000
1455 0.000000
1456 0.000000
1457 0.000000
1458 0.000000
1459 0.000000
1460 0.000000
1461 0.000000
1462 0.000000
1463 0.000000
1464 0.000000
1465 0.000000
1466 0.000000
1467 0.000000
1468 0.000000
1469 0.000000
1470 0.000000
1471 0.000000
1472 0.000000
1473 0.000000
1474 0.000000
1475 0.000000
1476 0.000000
1477 0.000000
1478 0.000000
1479 0.000000
1480 0.000000
1481 0.000000
1482 0.000000
1483 0.000000
1484 0.000000
1485 0.000000
1486 0.000000
1487 0.000000
1488 0.000000
1489 0.000000
1490 0.000000
1491 0.000000
1492 0.000000
1493 0.000000
1494 0.000000
1495 0.000000
1496 0.000000
1497 0.000000
1498 0.000000
1499 0.000000
1500 0.000000
1501 0.000000
1502 0.000000
1503 0.000000
1504 0.000000
1505 0.000000
1506 0.000000
1507 0.000000
1508 0.000000
1509 0.000000
1510 0.000000
1511 0.000000
1512 0.000000
1513 0.000000
1514 0.000000
1515 0.000000
1516 0.000000
1517 0.000000
1518 0.000000
1519 0.000000
1520 0.000000
1521 0.000000
1522 0.000000
1523 0.000000
1524 0.000000
1525 0.000000
1526 0.000000
1527 0.000000
1528 0.000000
1529 0.000000
1530 0.000000
1531 0.000000
1532 0.000000
1533 0.000000
1534 0.000000
1535 0.000000
1536 0.000000
1537 0.000000
1538 0.000000
1539 0.000000
1540 0.000000
1541 0.000000
1542 0.000000
1543 0.000000
1544 0.000000
1545 0.000000
1546 0.000000
1547 0.000000
1548 0.000000
1549 0.000000
1550 0.000000
1551 0.000000
1552 0.000000
1553 0.000000
1554 0.000000
1555 0.000000
1556 0.000000
1557 0.000000
1558 0.000000
1559 0.000000
1560 0.000000
1561 0.000000
1562 0.000000
1563 0.000000
1564 0.000000
1565 0.000000
1566 0.000000
1567 0.000000
1568 0.000000
1569 0.000000
1570 0.000000
1571 0.000000
1572 0.000000
1573 0.000000
1574 0.000000
1575 0.000000
1576 0.000000
1577 0.000000
1578 0.000000
1579 0.000000
1580 0.000000
1581 0.000000
1582 0.000000
1583 0.000000
1584 0.000000
1585 0.000000
1586 0.000000
1587 0.000000
1588 0.000000
1589 0.000000
1590 0.000000
1591 0.000000
1592 0.000000
1593 0.000000
1594 0.000000
1595 0.000000
1596 0.000000
1597 0.000000
1598 0.000000
1599 0.000000
1600 0.000000
1601 0.000000
1602 0.000000
1603 0.000000
1604 0.000000
1605 0.000000
1606 0.000000
1607 0.000000
1608 0.000000
1609 0.000000
1610 0.000000
1611 0.000000
1612 0.000000
1613 0.000000
1614 0.000000
1615 0.000000
1616 0.000000
1617 0.000000
1618 0.000000
1619 0.000000
1620 0.000000
1621 0.000000
1622 0.000000
1623 0.000000
1624 0.000000
1625 0.000000
1626 0.000000
1627 0.000000
1628 0.000000
1629 0.000000
1630 0.000000
1631 0.000000
1632 0.000000
1633 0.000000
1634 0.000000
1635 0.000000
1636 0.000000
1637 0.000000
1638 0.000000
1639 0.000000
1640 0.000000
1641 0.000000
1642 0.000000
1643 0.000000
1644 0.000000
1645 0.000000
1646 0.000000
1647 0.000000
1648 0.000000
1649 0.000000
1650 0.000000
1651 0.000000
1652 0.000000
1653 0.000000
1654 0.000000
1655 0.000000
1656 0.000000
1657 0.000000
1658 0.000000
1659 0.000000
1660 0.000000
1661 0.000000
1662 0.000000
1663 0.000000
1664 0.000000
1665 0.000000
1666 0.000000
1667 0.000000
1668 0.000000
1669 0.000000
1670 0.000000
1671 0.000000
1672 0.000000
1673 0.000000
1674 0.000000
1675 0.000000
1676 0.000000
1677 0.000000
1678 0.000000
1679 0.000000
1680 0.000000
1681 0.000000
1682 0.000000
1683 0.000000
1684 0.000000
1685 0.000000
1686 0.000000
1687 0.000000
1688 0.000000
1689 0.000000
1690 0.000000
1691 0.000000
1692 0.000000
1693 0.000000
1694 0.000000
1695 0.000000
1696 0.000000
1697 0.000000
1698 0.000000
1699 0.000000
1700 0.000000
1701 0.000000
1702 0.000000
1703 0.000000
1704 0.000000
1705 0.000000
1706 0.000000
1707 0.000000
1708 0.000000
1709 0.000000
1710 0.000000
1711 0.000000
1712 0.000000
1713 0.000000
1714 0.000000
1715 0.000000
1716 0.000000
1717 0.000000
1718 0.000000
1719 0.000000
1720 0.000000
1721 0.000000
1722 0.000000
1723 0.000000
1724 0.000000
1725 0.000000
1726 0.000000
1727 0.000000
1728 0.000000
1729 0.000000
1730 0.000000
1731 0.000000
1732 0.000000
1733 0.000000
1734 0.000000
1735 0.000000
1736 0.000000
1737 0.000000
1738 0.000000
1739 0.000000
1740 0.000000
1741 0.000000
1742 0.000000
1743 0.000000
1744 0.000000
1745 0.000000
1746 0.000000
1747 0.000000
1748 0.000000
1749 0.000000
1750 0.000000
1751 0.000000
1752 0.000000
1753 0.000000
1754 0.000000
1755 0.000000
1756 0.000000
1757 0.000000
1758 0.000000
1759 0.000000
1760 0.000000
1761 0.000000
1762 0.000000
1763 0.000000
1764 0.000000
1765 0.000000
1766 0.000000
1767 0.000000
1768 0.000000
1769 0.000000
1770 0.000000
1771 0.000000
1772 0.000000
1773 0.000000
1774 0.000000
1775 0.000000
1776 0.000000
1777 0.000000
1778 0.000000
1779 0.000000
1780 0.000000
1781 0.000000
1782 0.000000
1783 0.000000
1784 0.000000
1785 0.000000
1786 0.000000
1787 0.000000
1788 0.000000
1789 0.000000
1790 0.000000
1791 0.000000
1792 0.000000
1793 0.000000
1794 0.000000
1795 0.000000
1796 0.000000
1797 0.000000
1798 0.000000
1799 0.000000
1800 0.000000
1801 0.000000
1802 0.000000
1803 0.000000
1804 0.000000
1805 0.000000
1806 0.000000
1807 0.000000
1808 0.000000
1809 0.000000
1810 0.000000
1811 0.000000
1812 0.000000
1813 0.000000
1814 0.000000
1815 0.000000
1816 0.000000
1817 0.000000
1818 0.000000
1819 0.000000
1820 0.000000
1821 0.000000
1822 0.000000
1823 0.000000
1824 0.000000
1825 0.000000
1826 0.000000
1827 0.000000
1828 0.000000
1829 0.000000
1830 0.000000
1831 0.000000
1832 0.000000
1833 0.000000
1834 0.000000
1835 0.000000
1836 0.000000
1837 0.000000
1838 0.000000
1839 0.000000
1840 0.000000
1841 0.000000
1842 0.000000
1843 0.000000
1844 0.000000
1845 0.000000
1846 0.000000
1847 0.000000
1848 0.000000
1849 0.000000
1850 0.000000
1851 0.000000
1852 0.000000
1853 0.000000
1854 0.000000
1855 0.000000
1856 0.000000
1857 0.000000
1858 0.000000
1859 0.000000
1860 0.000000
1861 0.000000
1862 0.000000
1863 0.000000
1864 0.000000
1865 0.000000
1866 0.000000
1867 0.000000
1868 0.000000
1869 0.000000
1870 0.000000
1871 0.000000
1872 0.000000
1873 0.000000
1874 0.000000
1875 0.000000
1876 0.000000
1877 0.000000
1878 0.000000
1879 0.000000
1880 0.000000
1881 0.000000
1882 0.000000
1883 0.000000
1884 0.000000
1885 0.000000
1886 0.000000
1887 0.000000
1888 0.000000
1889 0.000000
1890 0.000000
1891 0.000000
1892 0.000000
1893 0.000000
1894 0.000000
1895 0.000000
1896 0.000000
1897 0.000000
1898 0.000000
1899 0.000000
1900 0.000000
1901 0.000000
1902 0.000000
1903 0.000000
1904 0.000000
1905 0.000000
1906 0.000000
1907 0.000000
1908 0.000000
1909 0.000000
1910 0.000000
1911 0.000000
1912 0.000000
1913 0.000000
1914 0.000000
1915 0.000000
1916 0.000000
1917 0.000000
1918 0.000000
1919 0.000000
1920 0.000000
1921 0.000000
1922 0.000000
1923 0.000000
1924 0.000000
1925 0.000000
1926 0.000000
1927 0.000000
1928 0.000000
1929 0.000000
1930 0.000000
1931 0.000000
1932 0.000000
1933 0.000000
1934 0.000000
1935 0.000000
1936 0.000000
1937 0.000000
1938 0.000000
1939 0.000000
1940 0.000000
1941 0.000000
1942 0.000000
1943 0.000000
1944 0.000000
1945 0.000000
1946 0.000000
1947 0.000000
1948 0.000000
1949 0.000000
1950 0.000000
1951 0.000000
1952 0.000000
1953 0.000000
1954 0.000000
1955 0.000000
1956 0.000000
1957 0.000000
1958 0.000000
1959 0.000000
1960 0.000000
1961 0.000000
1962 0.000000
1963 0.000000
1964 0.000000
1965 0.000000
1966 0.000000
1967 0.000000
1968 0.000000
1969 0.000000
1970 0.000000
1971 0.000000
1972 0.000000
1973 0.000000
1974 0.000000
1975 0.000000
1976 0.000000
1977 0.000000
1978 0.000000
1979 0.000000
1980 0.000000
1981 0.000000
1982 0.000000
1983 0.000000
1984 0.000000
1985 0.000000
1986 0.000000
1987 0.000000
1988 0.000000
1989 0.000000
1990 0.000000
1991 0.000000
1992 0.000000
1993 0.000000
1994 0.000000
1995 0.000000
1996 0.000000
1997 0.000000
1998 0.000000
1999 0.000000
2000 0.000000
2001 0.000000
2002 0.000000
2003 0.000000
2004 0.000000
2005 0.000000
2006 0.000000
2007 0.000000
2008 0.000000
2009 0.000000
2010 0.000000
2011 0.000000
2012 0.000000
2013 0.000000
2014 0.000000
2015 0.000000
2016 0.000000
2017 0.000000
2018 0.000000
2019 0.000000
2020 0.000000
2021 0.000000
2022 0.000000
2023 0.000000
2024 0.000000
2025 0.000000
2026 0.000000
2027 0.000000
2028 0.000000
2029 0.000000
2030 0.000000
2031 0.000000
2032 0.000000
2033 0.000000
2034 0.000000
2035 0.000000
2036 0.000000
2037 0.000000
2038 0.000000
2039 0.000000
2040 0.000000
2041 0.000000
2042 0.000000
2043 0.000000
2044 0.000000
2045 0.000000
2046 0.000000
2047 0.000000
2048 0.000000
2049 0.000000
2050 0.000000
2051 0.000000
2052 0.000000
2053 0.000000
2054 0.000000
2055 0.000000
2056 0.000000
2057 0.000000
2058 0.000000
2059 0.000000
2060 0.000000
2061 0.000000
2062 0.000000
2063 0.000000
2064 0.000000
2065 0.000000
2066 0.000000
2067 0.000000
2068 0.000000
2069 0.000000
2070 0.000000
2071 0.000000
2072 0.000000
2073 0.000000
2074 0.000000
2075 0.000000
2076 0.000000
2077 0.000000
2078 0.000000
2079 0.000000
2080 0.000000
2081 0.000000
2082 0.000000
2083 0.000000
2084 0.000000
2085 0.000000
2086 0.000000
2087 0.000000
2088 0.000000
2089 0.000000
2090 0.000000
2091 0.000000
2092 0.000000
2093 0.000000
2094 0.000000
2095 0.000000
2096 0.000000
2097 0.000000
2098 0.000000
2099 0.000000
2100 0.000000
2101 0.000000
2102 0.000000
2103 0.000000
2104 0.000000
2105 0.000000
2106 0.000000
2107 0.000000
2108 0.000000
2109 0.000000
2110 0.000000
2111 0.000000
2112 0.000000
2113 0.000000
2114 0.000000
2115 0.000000
2116 0.000000
2117 0.000000
2118 0.000000
2119 0.000000
2120 0.000000
2121 0.000000
2122 0.000000
2123 0.000000
2124 0.000000
2125 0.000000
2126 0.000000
2127 0.000000
2128 0.000000
2129 0.000000
2130 0.000000
2131 0.000000
2132 0.000000
2133 0.000000
2134 0.000000
2135 0.000000
2136 0.000000
2137 0.000000
2138 0.000000
2139 0.000000
2140 0.000000
2141 0.000000
2142 0.000000
2143 0.000000
2144 0.000000
2145 0.000000
2146 0.000000
2147 0.000000
2148 0.000000
2149 0.000000
2150 0.000000
2151 0.000000
2152 0.000000
2153 0.000000
2154 0.000000
2155 0.000000
2156 0.000000
2157 0.000000
2158 0.000000
2159 0.000000
2160 0.000000
2161 0.000000
2162 0.000000
2163 0.000000
2164 0.000000
2165 0.000000
2166 0.000000
2167 0.000000
2168 0.000000
2169 0.000000
2170 0.000000
2171 0.000000
2172 0.000000
2173 0.000000
2174 0.000000
2175 0.000000
2176 0.000000
2177 0.000000
2178 0.000000
2179 0.000000
2180 0.000000
2181 0.000000
2182 0.000000
2183 0.000000
2184 0.000000
2185 0.000000
2186 0.000000
2187 0.000000
2188 0.000000
2189 0.000000
2190 0.000000
2191 0.000000
2192 0.000000
2193 0.000000
2194 0.000000
2195 0.000000
2196 0.000000
2197 0.000000
2198 0.000000
2199 0.000000
2200 0.000000
2201 0.000000
2202 0.000000
2203 0.000000
2204 0.000000
2205 0.000000
2206 0.000000
2207 0.000000
2208 0.000000
2209 0.000000
2210 0.000000
2211 0.000000
2212 0.000000
2213 0.000000
2214 0.000000
2215 0.000000
2216 0.000000
2217 0.000000
2218 0.000000
2219 0.000000
2220 0.000000
2221 0.000000
2222 0.000000
2223 0.000000
2224 0.000000
2225 0.000000
2226 0.000000
2227 0.000000
2228 0.000000
2229 0.000000
2230 0.000000
2231 0.000000
2232 0.000000
2233 0.000000
2234 0.000000
2235 0.000000
2236 0.000000
2237 0.000000
2238 0.000000
2239 0.000000
2240 0.000000
2241 0.000000
2242 0.000000
2243 0.000000
2244 0.000000
2245 0.000000
2246 0.000000
2247 0.000000
2248 0.000000
2249 0.000000
2250 0.000000
2251 0.000000
2252 0.000000
2253 0.000000
2254 0.000000
2255 0.000000
2256 0.000000
2257 0.000000
2258 0.000000
2259 0.000000
2260 0.000000
2261 0.000000
2262 0.000000
2263 0.000000
2264 0.000000
2265 0.000000
2266 0.000000
2267 0.000000
2268 0.000000
2269 0.000000
2270 0.000000
2271 0.000000
2272 0.000000
2273 0.000000
2274 0.000000
2275 0.000000
2276 0.000000
2277 0.000000
2278 0.000000
2279 0.000000
2280 0.000000
2281 0.000000
2282 0.000000
2283 0.000000
2284 0.000000
2285 0.000000
2286 0.000000
2287 0.000000
2288 0.000000
2289 0.000000
2290 0.000000
2291 0.000000
2292 0.000000
2293 0.000000
2294 0.000000
2295 0.000000
2296 0.000000
2297 0.000000
2298 0.000000
2299 0.000000
2300 0.000000
2301 0.000000
2302 0.000000
2303 0.000000
2304 0.000000
2305 0.000000
2306 0.000000
2307 0.000000
2308 0.000000
2309 0.000000
2310 0.000000
2311 0.000000
2312 0.000000
2313 0.000000
2314 0.000000
2315 0.000000
2316 0.000000
2317 0.000000
2318 0.000000
2319 0.000000
2320 0.000000
2321 0.000000
2322 0.000000
2323 0.000000
2324 0.000000
2325 0.000000
2326 0.000000
2327 0.000000
2328 0.000000
2329 0.000000
2330 0.000000
2331 0.000000
2332 0.000000
2333 0.000000
2334 0.000000
2335 0.000000
2336 0.000000
2337 0.000000
2338 0.000000
2339 0.000000
2340 0.000000
2341 0.000000
2342 0.000000
2343 0.000000
2344 0.000000
2345 0.000000
2346 0.000000
2347 0.000000
2348 0.000000
2349 0.000000
2350 0.000000
2351 0.000000
2352 0.000000
2353 0.000000
2354 0.000000
2355 0.000000
2356 0.000000
2357 0.000000
2358 0.000000
2359 0.000000
2360 0.000000
2361 0.000000
2362 0.000000
2363 0.000000
2364 0.000000
2365 0.000000
2366 0.000000
2367 0.000000
2368 0.000000
2369 0.000000
2370 0.000000
2371 0.000000
2372 0.000000
2373 0.000000
2374 0.000000
2375 0.000000
2376 0.000000
2377 0.000000
2378 0.000000
2379 0.000000
2380 0.000000
2381 0.000000
2382 0.000000
2383 0.000000
2384 0.000000
2385 0.000000
2386 0.000000
2387 0.000000
2388 0.000000
2389 0.000000
2390 0.000000
2391 0.000000
2392 0.000000
2393 0.000000
2394 0.000000
2395 0.000000
2396 0.000000
2397 0.000000
2398 0.000000
2399 0.000000
2400 0.000000
2401 0.000000
2402 0.000000
2403 0.000000
2404 0.000000
2405 0.000000
2406 0.000000
2407 0.000000
2408 0.000000
2409 0.000000
2410 0.000000
2411 0.000000
2412 0.000000
2413 0.000000
2414 0.000000
2415 0.000000
2416 0.000000
2417 0.000000
2418 0.000000
2419 0.000000
2420 0.000000
2421 0.000000
2422 0.000000
2423 0.000000
2424 0.000000
2425 0.000000
2426 0.000000
2427 0.000000
2428 0.000000
2429 0.000000
2430 0.000000
2431 0.000000
2432 0.000000
2433 0.000000
2434 0.000000
2435 0.000000
2436 0.000000
2437 0.000000
2438 0.000000
2439 0.000000
2440 0.000000
2441 0.000000
2442 0.000000
2443 0.000000
2444 0.000000
2445 0.000000
2446 0.000000
2447 0.000000
2448 0.000000
2449 0.000000
2450 0.000000
2451 0.000000
2452 0.000000
2453 0.000000
2454 0.000000
2455 0.000000
2456 0.000000
2457 0.000000
2458 0.000000
2459 0.000000
2460 0.000000
2461 0.000000
2462 0.000000
2463 0.000000
2464 0.000000
2465 0.000000
2466 0.000000
2467 0.000000
2468 0.000000
2469 0.000000
2470 0.000000
2471 0.000000
2472 0.000000
2473 0.000000
2474 0.000000
2475 0.000000
2476 0.000000
2477 0.000000
2478 0.000000
2479 0.000000
2480 0.000000
2481 0.000000
2482 0.000000
2483 0.000000
2484 0.000000
2485 0.000000
2486 0.000000
2487 0.000000
2488 0.000000
2489 0.000000
2490 0.000000
2491 0.000000
2492 0.000000
2493 0.000000
2494 0.000000
2495 0.000000
2496 0.000000
2497 0.000000
2498 0.000000
2499 0.000000
2500 0.000000
2501 0.000000
2502 0.000000
2503 0.000000
2504 0.000000
2505 0.000000
2506 0.000000
2507 0.000000
2508 0.000000
2509 0.000000
2510 0.000000
2511 0.000000
2512 0.000000
2513 0.000000
2514 0.000000
2515 0.000000
2516 0.000000
2517 0.000000
2518 0.000000
2519 0.000000
2520 0.000000
2521 0.000000
2522 0.000000
2523 0.000000
2524 0.000000
2525 0.000000
2526 0.000000
2527 0.000000
2528 0.000000
2529 0.000000
2530 0.000000
2531 0.000000
2532 0.000000
2533 0.000000
2534 0.000000
2535 0.000000
2536 0.000000
2537 0.000000
2538 0.000000
2539 0.000000
2540 0.000000
2541 0.000000
2542 0.000000
2543 0.000000
2544 0.000000
2545 0.000000
2546 0.000000
2547 0.000000
2548 0.000000
2549 0.000000
2550 0.000000
2551 0.000000
2552 0.000000
2553 0.000000
2554 0.000000
2555 0.000000
2556 0.000000
2557 0.000000
2558 0.000000
2559 0.000000
2560 0.000000
2561 0.000000
2562 0.000000
2563 0.000000
2564 0.000000
2565 0.000000
2566 0.000000
2567 0.000000
2568 0.000000
2569 0.000000
2570 0.000000
2571 0.000000
2572 0.000000
2573 0.000000
2574 0.000000
2575 0.000000
2576 0.000000
2577 0.000000
2578 0.000000
2579 0.000000
2580 0.000000
2581 0.000000
2582 0.000000
2583 0.000000
2584 0.000000
2585 0.000000
2586 0.000000
2587 0.000000
2588 0.000000
2589 0.000000
2590 0.000000
2591 0.000000
2592 0.000000
2593 0.000000
2594 0.000000
2595 0.000000
2596 0.000000
2597 0.000000
2598 0.000000
2599 0.000000
2600 0.000000
2601 0.000000
2602 0.000000
2603 0.000000
2604 0.000000
2605 0.000000
2606 0.000000
2607 0.000000
2608 0.000000
2609 0.000000
2610 0.000000
2611 0.000000
2612 0.000000
2613 0.000000
2614 0.000000
2615 0.000000
2616 0.000000
2617 0.000000
2618 0.000000
2619 0.000000
2620 0.000000
2621 0.000000
2622 0.000000
2623 0.000000
2624 0.000000
2625 0.000000
2626 0.000000
2627 0.000000
2628 0.000000
2629 0.000000
2630 0.000000
2631 0.000000
2632 0.000000
2633 0.000000
2634 0.000000
2635 0.000000
2636 0.000000
2637 0.000000
2638 0.000000
2639 0.000000
2640 0.000000
2641 0.000000
2642 0.000000
2643 0.000000
2644 0.000000
2645 0.000000
2646 0.000000
2647 0.000000
2648 0.000000
2649 0.000000
2650 0.000000
2651 0.000000
2652 0.000000
2653 0.000000
2654 0.000000
2655 0.000000
2656 0.000000
2657 0.000000
2658 0.000000
2659 0.000000
2660 0.000000
2661 0.000000
2662 0.000000
2663 0.000000
2664 0.000000
2665 0.000000
2666 0.000000
2667 0.000000
2668 0.000000
2669 0.000000
2670 0.000000
2671 0.000000
2672 0.000000
2673 0.000000
2674 0.000000
2675 0.000000
2676 0.000000
2677 0.000000
2678 0.000000
2679 0.000000
2680 0.000000
2681 0.000000
2682 0.000000
2683 0.000000
2684 0.000000
2685 0.000000
2686 0.000000
2687 0.000000
2688 0.000000
2689 0.000000
2690 0.000000
2691 0.000000
2692 0.000000
2693 0.000000
2694 0.000000
2695 0.000000
2696 0.000000
2697 0.000000
2698 0.000000
2699 0.000000
2700 0.000000
2701 0.000000
2702 0.000000
2703 0.000000
2704 0.000000
2705 0.000000
2706 0.000000
2707 0.000000
2708 0.000000
2709 0.000000
2710 0.000000
2711 0.000000
2712 0.000000
2713 0.000000
2714 0.000000
2715 0.000000
2716 0.000000
2717 0.000000
2718 0.000000
2719 0.000000
2720 0.000000
2721 0.000000
2722 0.000000
2723 0.000000
2724 0.000000
2725 0.000000
2726 0.000000
2727 0.000000
2728 0.000000
2729 0.000000
2730 0.000000
2731 0.000000
2732 0.000000
2733 0.000000
2734 0.000000
2735 0.000000
2736 0.000000
2737 0.000000
2738 0.000000
2739 0.000000
2740 0.000000
2741 0.000000
2742 0.000000
2743 0.000000
2744 0.000000
2745 0.000000
2746 0.000000
2747 0.000000
2748 0.000000
2749 0.000000
2750 0.000000
2751 0.000000
2752 0.000000
2753 0.000000
2754 0.000000
2755 0.000000
2756 0.000000
2757 0.000000
2758 0.000000
2759 0.000000
2760 0.000000
2761 0.000000
2762 0.000000
2763 0.000000
2764 0.000000
2765 0.000000
2766 0.000000
2767 0.000000
2768 0.000000
2769 0.000000
2770 0.000000
2771 0.000000
2772 0.000000
2773 0.000000
2774 0.000000
2775 0.000000
2776 0.000000
2777 0.000000
2778 0.000000
2779 0.000000
2780 0.000000
2781 0.000000
2782 0.000000
2783 0.000000
2784 0.000000
2785 0.000000
2786 0.000000
2787 0.000000
2788 0.000000
2789 0.000000
2790 0.000000
2791 0.000000
2792 0.000000
2793 0.000000
2794 0.000000
2795 0.000000
2796 0.000000
2797 0.000000
2798 0.000000
2799 0.000000
2800 0.000000
2801 0.000000
2802 0.000000
2803 0.000000
2804 0.000000
2805 0.000000
2806 0.000000
2807 0.000000
2808 0.000000
2809 0.000000
2810 0.000000
2811 0.000000
2812 0.000000
2813 0.000000
2814 0.000000
2815 0.000000
2816 0.000000
2817 0.000000
2818 0.000000
2819 0.000000
2820 0.000000
2821 0.000000
2822 0.000000
2823 0.000000
2824 0.000000
2825 0.000000
2826 0.000000
2827 0.000000
2828 0.000000
2829 0.000000
2830 0.000000
2831 0.000000
2832 0.000000
2833 0.000000
2834 0.000000
2835 0.000000
2836 0.000000
2837 0.000000
2838 0.000000
2839 0.000000
2840 0.000000
2841 0.000000
2842 0.000000
2843 0.000000
2844 0.000000
2845 0.000000
2846 0.000000
2847 0.000000
2848 0.000000
2849 0.000000
2850 0.000000
2851 0.000000
2852 0.000000
2853 0.000000
2854 0.000000
2855 0.000000
2856 0.000000
2857 0.000000
2858 0.000000
2859 0.000000
2860 0.000000
2861 0.000000
2862 0.000000
2863 0.000000
2864 0.000000
2865 0.000000
2866 0.000000
2867 0.000000
2868 0.000000
2869 0.000000
2870 0.000000
2871 0.000000
2872 0.000000
2873 0.000000
2874 0.000000
2875 0.000000
2876 0.000000
2877 0.000000
2878 0.000000
2879 0.000000
2880 0.000000
2881 0.000000
2882 0.000000
2883 0.000000
2884 0.000000
2885 0.000000
2886 0.000000
2887 0.000000
2888 0.000000
2889 0.000000
2890 0.000000
2891 0.000000
2892 0.000000
2893 0.000000
2894 0.000000
2895 0.000000
2896 0.000000
2897 0.000000
2898 0.000000
2899 0.000000
2900 0.000000
2901 0.000000
2902 0.000000
2903 0.000000
2904 0.000000
2905 0.000000
2906 0.000000
2907 0.000000
2908 0.000000
2909 0.000000
2910 0.000000
2911 0.000000
2912 0.000000
2913 0.000000
2914 0.000000
2915 0.000000
2916 0.000000
2917 0.000000
2918 0.000000
2919 0.000000
2920 0.000000
2921 0.000000
2922 0.000000
2923 0.000000
2924 0.000000
2925 0.000000
2926 0.000000
2927 0.000000
2928 0.000000
2929 0.000000
2930 0.000000
2931 0.000000
2932 0.000000
2933 0.000000
2934 0.000000
2935 0.000000
2936 0.000000
2937 0.000000
2938 0.000000
2939 0.000000
2940 0.000000
2941 0.000000
2942 0.000000
2943 0.000000
2944 0.000000
2945 0.000000
2946 0.000000
2947 0.000000
2948 0.000000
2949 0.000000
2950 0.000000
2951 0.000000
2952 0.000000
2953 0.000000
2954 0.000000
2955 0.000000
2956 0.000000
2957 0.000000
2958 0.000000
2959 0.000000
2960 0.000000
2961 0.000000
2962 0.000000
2963 0.000000
2964 0.000000
2965 0.000000
2966 0.000000
2967 0.000000
2968 0.000000
2969 0.000000
2970 0.000000
2971 0.000000
2972 0.000000
2973 0.000000
2974 0.000000
2975 0.000000
2976 0.000000
2977 0.000000
2978 0.000000
2979 0.000000
2980 0.000000
2981 0.000000
2982 0.000000
2983 0.000000
2984 0.000000
2985 0.000000
2986 0.000000
2987 0.000000
2988 0.000000
2989 0.000000
2990 0.000000
2991 0.000000
2992 0.000000
2993 0.000000
2994 0.000000
2995 0.000000
2996 0.000000
2997 0.000000
2998 0.000000
2999 0.000000
3000 0.000000
3001 0.000000
3002 0.000000
3003 0.000000
3004 0.000000
3005 0.000000
3006 0.000000
3007 0.000000
3008 0.000000
3009 0.000000
3010 0.000000
3011 0.000000
3012 0.000000
3013 0.000000
3014 0.000000
3015 0.000000
3016 0.000000
3017 0.000000
3018 0.000000
3019 0.000000
3020 0.000000
3021 0.000000
3022 0.000000
3023 0.000000
3024 0.000000
3025 0.000000
3026 0.000000
3027 0.000000
3028 0.000000
3029 0.000000
3030 0.000000
3031 0.000000
3032 0.000000
3033 0.000000
3034 0.000000
3035 0.000000
3036 0.000000
3037 0.000000
3038 0.000000
3039 0.000000
3040 0.000000
3041 0.000000
3042 0.000000
3043 0.000000
3044 0.000000
3045 0.000000
3046 0.000000
3047 0.000000
3048 0.000000
3049 0.000000
3050 0.000000
3051 0.000000
3052 0.000000
3053 0.000000
3054 0.000000
3055 0.000000
3056 0.000000
3057 0.000000
3058 0.000000
3059 0.000000
3060 0.000000
3061 0.000000
3062 0.000000
3063 0.000000
3064 0.000000
3065 0.000000
3066 0.000000
3067 0.000000
3068 0.000000
3069 0.000000
3070 0.000000
3071 0.000000
3072 0.000000
3073 0.000000
3074 0.000000
3075 0.000000
3076 0.000000
3077 0.000000
3078 0.000000
3079 0.000000
3080 0.000000
3081 0.000000
3082 0.000000
3083 0.000000
3084 0.000000
3085 0.000000
3086 0.000000
3087 0.000000
3088 0.000000
3089 0.000000
3090 0.000000
3091 0.000000
3092 0.000000
3093 0.000000
3094 0.000000
3095 0.000000
3096 0.000000
3097 0.000000
3098 0.000000
3099 0.000000
3100 0.000000
3101 0.000000
3102 0.000000
3103 0.000000
3104 0.000000
3105 0.000000
3106 0.000000
3107 0.000000
3108 0.000000
3109 0.000000
3110 0.000000
3111 0.000000
3112 0.000000
3113 0.000000
3114 0.000000
3115 0.000000
3116 0.000000
3117 0.000000
3118 0.000000
3119 0.000000
3120 0.000000
3121 0.000000
3122 0.000000
3123 0.000000
3124 0.000000
3125 0.000000
3126 0.000000
3127 0.000000
3128 0.000000
3129 0.000000
3130 0.000000
3131 0.000000
3132 0.000000
3133 0.000000
3134 0.000000
3135 0.000000
3136 0.000000
3137 0.000000
3138 0.000000
3139 0.000000
3140 0.000000
3141 0.000000
3142 0.000000
3143 0.000000
3144 0.000000
3145 0.000000
3146 0.000000
3147 0.000000
3148 0.000000
3149 0.000000
3150 0.000000
3151 0.000000
3152 0.000000
3153 0.000000
3154 0.000000
3155 0.000000
3156 0.000000
3157 0.000000
3158 0.000000
3159 0.000000
3160 0.000000
3161 0.000000
3162 0.000000
3163 0.000000
3164 0.000000
3165 0.000000
3166 0.000000
3167 0.000000
3168 0.000000
3169 0.000000
3170 0.000000
3171 0.000000
3172 0.000000
3173 0.000000
3174 0.000000
3175 0.000000
3176 0.000000
3177 0.000000
3178 0.000000
3179 0.000000
3180 0.000000
3181 0.000000
3182 0.000000
3183 0.000000
3184 0.000000
3185 0.000000
3186 0.000000
3187 0.000000
3188 0.000000
3189 0.000000
3190 0.000000
3191 0.000000
3192 0.000000
3193 0.000000
3194 0.000000
3195 0.000000
3196 0.000000
3197 0.000000
3198 0.000000
3199 0.000000
3200 0.000000
3201 0.000000
3202 0.000000
3203 0.000000
3204 0.000000
3205 0.000000
3206 0.000000
3207 0.000000
3208 0.000000
3209 0.000000
3210 0.000000
3211 0.000000
3212 0.000000
3213 0.000000
3214 0.000000
3215 0.000000
3216 0.000000
3217 0.000000
3218 0.000000
3219 0.000000
3220 0.000000
3221 0.000000
3222 0.000000
3223 0.000000
3224 0.000000
3225 0.000000
3226 0.000000
3227 0.000000
3228 0.000000
3229 0.000000
3230 0.000000
3231 0.000000
3232 0.000000
3233 0.000000
3234 0.000000
3235 0.000000
3236 0.000000
3237 0.000000
3238 0.000000
3239 0.000000
3240 0.000000
3241 0.000000
3242 0.000000
3243 0.000000
3244 0.000000
3245 0.000000
3246 0.000000
3247 0.000000
3248 0.000000
3249 0.000000
3250 0.000000
3251 0.000000
3252 0.000000
3253 0.000000
3254 0.000000
3255 0.000000
3256 0.000000
3257 0.000000
3258 0.000000
3259 0.000000
3260 0.000000
3261 0.000000
3262 0.000000
3263 0.000000
3264 0.000000
3265 0.000000
3266 0.000000
3267 0.000000
3268 0.000000
3269 0.000000
3270 0.000000
3271 0.000000
3272 0.000000
3273 0.000000
3274 0.000000
3275 0.000000
3276 0.000000
3277 0.000000
3278 0.000000
3279 0.000000
3280 0.000000
3281 0.000000
3282 0.000000
3283 0.000000
3284 0.000000
3285 0.000000
3286 0.000000
3287 0.000000
3288 0.000000
3289 0.000000
3290 0.000000
3291 0.000000
3292 0.000000
3293 0.000000
3294 0.000000
3295 0.000000
3296 0.000000
3297 0.000000
3298 0.000000
3299 0.000000
3300 0.000000
3301 0.000000
3302 0.000000
3303 0.000000
3304 0.000000
3305 0.000000
3306 0.000000
3307 0.000000
3308 0.000000
3309 0.000000
3310 0.000000
3311 0.000000
3312 0.000000
3313 0.000000
3314 0.000000
3315 0.000000
3316 0.000000
3317 0.000000
3318 0.000000
3319 0.000000
3320 0.000000
3321 0.000000
3322 0.000000
3323 0.000000
3324 0.000000
3325 0.000000
3326 0.000000
3327 0.000000
3328 0.000000
3329 0.000000
3330 0.000000
3331 0.000000
3332 0.000000
3333 0.000000
3334 0.000000
3335 0.000000
3336 0.000000
3337 0.000000
3338 0.000000
3339 0.000000
3340 0.000000
3341 0.000000
3342 0.000000
3343 0.000000
3344 0.000000
3345 0.000000
3346 0.000000
3347 0.000000
3348 0.000000
3349 0.000000
3350 0.000000
3351 0.000000
3352 0.000000
3353 0.000000
3354 0.000000
3355 0.000000
3356 0.000000
3357 0.000000
3358 0.000000
3359 0.000000
3360 0.000000
3361 0.000000
3362 0.000000
3363 0.000000
3364 0.000000
3365 0.000000
3366 0.000000
3367 0.000000
3368 0.000000
3369 0.000000
3370 0.000000
3371 0.000000
3372 0.000000
3373 0.000000
3374 0.000000
3375 0.000000
3376 0.000000
3377 0.000000
3378 0.000000
3379 0.000000
3380 0.000000
3381 0.000000
3382 0.000000
3383 0.000000
3384 0.000000
3385 0.000000
3386 0.000000
3387 0.000000
3388 0.000000
3389 0.000000
3390 0.000000
3391 0.000000
3392 0.000000
3393 0.000000
3394 0.000000
3395 0.000000
3396 0.000000
3397 0.000000
3398 0.000000
3399 0.000000
3400 0.000000
3401 0.000000
3402 0.000000
3403 0.000000
3404 0.000000
3405 0.000000
3406 0.000000
3407 0.000000
3408 0.000000
3409 0.000000
3410 0.000000
3411 0.000000
3412 0.000000
3413 0.000000
3414 0.000000
3415 0.000000
3416 0.000000
3417 0.000000
3418 0.000000
3419 0.000000
3420 0.000000
3421 0.000000
3422 0.000000
3423 0.000000
3424 0.000000
3425 0.000000
3426 0.000000
3427 0.000000
3428 0.000000
3429 0.000000
3430 0.000000
3431 0.000000
3432 0.000000
3433 0.000000
3434 0.000000
3435 0.000000
3436 0.000000
3437 0.000000
3438 0.000000
3439 0.000000
3440 0.000000
3441 0.000000
3442 0.000000
3443 0.000000
3444 0.000000
3445 0.000000
3446 0.000000
3447 0.000000
3448 0.000000
3449 0.000000
3450 0.000000
3451 0.000000
3452 0.000000
3453 0.000000
3454 0.000000
3455 0.000000
3456 0.000000
3457 0.000000
3458 0.000000
3459 0.000000
3460 0.000000
3461 0.000000
3462 0.000000
3463 0.000000
3464 0.000000
3465 0.000000
3466 0.000000
3467 0.000000
3468 0.000000
3469 0.000000
3470 0.000000
3471 0.000000
3472 0.000000
3473 0.000000
3474 0.000000
3475 0.000000
3476 0.000000
3477 0.000000
3478 0.000000
3479 0.000000
3480 0.000000
3481 0.000000
3482 0.000000
3483 0.000000
3484 0.000000
3485 0.000000
3486 0.000000
3487 0.000000
3488 0.000000
3489 0.000000
3490 0.000000
3491 0.000000
3492 0.000000
3493 0.000000
3494 0.000000
3495 0.000000
3496 0.000000
3497 0.000000
3498 0.000000
3499 0.000000
3500 0.000000
3501 0.000000
3502 0.000000
3503 0.000000
3504 0.000000
3505 0.000000
3506 0.000000
3507 0.000000
3508 0.000000
3509 0.000000
3510 0.000000
3511 0.000000
3512 0.000000
3513 0.000000
3514 0.000000
3515 0.000000
3516 0.000000
3517 0.000000
3518 0.000000
3519 0.000000
3520 0.000000
3521 0.000000
3522 0.000000
3523 0.000000
3524 0.000000
3525 0.000000
3526 0.000000
3527 0.000000
3528 0.000000
3529 0.000000
3530 0.000000
3531 0.000000
3532 0.000000
3533 0.000000
3534 0.000000
3535 0.000000
3536 0.000000
3537 0.000000
3538 0.000000
3539 0.000000
3540 0.000000
3541 0.000000
3542 0.000000
3543 0.000000
3544 0.000000
3545 0.000000
3546 0.000000
3547 0.000000
3548 0.000000
3549 0.000000
3550 0.000000
3551 0.000000
3552 0.000000
3553 0.000000
3554 0.000000
3555 0.000000
3556 0.000000
3557 0.000000
3558 0.000000
3559 0.000000
3560 0.000000
3561 0.000000
3562 0.000000
3563 0.000000
3564 0.000000
3565 0.000000
3566 0.000000
3567 0.000000
3568 0.000000
3569 0.000000
3570 0.000000
3571 0.000000
3572 0.000000
3573 0.000000
3574 0.000000
3575 0.000000
3576 0.000000
3577 0.000000
3578 0.000000
3579 0.000000
3580 0.000000
3581 0.000000
3582 0.000000
3583 0.000000
3584 0.000000
3585 0.000000
3586 0.000000
3587 0.000000
3588 0.000000
3589 0.000000
3590 0.000000
3591 0.000000
3592 0.000000
3593 0.000000
3594 0.000000
3595 0.000000
3596 0.000000
3597 0.000000
3598 0.000000
3599 0.000000
3600 0.000000
3601 0.000000
3602 0.000000
3603 0.000000
3604 0.000000
3605 0.000000
3606 0.000000
3607 0.000000
3608 0.000000
3609 0.000000
3610 0.000000
3611 0.000000
3612 0.000000
3613 0.000000
3614 0.000000
3615 0.000000
3616 0.000000
3617 0.000000
3618 0.000000
3619 0.000000
3620 0.000000
3621 0.000000
3622 0.000000
3623 0.000000
3624 0.000000
3625 0.000000
3626 0.000000
3627 0.000000
3628 0.000000
3629 0.000000
3630 0.000000
3631 0.000000
3632 0.000000
3633 0.000000
3634 0.000000
3635 0.000000
3636 0.000000
3637 0.000000
3638 0.000000
3639 0.000000
3640 0.000000
3641 0.000000
3642 0.000000
3643 0.000000
3644 0.000000
3645 0.000000
3646 0.000000
3647 0.000000
3648 0.000000
3649 0.000000
3650 0.000000
3651 0.000000
3652 0.000000
3653 0.000000
3654 0.000000
3655 0.000000
3656 0.000000
3657 0.000000
3658 0.000000
3659 0.000000
3660 0.000000
3661 0.000000
3662 0.000000
3663 0.000000
3664 0.000000
3665 0.000000
3666 0.000000
3667 0.000000
3668 0.000000
3669 0.000000
3670 0.000000
3671 0.000000
3672 0.000000
3673 0.000000
3674 0.000000
3675 0.000000
3676 0.000000
3677 0.000000
3678 0.000000
3679 0.000000
3680 0.000000
3681 0.000000
3682 0.000000
3683 0.000000
3684 0.000000
3685 0.000000
3686 0.000000
3687 0.000000
3688 0.000000
3689 0.000000
3690 0.000000
3691 0.000000
3692 0.000000
3693 0.000000
3694 0.000000
3695 0.000000
3696 0.000000
3697 0.000000
3698 0.000000
3699 0.000000
3700 0.000000
3701 0.000000
3702 0.000000
3703 0.000000
3704 0.000000
3705 0.000000
3706 0.000000
3707 0.000000
3708 0.000000
3709 0.000000
3710 0.000000
3711 0.000000
3712 0.000000
3713 0.000000
3714 0.000000
3715 0.000000
3716 0.000000
3717 0.000000
3718 0.000000
3719 0.000000
3720 0.000000
3721 0.000000
3722 0.000000
3723 0.000000
3724 0.000000
3725 0.000000
3726 0.000000
3727 0.000000
3728 0.000000
3729 0.000000
3730 0.000000
3731 0.000000
3732 0.000000
3733 0.000000
3734 0.000000
3735 0.000000
3736 0.000000
3737 0.000000
3738 0.000000
3739 0.000000
3740 0.000000
3741 0.000000
3742 0.000000
3743 0.000000
3744 0.000000
3745 0.000000
3746 0.000000
3747 0.000000
3748 0.000000
3749 0.000000
3750 0.000000
3751 0.000000
3752 0.000000
3753 0.000000
3754 0.000000
3755 0.000000
3756 0.000000
3757 0.000000
3758 0.000000
3759 0.000000
3760 0.000000
3761 0.000000
3762 0.000000
3763 0.000000
3764 0.000000
3765 0.000000
3766 0.000000
3767 0.000000
3768 0.000000
3769 0.000000
3770 0.000000
3771 0.000000
3772 0.000000
3773 0.000000
3774 0.000000
3775 0.000000
3776 0.000000
3777 0.000000
3778 0.000000
3779 0.000000
3780 0.000000
3781 0.000000
3782 0.000000
3783 0.000000
3784 0.000000
3785 0.000000
3786 0.000000
3787 0.000000
3788 0.000000
3789 0.000000
3790 0.000000
3791 0.000000
3792 0.000000
3793 0.000000
3794 0.000000
3795 0.000000
3796 0.000000
3797 0.000000
3798 0.000000
3799 0.000000
3800 0.000000
3801 0.000000
3802 0.000000
3803 0.000000
3804 0.000000
3805 0.000000
3806 0.000000
3807 0.000000
3808 0.000000
3809 0.000000
3810 0.000000
3811 0.000000
3812 0.000000
3813 0.000000
3814 0.000000
3815 0.000000
3816 0.000000
3817 0.000000
3818 0.000000
3819 0.000000
3820 0.000000
3821 0.000000
3822 0.000000
3823 0.000000
3824 0.000000
3825 0.000000
3826 0.000000
3827 0.000000
3828 0.000000
3829 0.000000
3830 0.000000
3831 0.000000
3832 0.000000
3833 0.000000
3834 0.000000
3835 0.000000
3836 0.000000
3837 0.000000
3838 0.000000
3839 0.000000
3840 0.000000
3841 0.000000
3842 0.000000
3843 0.000000
3844 0.000000
3845 0.000000
3846 0.000000
3847 0.000000
3848 0.000000
3849 0.000000
3850 0.000000
3851 0.000000
3852 0.000000
3853 0.000000
3854 0.000000
3855 0.000000
3856 0.000000
3857 0.000000
3858 0.000000
3859 0.000000
3860 0.000000
3861 0.000000
3862 0.000000
3863 0.000000
3864 0.000000
3865 0.000000
3866 0.000000
3867 0.000000
3868 0.000000
3869 0.000000
3870 0.000000
3871 0.000000
3872 0.000000
3873 0.000000
3874 0.000000
3875 0.000000
3876 0.000000
3877 0.000000
3878 0.000000
3879 0.000000
3880 0.000000
3881 0.000000
3882 0.000000
3883 0.000000
3884 0.000000
3885 0.000000
3886 0.000000
3887 0.000000
3888 0.000000
3889 0.000000
3890 0.000000
3891 0.000000
3892 0.000000
3893 0.000000
3894 0.000000
3895 0.000000
3896 0.000000
3897 0.000000
3898 0.000000
3899 0.000000
3900 0.000000
3901 0.000000
3902 0.000000
3903 0.000000
3904 0.000000
3905 0.000000
3906 0.000000
3907 0.000000
3908 0.000000
3909 0.000000
3910 0.000000
3911 0.000000
3912 0.000000
3913 0.000000
3914 0.000000
3915 0.000000
3916 0.000000
3917 0.000000
3918 0.000000
3919 0.000000
3920 0.000000
3921 0.000000
3922 0.000000
3923 0.000000
3924 0.000000
3925 0.000000
3926 0.000000
3927 0.000000
3928 0.000000
3929 0.000000
3930 0.000000
3931 0.000000
3932 0.000000
3933 0.000000
3934 0.000000
3935 0.000000
3936 0.000000
3937 0.000000
3938 0.000000
3939 0.000000
3940 0.000000
3941 0.000000
3942 0.000000
3943 0.000000
3944 0.000000
3945 0.000000
3946 0.000000
3947 0.000000
3948 0.000000
3949 0.000000
3950 0.000000
3951 0.000000
3952 0.000000
3953 0.000000
3954 0.000000
3955 0.000000
3956 0.000000
3957 0.000000
3958 0.000000
3959 0.000000
3960 0.000000
3961 0.000000
3962 0.000000
3963 0.000000
3964 0.000000
3965 0.000000
3966 0.000000
3967 0.000000
3968 0.000000
3969 0.000000
3970 0.000000
3971 0.000000
3972 0.000000
3973 0.000000
3974 0.000000
3975 0.000000
3976 0.000000
3977 0.000000
3978 0.000000
3979 0.000000
3980 0.000000
3981 0.000000
3982 0.000000
3983 0.000000
3984 0.000000
3985 0.000000
3986 0.000000
3987 0.000000
3988 0.000000
3989 0.000000
3990 0.000000
3991 0.000000
3992 0.000000
3993 0.000000
3994 0.000000
3995 0.000000
3996 0.000000
3997 0.000000
3998 0.000000
3999 0.000000
4000 0.000000
4001 0.000000
4002 0.000000
4003 0.000000
4004 0.000000
4005 0.000000
4006 0.000000
4007 0.000000
4008 0.000000
4009 0.000000
4010 0.000000
4011 0.000000
4012 0.000000
4013 0.000000
4014 0.000000
4015 0.000000
4016 0.000000
4017 0.000000
4018 0.000000
4019 0.000000
4020 0.000000
4021 0.000000
4022 0.000000
4023 0.000000
4024 0.000000
4025 0.000000
4026 0.000000
4027 0.000000
4028 0.000000
4029 0.000000
4030 0.000000
4031 0.000000
4032 0.000000
4033 0.000000
4034 0.000000
4035 0.000000
4036 0.000000
4037 0.000000
4038 0.000000
4039 0.000000
4040 0.000000
4041 0.000000
4042 0.000000
4043 0.000000
4044 0.000000
4045 0.000000
4046 0.000000
4047 0.000000
4048 0.000000
4049 0.000000
4050 0.000000
4051 0.000000
4052 0.000000
4053 0.000000
4054 0.000000
4055 0.000000
4056 0.000000
4057 0.000000
4058 0.000000
4059 0.000000
4060 0.000000
4061 0.000000
4062 0.000000
4063 0.000000
4064 0.000000
4065 0.000000
4066 0.000000
4067 0.000000
4068 0.000000
4069 0.000000
4070 0.000000
4071 0.000000
4072 0.000000
4073 0.000000
4074 0.000000
4075 0.000000
4076 0.000000
4077 0.000000
4078 0.000000
4079 0.000000
4080 0.000000
4081 0.000000
4082 0.000000
4083 0.000000
4084 0.000000
4085 0.000000
4086 0.000000
4087 0.000000
4088 0.000000
4089 0.000000
4090 0.000000
4091 0.000000
4092 0.000000
4093 0.000000
4094 0.000000
4095 0.000000
