Iterción Dcm
0 0.016971
1 0.025047
2 0.045229
3 0.053303
4 0.085590
5 0.097695
6 0.109793
7 0.133991
8 0.154159
9 0.162226
10 0.190436
11 0.210586
12 0.218656
13 0.238814
14 0.275107
15 0.291219
16 0.311348
17 0.319403
18 0.335502
19 0.363671
20 0.387827
21 0.407981
22 0.420071
23 0.444205
24 0.448228
25 0.468345
26 0.468354
27 0.480419
28 0.508558
29 0.524645
30 0.540724
31 0.548773
32 0.568906
33 0.580982
34 0.605133
35 0.621180
36 0.629212
37 0.665256
38 0.681282
39 0.693271
40 0.729377
41 0.749464
42 0.773456
43 0.797575
44 0.817666
45 0.829706
46 0.849754
47 0.857782
48 0.869834
49 0.893877
50 0.905897
51 0.925945
52 0.945972
53 0.958016
54 0.978048
55 0.982068
56 0.990082
57 1.010154
58 1.034203
59 1.054215
60 1.058207
61 1.074272
62 1.074294
63 1.090312
64 1.118146
65 1.138151
66 1.150186
67 1.162235
68 1.174136
69 1.182205
70 1.186236
71 1.194212
72 1.222216
73 1.242184
74 1.266199
75 1.282231
76 1.298279
77 1.310268
78 1.314278
79 1.334251
80 1.338099
81 1.334089
82 1.350059
83 1.366127
84 1.382200
85 1.390207
86 1.406211
87 1.418117
88 1.422114
89 1.450080
90 1.450036
91 1.469947
92 1.489942
93 1.501864
94 1.517888
95 1.537796
96 1.553744
97 1.561712
98 1.581629
99 1.601316
100 1.629251
101 1.641131
102 1.649018
103 1.664970
104 1.676913
105 1.684842
106 1.708791
107 1.724638
108 1.744584
109 1.756359
110 1.784169
111 1.808133
112 1.831894
113 1.847856
114 1.843833
115 1.847797
116 1.855656
117 1.875250
118 1.903116
119 1.911142
120 1.907144
121 1.907174
122 1.923109
123 1.931105
124 1.955031
125 1.966846
126 1.962832
127 1.974682
128 1.986636
129 1.998460
130 2.006411
131 2.034204
132 2.061915
133 2.077670
134 2.089659
135 2.109498
136 2.121216
137 2.129008
138 2.128953
139 2.144824
140 2.160696
141 2.172616
142 2.196228
143 2.204250
144 2.216078
145 2.223761
146 2.235630
147 2.247432
148 2.267177
149 2.275152
150 2.275102
151 2.286856
152 2.298808
153 2.310686
154 2.318551
155 2.330347
156 2.330215
157 2.342032
158 2.353856
159 2.365799
160 2.377673
161 2.393866
162 2.401772
163 2.413615
164 2.425470
165 2.429457
166 2.449213
167 2.468742
168 2.484454
169 2.500015
170 2.507858
171 2.527238
172 2.535038
173 2.546881
174 2.550682
175 2.558584
176 2.566471
177 2.586128
178 2.601806
179 2.621597
180 2.621518
181 2.641130
182 2.652890
183 2.664940
184 2.684606
185 2.692574
186 2.708322
187 2.720224
188 2.736056
189 2.740041
190 2.751780
191 2.759792
192 2.775754
193 2.787421
194 2.811003
195 2.822639
196 2.834418
197 2.826346
198 2.834274
199 2.841926
200 2.833776
201 2.849518
202 2.861332
203 2.869353
204 2.881079
205 2.896859
206 2.896839
207 2.896655
208 2.896638
209 2.904271
210 2.908263
211 2.932159
212 2.947708
213 2.955751
214 2.979571
215 2.987510
216 2.995194
217 2.991250
218 3.006956
219 3.014676
220 3.018618
221 3.034463
222 3.046074
223 3.057839
224 3.061691
225 3.073584
226 3.093334
227 3.101316
228 3.113334
229 3.133164
230 3.156956
231 3.164942
232 3.172623
233 3.188143
234 3.200127
235 3.223646
236 3.247211
237 3.254977
238 3.262741
239 3.282558
240 3.282360
241 3.282302
242 3.310015
243 3.313895
244 3.317600
245 3.313582
246 3.321526
247 3.333120
248 3.336936
249 3.352821
250 3.364562
251 3.380375
252 3.388146
253 3.391929
254 3.407808
255 3.431544
256 3.443354
257 3.439305
258 3.431309
259 3.442935
260 3.446590
261 3.462379
262 3.474293
263 3.501989
264 3.509870
265 3.521783
266 3.529678
267 3.549456
268 3.557159
269 3.576683
270 3.580691
271 3.588155
272 3.599763
273 3.611496
274 3.623032
275 3.615092
276 3.615091
277 3.626965
278 3.630770
279 3.642541
280 3.650170
281 3.661787
282 3.681023
283 3.696689
284 3.696692
285 3.696691
286 3.724435
287 3.732182
288 3.732310
289 3.740113
290 3.736130
291 3.736034
292 3.743713
293 3.751517
294 3.751619
295 3.747641
296 3.743474
297 3.759508
298 3.779101
299 3.782904
300 3.786762
301 3.794560
302 3.790533
303 3.806289
304 3.802301
305 3.818359
306 3.826351
307 3.826277
308 3.814370
309 3.838095
310 3.861371
311 3.868930
312 3.868943
313 3.884618
314 3.892081
315 3.903816
316 3.911441
317 3.923341
318 3.927331
319 3.915622
320 3.923576
321 3.927145
322 3.927059
323 3.922903
324 3.942684
325 3.946561
326 3.954353
327 3.962203
328 3.954270
329 3.966047
330 3.969881
331 3.973661
332 3.993165
333 3.993043
334 4.004843
335 4.012618
336 4.016329
337 4.027944
338 4.039849
339 4.039608
340 4.051423
341 4.051345
342 4.055090
343 4.050973
344 4.066462
345 4.062453
346 4.058421
347 4.077756
348 4.089468
349 4.089392
350 4.096978
351 4.096685
352 4.092860
353 4.092860
354 4.108672
355 4.096913
356 4.100805
357 4.108729
358 4.116538
359 4.120327
360 4.108448
361 4.108058
362 4.119905
363 4.131491
364 4.147165
365 4.158918
366 4.166856
367 4.170842
368 4.174682
369 4.178612
370 4.182464
371 4.174736
372 4.190507
373 4.186640
374 4.174615
375 4.182359
376 4.190205
377 4.202274
378 4.190406
379 4.186403
380 4.182422
381 4.194275
382 4.201902
383 4.205698
384 4.225418
385 4.225479
386 4.229324
387 4.233340
388 4.241211
389 4.249187
390 4.268808
391 4.264797
392 4.272486
393 4.288228
394 4.296044
395 4.300041
396 4.319794
397 4.327527
398 4.323537
399 4.323358
400 4.331115
401 4.331091
402 4.331048
403 4.319054
404 4.338666
405 4.346414
406 4.342438
407 4.338561
408 4.338582
409 4.358088
410 4.366067
411 4.373529
412 4.381047
413 4.404989
414 4.400785
415 4.392748
416 4.396888
417 4.388950
418 4.392745
419 4.400604
420 4.420021
421 4.415766
422 4.411663
423 4.431336
424 4.435357
425 4.431372
426 4.443095
427 4.442921
428 4.450831
429 4.458757
430 4.466434
431 4.477595
432 4.469531
433 4.446187
434 4.446380
435 4.450251
436 4.462039
437 4.457814
438 4.445477
439 4.449349
440 4.449238
441 4.441124
442 4.440837
443 4.448588
444 4.444602
445 4.444555
446 4.444535
447 4.444369
448 4.440482
449 4.448319
450 4.459945
451 4.467813
452 4.475573
453 4.479155
454 4.486870
455 4.498663
456 4.498498
457 4.490418
458 4.502027
459 4.513933
460 4.521492
461 4.516871
462 4.528486
463 4.524455
464 4.544015
465 4.540132
466 4.555677
467 4.563389
468 4.574726
469 4.574965
470 4.590545
471 4.590347
472 4.598065
473 4.598019
474 4.605454
475 4.609243
476 4.609293
477 4.621267
478 4.625301
479 4.628980
480 4.628963
481 4.644566
482 4.668051
483 4.679409
484 4.683479
485 4.687436
486 4.691435
487 4.703161
488 4.706871
489 4.695206
490 4.702936
491 4.706948
492 4.695238
493 4.703057
494 4.707069
495 4.710466
496 4.702446
497 4.726236
498 4.730132
499 4.738201
500 4.737608
501 4.737546
502 4.741447
503 4.737527
504 4.753139
505 4.749164
506 4.748990
507 4.748866
508 4.752593
509 4.768408
510 4.764603
511 4.768594
512 4.772336
513 4.768730
514 4.776258
515 4.788089
516 4.795880
517 4.795874
518 4.795977
519 4.803546
520 4.815488
521 4.815674
522 4.815683
523 4.823366
524 4.838981
525 4.850652
526 4.854393
527 4.869994
528 4.873746
529 4.869372
530 4.880785
531 4.884198
532 4.884026
533 4.895706
534 4.895290
535 4.895304
536 4.906952
537 4.918847
538 4.910930
539 4.914780
540 4.914776
541 4.914507
542 4.926747
543 4.930542
544 4.934556
545 4.930736
546 4.927067
547 4.946169
548 4.945683
549 4.953551
550 4.957366
551 4.937365
552 4.944819
553 4.944844
554 4.940821
555 4.960175
556 4.971672
557 4.983514
558 4.979792
559 5.002594
560 5.005789
561 5.005225
562 5.012560
563 5.024189
564 5.028130
565 5.012451
566 5.016538
567 5.020272
568 5.028185
569 5.020083
570 5.031542
571 5.031479
572 5.046606
573 5.070068
574 5.081871
575 5.093484
576 5.097522
577 5.109278
578 5.124146
579 5.120216
580 5.124227
581 5.120262
582 5.147708
583 5.151322
584 5.155207
585 5.162924
586 5.167162
587 5.174639
588 5.190298
589 5.190030
590 5.194135
591 5.193436
592 5.193300
593 5.193152
594 5.204373
595 5.215841
596 5.219826
597 5.219827
598 5.219964
599 5.215851
600 5.219646
601 5.207342
602 5.211310
603 5.211554
604 5.223140
605 5.230951
606 5.230971
607 5.223158
608 5.235025
609 5.234667
610 5.234697
611 5.234571
612 5.250414
613 5.254425
614 5.258152
615 5.249843
616 5.257642
617 5.269078
618 5.284862
619 5.280901
620 5.288621
621 5.299809
622 5.307557
623 5.295795
624 5.299637
625 5.299464
626 5.311263
627 5.310898
628 5.314601
629 5.314588
630 5.310603
631 5.310729
632 5.314347
633 5.322314
634 5.318142
635 5.325895
636 5.337329
637 5.344867
638 5.348635
639 5.360012
640 5.359920
641 5.367765
642 5.371390
643 5.367528
644 5.383084
645 5.386873
646 5.393978
647 5.390128
648 5.394105
649 5.398251
650 5.390240
651 5.397987
652 5.401895
653 5.394043
654 5.401651
655 5.409524
656 5.416693
657 5.420467
658 5.432235
659 5.428225
660 5.427881
661 5.439577
662 5.443524
663 5.450763
664 5.458327
665 5.466477
666 5.455091
667 5.455074
668 5.454947
669 5.470614
670 5.466787
671 5.482486
672 5.482378
673 5.490010
674 5.493799
675 5.501666
676 5.509645
677 5.513645
678 5.529367
679 5.540193
680 5.536522
681 5.540668
682 5.536809
683 5.540962
684 5.540668
685 5.548759
686 5.549023
687 5.568274
688 5.572339
689 5.583988
690 5.583938
691 5.575994
692 5.571913
693 5.559989
694 5.571991
695 5.579488
696 5.579494
697 5.583307
698 5.591104
699 5.586958
700 5.598075
701 5.597960
702 5.609528
703 5.609510
704 5.617238
705 5.621216
706 5.636835
707 5.635937
708 5.647782
709 5.643572
710 5.635283
711 5.631410
712 5.634303
713 5.634075
714 5.641642
715 5.645491
716 5.653150
717 5.649161
718 5.641458
719 5.641399
720 5.644793
721 5.640918
722 5.659770
723 5.679190
724 5.682992
725 5.687220
726 5.683233
727 5.695001
728 5.694820
729 5.721920
730 5.717884
731 5.718081
732 5.741414
733 5.753662
734 5.749378
735 5.772891
736 5.780836
737 5.780584
738 5.768892
739 5.776883
740 5.781296
741 5.777617
742 5.773628
743 5.781380
744 5.789099
745 5.799703
746 5.803626
747 5.803548
748 5.792120
749 5.795882
750 5.780137
751 5.784014
752 5.791819
753 5.803841
754 5.807469
755 5.815088
756 5.822521
757 5.830078
758 5.838015
759 5.834056
760 5.834029
761 5.837770
762 5.841707
763 5.845650
764 5.841729
765 5.849354
766 5.845437
767 5.861101
768 5.849302
769 5.848914
770 5.856719
771 5.868418
772 5.852127
773 5.871517
774 5.875445
775 5.875632
776 5.895293
777 5.903431
778 5.911445
779 5.919430
780 5.946618
781 5.962020
782 5.942345
783 5.957684
784 5.961551
785 5.964863
786 5.988130
787 5.988075
788 6.003527
789 5.999785
790 6.003195
791 5.999311
792 6.007144
793 6.007312
794 6.007510
795 6.023142
796 6.011100
797 6.003227
798 6.003108
799 6.002980
800 6.018009
801 6.030263
802 6.037714
803 6.034035
804 6.034079
805 6.038018
806 6.046152
807 6.050148
808 6.042383
809 6.046591
810 6.042935
811 6.050496
812 6.061951
813 6.061394
814 6.069059
815 6.080556
816 6.088559
817 6.096052
818 6.096133
819 6.072499
820 6.061209
821 6.065044
822 6.065172
823 6.065278
824 6.069131
825 6.080921
826 6.084784
827 6.088209
828 6.088387
829 6.103959
830 6.104002
831 6.100185
832 6.088206
833 6.107303
834 6.118765
835 6.111310
836 6.118389
837 6.130320
838 6.153513
839 6.168635
840 6.168673
841 6.164709
842 6.168740
843 6.180276
844 6.183957
845 6.183388
846 6.175541
847 6.167817
848 6.164008
849 6.167716
850 6.167775
851 6.174903
852 6.171113
853 6.159312
854 6.155515
855 6.151742
856 6.143944
857 6.148062
858 6.128154
859 6.124599
860 6.109155
861 6.124525
862 6.131593
863 6.130904
864 6.126832
865 6.130657
866 6.138393
867 6.138217
868 6.130692
869 6.130540
870 6.146103
871 6.150001
872 6.153998
873 6.142118
874 6.142147
875 6.149668
876 6.146065
877 6.145961
878 6.153678
879 6.165097
880 6.176799
881 6.172551
882 6.167983
883 6.167799
884 6.172006
885 6.175836
886 6.163373
887 6.163389
888 6.163396
889 6.159272
890 6.151345
891 6.163160
892 6.167229
893 6.162967
894 6.151369
895 6.163350
896 6.163435
897 6.151764
898 6.167389
899 6.155465
900 6.174888
901 6.174905
902 6.174834
903 6.182908
904 6.187429
905 6.191280
906 6.187426
907 6.183456
908 6.171809
909 6.160026
910 6.156279
911 6.160238
912 6.183311
913 6.187262
914 6.186697
915 6.198416
916 6.194581
917 6.195182
918 6.207273
919 6.207346
920 6.214846
921 6.210911
922 6.210936
923 6.202755
924 6.194576
925 6.198308
926 6.189911
927 6.197807
928 6.208757
929 6.216571
930 6.228337
931 6.232132
932 6.232147
933 6.236021
934 6.251775
935 6.248069
936 6.236316
937 6.251844
938 6.263488
939 6.271216
940 6.274895
941 6.270767
942 6.274782
943 6.270966
944 6.278951
945 6.286583
946 6.286622
947 6.294481
948 6.287043
949 6.298653
950 6.306419
951 6.290751
952 6.306270
953 6.309738
954 6.305665
955 6.321212
956 6.332519
957 6.348587
958 6.364093
959 6.379920
960 6.383906
961 6.383917
962 6.372275
963 6.380065
964 6.399143
965 6.399122
966 6.402212
967 6.401768
968 6.401737
969 6.394053
970 6.405793
971 6.413659
972 6.421273
973 6.436281
974 6.432056
975 6.432418
976 6.443974
977 6.440006
978 6.435994
979 6.436155
980 6.440048
981 6.444155
982 6.448101
983 6.459764
984 6.471465
985 6.475600
986 6.483237
987 6.483117
988 6.482954
989 6.486359
990 6.494077
991 6.501865
992 6.506200
993 6.494420
994 6.506690
995 6.502493
996 6.510208
997 6.521879
998 6.529934
999 6.533733
1000 6.549502
1001 6.553737
1002 6.562036
1003 6.557637
1004 6.553565
1005 6.546033
1006 6.569087
1007 6.569072
1008 6.576966
1009 6.580542
1010 6.584540
1011 6.588142
1012 6.584163
1013 6.588410
1014 6.588281
1015 6.587945
1016 6.579969
1017 6.583942
1018 6.575486
1019 6.587139
1020 6.590980
1021 6.602674
1022 6.602870
1023 6.598977
1024 6.606527
1025 6.595265
1026 6.598607
1027 6.602469
1028 6.610169
1029 6.617462
1030 6.621061
1031 6.628226
1032 6.628027
1033 6.631698
1034 6.638739
1035 6.665332
1036 6.661375
1037 6.665059
1038 6.676663
1039 6.676327
1040 6.664423
1041 6.656636
1042 6.648810
1043 6.641009
1044 6.652863
1045 6.652575
1046 6.667896
1047 6.667737
1048 6.675227
1049 6.674604
1050 6.666536
1051 6.669759
1052 6.669676
1053 6.666136
1054 6.665874
1055 6.685330
1056 6.700634
1057 6.696564
1058 6.712251
1059 6.723437
1060 6.727456
1061 6.723643
1062 6.726630
1063 6.715197
1064 6.734814
1065 6.730966
1066 6.738658
1067 6.734686
1068 6.738312
1069 6.737862
1070 6.753913
1071 6.753878
1072 6.761520
1073 6.761510
1074 6.765300
1075 6.772761
1076 6.776328
1077 6.792222
1078 6.799323
1079 6.807106
1080 6.799145
1081 6.798622
1082 6.791089
1083 6.786528
1084 6.790226
1085 6.782399
1086 6.783150
1087 6.779496
1088 6.806449
1089 6.802625
1090 6.806647
1091 6.809491
1092 6.820894
1093 6.816230
1094 6.827014
1095 6.826799
1096 6.830640
1097 6.830396
1098 6.830064
1099 6.837944
1100 6.841094
1101 6.852617
1102 6.863542
1103 6.863483
1104 6.866934
1105 6.866503
1106 6.870485
1107 6.882045
1108 6.885913
1109 6.912934
1110 6.931979
1111 6.932531
1112 6.924490
1113 6.920645
1114 6.920452
1115 6.908722
1116 6.893595
1117 6.893590
1118 6.897527
1119 6.908343
1120 6.912042
1121 6.904017
1122 6.915618
1123 6.926287
1124 6.926123
1125 6.937928
1126 6.926030
1127 6.918004
1128 6.914119
1129 6.909741
1130 6.905705
1131 6.905638
1132 6.897967
1133 6.901979
1134 6.894127
1135 6.897567
1136 6.893615
1137 6.897531
1138 6.901518
1139 6.905507
1140 6.909267
1141 6.912803
1142 6.932234
1143 6.951291
1144 6.963098
1145 6.962773
1146 6.962881
1147 6.970710
1148 6.974240
1149 6.982159
1150 6.982000
1151 6.988946
1152 6.984956
1153 6.992602
1154 6.996278
1155 6.992281
1156 6.979925
1157 6.979828
1158 6.995430
1159 6.987720
1160 6.999168
1161 6.995103
1162 6.998457
1163 7.006354
1164 7.002997
1165 7.010585
1166 7.006873
1167 7.002959
1168 7.010510
1169 7.010438
1170 7.006695
1171 7.006298
1172 6.998728
1173 6.994665
1174 6.987304
1175 6.994904
1176 7.002606
1177 6.998519
1178 7.002406
1179 7.013833
1180 7.033304
1181 7.052752
1182 7.052019
1183 7.051996
1184 7.059707
1185 7.063196
1186 7.043733
1187 7.047535
1188 7.032048
1189 7.039568
1190 7.047503
1191 7.054997
1192 7.050861
1193 7.058363
1194 7.050961
1195 7.050551
1196 7.038966
1197 7.050352
1198 7.054228
1199 7.046296
1200 7.069318
1201 7.080603
1202 7.091939
1203 7.087490
1204 7.080116
1205 7.079830
1206 7.083462
1207 7.087363
1208 7.082987
1209 7.094671
1210 7.075864
1211 7.071638
1212 7.063806
1213 7.071374
1214 7.094920
1215 7.114176
1216 7.122056
1217 7.126149
1218 7.145341
1219 7.153108
1220 7.164335
1221 7.176072
1222 7.175935
1223 7.171950
1224 7.161053
1225 7.145649
1226 7.149854
1227 7.142115
1228 7.154251
1229 7.157872
1230 7.154021
1231 7.146349
1232 7.134580
1233 7.142094
1234 7.142063
1235 7.142253
1236 7.142357
1237 7.134692
1238 7.126560
1239 7.122006
1240 7.121978
1241 7.133417
1242 7.145008
1243 7.145161
1244 7.137478
1245 7.152641
1246 7.160326
1247 7.156430
1248 7.152371
1249 7.148680
1250 7.152309
1251 7.148466
1252 7.148285
1253 7.136617
1254 7.152101
1255 7.156015
1256 7.160000
1257 7.167815
1258 7.156633
1259 7.175640
1260 7.179687
1261 7.167747
1262 7.171371
1263 7.182645
1264 7.186926
1265 7.187110
1266 7.202349
1267 7.214054
1268 7.206038
1269 7.210071
1270 7.210689
1271 7.202907
1272 7.206870
1273 7.218530
1274 7.222219
1275 7.214285
1276 7.214588
1277 7.215131
1278 7.222537
1279 7.230255
1280 7.230489
1281 7.230076
1282 7.234025
1283 7.237944
1284 7.248963
1285 7.237675
1286 7.241820
1287 7.242047
1288 7.230340
1289 7.226261
1290 7.230168
1291 7.225808
1292 7.240319
1293 7.247765
1294 7.247578
1295 7.251327
1296 7.274485
1297 7.285722
1298 7.296863
1299 7.292877
1300 7.300577
1301 7.296033
1302 7.295859
1303 7.300294
1304 7.300114
1305 7.318929
1306 7.311178
1307 7.315242
1308 7.318789
1309 7.322673
1310 7.330122
1311 7.326637
1312 7.323203
1313 7.327026
1314 7.331123
1315 7.327033
1316 7.319150
1317 7.318386
1318 7.322111
1319 7.322138
1320 7.318324
1321 7.322232
1322 7.329635
1323 7.326241
1324 7.326260
1325 7.318449
1326 7.306669
1327 7.310648
1328 7.302422
1329 7.294415
1330 7.294221
1331 7.282811
1332 7.271819
1333 7.267830
1334 7.275436
1335 7.271553
1336 7.271584
1337 7.275438
1338 7.267747
1339 7.287450
1340 7.283351
1341 7.287203
1342 7.290828
1343 7.283187
1344 7.294574
1345 7.306570
1346 7.322324
1347 7.326355
1348 7.314962
1349 7.342478
1350 7.350364
1351 7.346317
1352 7.361784
1353 7.353303
1354 7.353429
1355 7.352798
1356 7.379336
1357 7.371802
1358 7.371739
1359 7.379289
1360 7.375261
1361 7.367533
1362 7.363448
1363 7.363577
1364 7.363924
1365 7.355615
1366 7.355393
1367 7.363040
1368 7.367313
1369 7.367484
1370 7.360027
1371 7.364034
1372 7.352347
1373 7.359880
1374 7.355865
1375 7.343804
1376 7.347712
1377 7.347599
1378 7.355461
1379 7.359621
1380 7.370922
1381 7.370693
1382 7.370780
1383 7.374699
1384 7.378044
1385 7.389199
1386 7.392917
1387 7.400696
1388 7.392605
1389 7.403906
1390 7.403910
1391 7.426584
1392 7.434191
1393 7.441823
1394 7.434061
1395 7.433926
1396 7.433986
1397 7.433803
1398 7.429809
1399 7.421675
1400 7.425279
1401 7.421376
1402 7.425371
1403 7.425690
1404 7.437390
1405 7.441299
1406 7.437296
1407 7.444918
1408 7.436684
1409 7.436693
1410 7.456077
1411 7.455904
1412 7.478598
1413 7.485959
1414 7.507753
1415 7.499979
1416 7.503885
1417 7.508043
1418 7.500090
1419 7.499797
1420 7.503203
1421 7.503347
1422 7.499760
1423 7.503521
1424 7.507163
1425 7.541637
1426 7.557057
1427 7.560912
1428 7.568570
1429 7.576613
1430 7.596144
1431 7.611976
1432 7.600112
1433 7.596571
1434 7.604445
1435 7.604421
1436 7.604586
1437 7.601836
1438 7.609751
1439 7.602207
1440 7.610130
1441 7.613967
1442 7.602194
1443 7.598212
1444 7.598212
1445 7.609629
1446 7.593981
1447 7.597325
1448 7.597422
1449 7.605068
1450 7.607864
1451 7.603581
1452 7.607370
1453 7.614926
1454 7.615018
1455 7.611144
1456 7.603265
1457 7.603394
1458 7.606662
1459 7.598875
1460 7.598644
1461 7.606372
1462 7.606200
1463 7.602302
1464 7.606470
1465 7.606536
1466 7.606326
1467 7.609962
1468 7.625297
1469 7.621328
1470 7.617171
1471 7.620965
1472 7.636399
1473 7.644316
1474 7.652094
1475 7.663366
1476 7.675042
1477 7.671153
1478 7.667388
1479 7.678819
1480 7.667300
1481 7.674518
1482 7.666839
1483 7.670560
1484 7.666574
1485 7.681631
1486 7.692989
1487 7.692893
1488 7.692944
1489 7.696816
1490 7.697310
1491 7.704847
1492 7.708601
1493 7.707956
1494 7.711978
1495 7.723797
1496 7.712175
1497 7.715564
1498 7.703784
1499 7.722552
1500 7.714816
1501 7.698915
1502 7.694866
1503 7.691135
1504 7.690944
1505 7.710429
1506 7.709978
1507 7.713843
1508 7.710630
1509 7.722400
1510 7.725905
1511 7.726187
1512 7.730213
1513 7.738231
1514 7.742048
1515 7.753781
1516 7.769267
1517 7.765035
1518 7.761654
1519 7.776071
1520 7.791366
1521 7.795480
1522 7.795310
1523 7.802271
1524 7.809860
1525 7.805585
1526 7.805337
1527 7.805023
1528 7.815831
1529 7.815781
1530 7.830766
1531 7.834646
1532 7.834804
1533 7.857621
1534 7.865350
1535 7.853577
1536 7.861335
1537 7.853206
1538 7.865102
1539 7.880309
1540 7.895216
1541 7.899150
1542 7.906611
1543 7.906826
1544 7.918056
1545 7.918770
1546 7.922756
1547 7.918767
1548 7.934548
1549 7.941863
1550 7.937765
1551 7.926090
1552 7.918252
1553 7.925677
1554 7.926139
1555 7.933959
1556 7.934127
1557 7.938081
1558 7.937749
1559 7.945760
1560 7.949906
1561 7.949994
1562 7.953580
1563 7.956703
1564 7.956188
1565 7.960492
1566 7.956910
1567 7.960590
1568 7.968373
1569 7.964126
1570 7.963272
1571 7.967532
1572 7.963489
1573 7.971107
1574 7.967117
1575 7.974403
1576 7.978123
1577 7.978082
1578 7.993136
1579 7.993029
1580 7.981351
1581 7.981964
1582 7.985983
1583 7.974767
1584 7.974400
1585 7.966526
1586 7.971263
1587 7.978179
1588 7.989133
1589 7.985066
1590 7.996602
1591 7.984356
1592 7.980333
1593 7.988069
1594 7.980177
1595 7.983802
1596 7.980010
1597 7.995039
1598 8.006721
1599 8.025426
1600 8.025827
1601 8.032938
1602 8.024684
1603 8.028113
1604 8.035539
1605 8.031578
1606 8.043019
1607 8.054188
1608 8.042500
1609 8.035237
1610 8.015438
1611 8.012504
1612 7.996748
1613 8.007953
1614 8.000538
1615 7.996357
1616 7.989053
1617 7.988533
1618 7.996007
1619 7.999916
1620 7.995921
1621 7.995909
1622 7.984014
1623 7.987755
1624 7.979853
1625 7.976081
1626 7.987611
1627 7.987911
1628 7.987962
1629 7.976231
1630 7.971937
1631 7.978509
1632 7.989686
1633 7.989255
1634 7.984663
1635 7.988499
1636 7.969181
1637 7.977335
1638 7.973392
1639 7.969188
1640 7.980342
1641 7.964984
1642 7.981032
1643 7.969333
1644 7.977069
1645 7.969365
1646 7.973612
1647 7.981201
1648 7.973543
1649 7.984348
1650 7.976825
1651 7.968999
1652 7.988319
1653 8.000580
1654 8.019820
1655 8.012450
1656 8.001046
1657 7.985615
1658 7.977564
1659 7.981580
1660 7.988195
1661 7.987999
1662 7.987867
1663 7.999154
1664 7.995263
1665 8.002450
1666 7.991457
1667 7.975681
1668 7.979271
1669 7.975628
1670 7.975660
1671 7.987273
1672 7.991964
1673 7.999717
1674 7.992097
1675 7.983873
1676 7.991957
1677 7.980172
1678 7.984344
1679 7.980333
1680 7.991652
1681 7.995154
1682 7.984027
1683 7.972151
1684 7.968341
1685 7.987928
1686 8.002793
1687 8.022223
1688 8.026473
1689 8.026310
1690 8.025804
1691 8.029953
1692 8.037657
1693 8.045748
1694 8.041901
1695 8.037883
1696 8.057701
1697 8.064979
1698 8.061377
1699 8.068585
1700 8.083976
1701 8.083728
1702 8.075744
1703 8.079252
1704 8.087240
1705 8.090943
1706 8.106510
1707 8.102270
1708 8.113161
1709 8.105529
1710 8.113512
1711 8.121065
1712 8.125019
1713 8.106281
1714 8.098529
1715 8.098571
1716 8.098612
1717 8.098682
1718 8.106018
1719 8.102059
1720 8.090111
1721 8.078589
1722 8.082509
1723 8.074730
1724 8.093793
1725 8.082265
1726 8.089772
1727 8.086011
1728 8.090002
1729 8.078940
1730 8.086800
1731 8.087619
1732 8.072547
1733 8.080406
1734 8.080612
1735 8.072885
1736 8.088152
1737 8.091067
1738 8.095173
1739 8.087896
1740 8.083931
1741 8.091705
1742 8.091103
1743 8.099023
1744 8.099273
1745 8.095474
1746 8.095473
1747 8.106934
1748 8.102956
1749 8.099345
1750 8.095607
1751 8.111058
1752 8.126804
1753 8.134358
1754 8.138057
1755 8.133884
1756 8.122300
1757 8.121934
1758 8.117879
1759 8.114434
1760 8.110857
1761 8.106865
1762 8.114987
1763 8.130939
1764 8.134988
1765 8.135831
1766 8.135943
1767 8.124287
1768 8.116739
1769 8.124382
1770 8.132233
1771 8.128004
1772 8.131408
1773 8.143161
1774 8.139362
1775 8.150739
1776 8.150629
1777 8.158688
1778 8.151219
1779 8.174209
1780 8.169595
1781 8.169643
1782 8.176865
1783 8.177420
1784 8.169582
1785 8.173268
1786 8.165382
1787 8.149911
1788 8.150536
1789 8.145926
1790 8.153458
1791 8.161132
1792 8.161327
1793 8.165252
1794 8.191771
1795 8.206579
1796 8.214107
1797 8.210298
1798 8.206078
1799 8.210126
1800 8.209823
1801 8.217292
1802 8.217077
1803 8.221000
1804 8.220304
1805 8.231862
1806 8.239604
1807 8.236239
1808 8.231764
1809 8.247422
1810 8.240078
1811 8.243824
1812 8.240191
1813 8.251482
1814 8.255455
1815 8.267039
1816 8.266980
1817 8.281855
1818 8.278072
1819 8.262135
1820 8.254665
1821 8.254930
1822 8.262799
1823 8.255032
1824 8.262641
1825 8.262693
1826 8.254881
1827 8.243674
1828 8.243970
1829 8.251705
1830 8.263273
1831 8.282715
1832 8.286887
1833 8.298308
1834 8.297855
1835 8.282246
1836 8.285607
1837 8.281113
1838 8.280591
1839 8.273143
1840 8.280617
1841 8.284423
1842 8.288131
1843 8.284302
1844 8.288240
1845 8.280373
1846 8.276473
1847 8.283810
1848 8.280123
1849 8.287703
1850 8.291196
1851 8.295021
1852 8.309958
1853 8.324464
1854 8.320431
1855 8.328389
1856 8.332211
1857 8.332308
1858 8.328227
1859 8.327353
1860 8.334175
1861 8.337690
1862 8.321985
1863 8.333187
1864 8.340736
1865 8.332740
1866 8.325436
1867 8.321087
1868 8.317229
1869 8.321360
1870 8.328731
1871 8.316983
1872 8.332168
1873 8.343291
1874 8.347561
1875 8.354878
1876 8.354489
1877 8.361982
1878 8.369882
1879 8.370043
1880 8.366235
1881 8.373697
1882 8.369800
1883 8.373810
1884 8.365923
1885 8.377345
1886 8.381016
1887 8.388539
1888 8.395871
1889 8.395649
1890 8.403131
1891 8.406458
1892 8.387355
1893 8.402491
1894 8.410104
1895 8.410194
1896 8.410435
1897 8.414025
1898 8.413966
1899 8.413475
1900 8.432372
1901 8.432361
1902 8.432358
1903 8.427979
1904 8.443164
1905 8.451060
1906 8.431557
1907 8.427590
1908 8.431510
1909 8.438460
1910 8.434546
1911 8.438352
1912 8.449578
1913 8.460689
1914 8.460598
1915 8.475487
1916 8.467147
1917 8.463281
1918 8.463118
1919 8.463104
1920 8.474346
1921 8.478021
1922 8.485554
1923 8.489709
1924 8.493497
1925 8.509032
1926 8.516729
1927 8.493956
1928 8.501708
1929 8.512801
1930 8.508684
1931 8.508923
1932 8.505519
1933 8.508906
1934 8.524016
1935 8.527740
1936 8.527220
1937 8.538380
1938 8.534149
1939 8.537993
1940 8.537805
1941 8.533493
1942 8.549175
1943 8.559847
1944 8.571739
1945 8.579546
1946 8.587533
1947 8.579596
1948 8.583609
1949 8.587086
1950 8.582572
1951 8.585765
1952 8.589591
1953 8.581426
1954 8.576701
1955 8.580527
1956 8.572518
1957 8.572359
1958 8.568355
1959 8.576640
1960 8.577060
1961 8.565746
1962 8.565512
1963 8.576075
1964 8.580041
1965 8.586814
1966 8.590754
1967 8.590768
1968 8.587235
1969 8.587031
1970 8.594550
1971 8.599012
1972 8.587538
1973 8.583097
1974 8.579086
1975 8.582972
1976 8.586299
1977 8.586311
1978 8.586668
1979 8.594062
1980 8.601702
1981 8.601848
1982 8.598117
1983 8.601405
1984 8.608878
1985 8.612433
1986 8.628051
1987 8.631759
1988 8.646857
1989 8.654360
1990 8.653342
1991 8.657606
1992 8.657988
1993 8.661125
1994 8.661185
1995 8.661274
1996 8.657192
1997 8.657258
1998 8.653562
1999 8.650281
2000 8.654225
2001 8.658138
2002 8.642577
2003 8.646220
2004 8.657412
2005 8.645816
2006 8.653939
2007 8.657499
2008 8.653633
2009 8.653026
2010 8.648974
2011 8.656678
2012 8.652637
2013 8.648796
2014 8.649117
2015 8.656289
2016 8.648589
2017 8.641140
2018 8.641264
2019 8.641458
2020 8.636940
2021 8.629279
2022 8.633112
2023 8.621357
2024 8.625031
2025 8.620863
2026 8.620510
2027 8.624441
2028 8.628247
2029 8.639843
2030 8.647721
2031 8.643892
2032 8.651699
2033 8.663506
2034 8.663662
2035 8.671512
2036 8.675307
2037 8.675177
2038 8.686966
2039 8.678854
2040 8.678757
2041 8.682923
2042 8.683517
2043 8.672184
2044 8.668542
2045 8.669359
2046 8.669288
2047 8.673552
2048 8.670353
2049 8.661698
2050 8.676372
2051 8.688212
2052 8.684709
2053 8.673048
2054 8.676979
2055 8.669426
2056 8.680858
2057 8.692164
2058 8.692077
2059 8.664862
2060 8.668882
2061 8.672294
2062 8.665211
2063 8.665092
2064 8.653140
2065 8.664800
2066 8.676093
2067 8.687189
2068 8.678784
2069 8.679172
2070 8.678785
2071 8.693734
2072 8.705736
2073 8.705753
2074 8.717676
2075 8.729199
2076 8.725788
2077 8.737048
2078 8.751725
2079 8.763651
2080 8.747874
2081 8.754028
2082 8.749991
2083 8.730898
2084 8.743026
2085 8.743065
2086 8.750934
2087 8.754757
2088 8.754938
2089 8.766754
2090 8.766494
2091 8.774284
2092 8.766596
2093 8.770401
2094 8.766596
2095 8.773668
2096 8.769793
2097 8.773752
2098 8.762202
2099 8.762191
2100 8.761401
2101 8.761610
2102 8.765536
2103 8.766325
2104 8.769078
2105 8.769292
2106 8.757541
2107 8.738824
2108 8.742359
2109 8.742397
2110 8.754002
2111 8.750268
2112 8.750477
2113 8.750502
2114 8.766266
2115 8.773174
2116 8.773830
2117 8.770682
2118 8.758515
2119 8.754932
2120 8.751430
2121 8.758670
2122 8.758240
2123 8.758636
2124 8.758984
2125 8.774613
2126 8.766527
2127 8.774267
2128 8.774164
2129 8.762923
2130 8.769771
2131 8.766315
2132 8.770118
2133 8.778146
2134 8.785843
2135 8.793647
2136 8.797154
2137 8.812869
2138 8.808886
2139 8.816368
2140 8.828268
2141 8.847221
2142 8.847319
2143 8.858602
2144 8.862688
2145 8.877595
2146 8.862305
2147 8.862456
2148 8.846703
2149 8.846786
2150 8.843340
2151 8.851299
2152 8.858687
2153 8.858627
2154 8.851132
2155 8.847445
2156 8.859410
2157 8.847840
2158 8.874583
2159 8.878393
2160 8.878662
2161 8.879129
2162 8.879513
2163 8.887222
2164 8.887508
2165 8.883357
2166 8.879656
2167 8.884075
2168 8.879775
2169 8.879741
2170 8.868277
2171 8.879913
2172 8.879954
2173 8.884171
2174 8.884124
2175 8.883962
2176 8.884233
2177 8.880219
2178 8.872437
2179 8.864398
2180 8.864494
2181 8.872298
2182 8.887652
2183 8.895451
2184 8.894538
2185 8.898321
2186 8.901745
2187 8.906055
2188 8.917203
2189 8.917022
2190 8.924590
2191 8.932208
2192 8.940285
2193 8.936327
2194 8.947607
2195 8.944636
2196 8.952530
2197 8.948451
2198 8.944555
2199 8.960019
2200 8.967587
2201 8.971177
2202 8.978504
2203 8.990070
2204 8.994080
2205 9.005445
2206 8.997586
2207 8.997517
2208 9.004881
2209 9.012795
2210 9.008428
2211 8.997038
2212 8.985374
2213 8.992430
2214 8.973172
2215 8.984304
2216 8.980966
2217 8.966601
2218 8.954984
2219 8.951049
2220 8.943361
2221 8.939081
2222 8.962082
2223 8.966200
2224 8.973946
2225 8.966140
2226 8.973111
2227 8.972765
2228 8.976434
2229 8.991914
2230 8.998785
2231 9.002375
2232 8.994820
2233 8.990605
2234 8.991563
2235 8.980173
2236 8.980807
2237 8.965240
2238 8.984249
2239 8.984320
2240 8.976237
2241 8.976674
2242 8.968598
2243 8.972751
2244 8.972769
2245 8.964931
2246 8.976347
2247 8.976141
2248 8.991307
2249 8.990388
2250 8.990968
2251 8.979057
2252 8.982911
2253 8.982497
2254 8.997513
2255 8.993415
2256 9.000375
2257 9.008308
2258 9.007631
2259 9.023310
2260 9.027428
2261 9.031344
2262 9.031360
2263 9.027590
2264 9.016508
2265 9.008827
2266 9.016774
2267 9.005814
2268 9.013457
2269 9.020975
2270 9.017014
2271 9.020254
2272 9.020256
2273 9.016067
2274 9.008096
2275 9.015569
2276 9.011588
2277 9.022912
2278 9.019308
2279 9.007759
2280 9.011182
2281 9.015142
2282 9.030080
2283 9.029798
2284 9.025930
2285 9.018028
2286 9.017103
2287 9.024523
2288 9.032467
2289 9.039777
2290 9.039768
2291 9.043335
2292 9.039189
2293 9.031820
2294 9.035864
2295 9.039709
2296 9.037895
2297 9.053169
2298 9.064768
2299 9.068768
2300 9.061401
2301 9.057764
2302 9.057818
2303 9.054074
2304 9.050139
2305 9.054147
2306 9.073189
2307 9.076797
2308 9.083992
2309 9.088121
2310 9.087863
2311 9.095864
2312 9.087733
2313 9.095505
2314 9.087362
2315 9.083519
2316 9.091663
2317 9.087697
2318 9.080089
2319 9.080434
2320 9.083400
2321 9.083149
2322 9.078650
2323 9.082870
2324 9.098329
2325 9.105376
2326 9.101691
2327 9.097485
2328 9.089763
2329 9.097408
2330 9.111754
2331 9.103423
2332 9.103347
2333 9.110875
2334 9.106640
2335 9.114392
2336 9.107265
2337 9.111631
2338 9.119330
2339 9.126452
2340 9.130516
2341 9.129834
2342 9.129807
2343 9.133711
2344 9.133688
2345 9.118376
2346 9.121524
2347 9.121515
2348 9.117438
2349 9.113451
2350 9.128234
2351 9.132471
2352 9.151553
2353 9.144044
2354 9.139760
2355 9.136302
2356 9.147588
2357 9.154663
2358 9.147270
2359 9.143363
2360 9.150829
2361 9.147089
2362 9.150965
2363 9.142921
2364 9.139307
2365 9.139103
2366 9.134557
2367 9.130457
2368 9.133807
2369 9.130421
2370 9.130220
2371 9.134314
2372 9.134283
2373 9.124198
2374 9.127838
2375 9.135660
2376 9.124052
2377 9.120375
2378 9.119658
2379 9.119750
2380 9.119400
2381 9.123013
2382 9.149057
2383 9.148581
2384 9.155918
2385 9.156212
2386 9.153418
2387 9.149431
2388 9.160669
2389 9.168233
2390 9.175918
2391 9.186966
2392 9.187257
2393 9.190503
2394 9.198604
2395 9.190752
2396 9.201783
2397 9.201627
2398 9.208401
2399 9.216107
2400 9.219215
2401 9.223259
2402 9.223207
2403 9.211270
2404 9.203676
2405 9.206880
2406 9.203018
2407 9.210413
2408 9.206487
2409 9.206247
2410 9.210392
2411 9.232813
2412 9.236651
2413 9.232357
2414 9.235998
2415 9.239744
2416 9.239620
2417 9.231784
2418 9.231826
2419 9.239680
2420 9.243398
2421 9.243106
2422 9.262597
2423 9.266564
2424 9.270412
2425 9.270059
2426 9.277624
2427 9.293095
2428 9.285472
2429 9.296305
2430 9.311988
2431 9.326973
2432 9.338787
2433 9.327503
2434 9.323479
2435 9.304293
2436 9.293579
2437 9.297474
2438 9.313271
2439 9.301870
2440 9.309438
2441 9.293562
2442 9.292585
2443 9.276815
2444 9.295436
2445 9.307191
2446 9.319033
2447 9.337129
2448 9.337216
2449 9.352131
2450 9.363782
2451 9.386573
2452 9.386531
2453 9.382946
2454 9.382852
2455 9.382882
2456 9.401634
2457 9.405560
2458 9.406389
2459 9.398840
2460 9.402447
2461 9.402068
2462 9.401807
2463 9.401845
2464 9.405596
2465 9.378538
2466 9.393796
2467 9.408626
2468 9.404584
2469 9.397474
2470 9.393612
2471 9.385513
2472 9.377682
2473 9.377596
2474 9.377307
2475 9.380434
2476 9.395600
2477 9.387724
2478 9.396162
2479 9.414520
2480 9.433369
2481 9.432868
2482 9.436715
2483 9.436889
2484 9.432620
2485 9.424792
2486 9.428419
2487 9.439433
2488 9.420583
2489 9.416731
2490 9.428437
2491 9.419631
2492 9.427189
2493 9.427215
2494 9.430747
2495 9.438992
2496 9.442637
2497 9.446620
2498 9.442599
2499 9.442304
2500 9.446248
2501 9.453970
2502 9.476722
2503 9.491962
2504 9.484440
2505 9.488110
2506 9.484579
2507 9.484537
2508 9.480740
2509 9.487928
2510 9.495091
2511 9.481034
2512 9.491490
2513 9.487519
2514 9.493379
2515 9.500928
2516 9.508266
2517 9.515354
2518 9.511727
2519 9.499887
2520 9.492256
2521 9.507702
2522 9.518809
2523 9.518698
2524 9.518847
2525 9.529327
2526 9.536691
2527 9.528983
2528 9.530156
2529 9.530550
2530 9.533949
2531 9.541338
2532 9.532571
2533 9.520903
2534 9.524778
2535 9.524152
2536 9.539340
2537 9.535508
2538 9.535445
2539 9.539246
2540 9.547080
2541 9.542986
2542 9.546821
2543 9.546709
2544 9.558550
2545 9.561937
2546 9.565336
2547 9.568584
2548 9.556813
2549 9.568515
2550 9.583246
2551 9.576453
2552 9.575860
2553 9.579878
2554 9.571882
2555 9.560008
2556 9.564296
2557 9.564096
2558 9.568030
2559 9.567668
2560 9.585123
2561 9.592592
2562 9.598482
2563 9.614226
2564 9.610291
2565 9.609726
2566 9.598277
2567 9.601998
2568 9.598098
2569 9.602047
2570 9.602379
2571 9.602303
2572 9.610015
2573 9.613698
2574 9.616280
2575 9.620339
2576 9.639701
2577 9.646282
2578 9.642906
2579 9.635343
2580 9.633274
2581 9.641364
2582 9.637595
2583 9.641874
2584 9.649698
2585 9.646197
2586 9.650197
2587 9.654233
2588 9.650353
2589 9.654295
2590 9.646806
2591 9.642882
2592 9.639308
2593 9.643139
2594 9.643395
2595 9.666695
2596 9.666330
2597 9.674476
2598 9.673690
2599 9.694645
2600 9.708190
2601 9.708056
2602 9.719732
2603 9.711736
2604 9.727604
2605 9.727433
2606 9.731807
2607 9.727783
2608 9.724325
2609 9.723777
2610 9.708439
2611 9.715443
2612 9.726387
2613 9.733216
2614 9.732936
2615 9.729182
2616 9.744780
2617 9.748142
2618 9.748332
2619 9.748272
2620 9.759977
2621 9.763096
2622 9.765510
2623 9.768878
2624 9.772440
2625 9.772587
2626 9.776546
2627 9.775828
2628 9.783116
2629 9.798234
2630 9.793981
2631 9.793608
2632 9.793260
2633 9.800736
2634 9.807959
2635 9.811863
2636 9.819107
2637 9.814514
2638 9.806062
2639 9.817245
2640 9.819435
2641 9.823115
2642 9.823068
2643 9.826997
2644 9.826917
2645 9.819123
2646 9.818979
2647 9.831136
2648 9.826982
2649 9.838706
2650 9.828285
2651 9.827853
2652 9.831985
2653 9.831109
2654 9.827049
2655 9.830917
2656 9.827314
2657 9.819841
2658 9.819801
2659 9.804315
2660 9.807227
2661 9.811192
2662 9.821864
2663 9.839889
2664 9.839661
2665 9.839028
2666 9.835241
2667 9.846684
2668 9.854000
2669 9.865466
2670 9.865781
2671 9.862199
2672 9.869986
2673 9.870278
2674 9.873822
2675 9.873721
2676 9.873634
2677 9.876911
2678 9.873535
2679 9.873706
2680 9.876877
2681 9.884748
2682 9.895729
2683 9.907201
2684 9.907323
2685 9.911381
2686 9.918241
2687 9.906876
2688 9.911635
2689 9.918852
2690 9.915415
2691 9.923048
2692 9.919726
2693 9.919671
2694 9.918191
2695 9.940535
2696 9.936416
2697 9.936358
2698 9.943798
2699 9.940250
2700 9.951565
2701 9.951614
2702 9.962909
2703 9.958934
2704 9.962907
2705 9.947394
2706 9.939713
2707 9.943327
2708 9.955000
2709 9.951087
2710 9.957868
2711 9.942472
2712 9.961584
2713 9.953392
2714 9.953915
2715 9.950229
2716 9.961833
2717 9.961481
2718 9.962492
2719 9.980724
2720 9.984498
2721 9.999300
2722 9.992366
2723 10.003881
2724 10.007313
2725 10.015055
2726 10.018819
2727 10.018419
2728 10.026919
2729 10.041957
2730 10.033920
2731 10.021941
2732 10.017986
2733 10.021396
2734 10.021132
2735 10.017952
2736 10.033510
2737 10.029209
2738 10.032682
2739 10.040318
2740 10.036392
2741 10.044140
2742 10.048298
2743 10.040576
2744 10.048094
2745 10.055600
2746 10.058907
2747 10.028450
2748 10.023788
2749 10.016110
2750 10.023185
2751 10.026592
2752 10.038238
2753 10.026853
2754 10.030831
2755 10.031221
2756 10.027283
2757 10.030835
2758 10.030369
2759 10.037974
2760 10.045987
2761 10.042329
2762 10.042436
2763 10.042439
2764 10.035695
2765 10.024353
2766 10.039457
2767 10.039239
2768 10.031241
2769 10.024952
2770 10.024857
2771 10.021023
2772 10.025335
2773 10.022209
2774 10.026021
2775 10.037304
2776 10.045044
2777 10.075469
2778 10.082992
2779 10.075346
2780 10.086619
2781 10.094449
2782 10.101797
2783 10.124299
2784 10.115768
2785 10.112037
2786 10.104409
2787 10.115880
2788 10.112552
2789 10.094302
2790 10.097988
2791 10.090367
2792 10.082302
2793 10.097751
2794 10.105502
2795 10.102228
2796 10.098376
2797 10.105942
2798 10.109885
2799 10.117706
2800 10.121824
2801 10.125369
2802 10.133128
2803 10.132661
2804 10.139532
2805 10.139758
2806 10.150837
2807 10.142482
2808 10.142826
2809 10.142848
2810 10.153877
2811 10.150309
2812 10.138493
2813 10.137833
2814 10.142039
2815 10.145578
2816 10.145642
2817 10.156878
2818 10.145033
2819 10.145326
2820 10.148847
2821 10.145089
2822 10.153032
2823 10.159788
2824 10.162967
2825 10.177947
2826 10.189421
2827 10.192641
2828 10.203885
2829 10.211520
2830 10.218866
2831 10.203329
2832 10.199972
2833 10.196338
2834 10.189035
2835 10.193280
2836 10.162961
2837 10.158920
2838 10.166281
2839 10.173859
2840 10.166136
2841 10.158591
2842 10.147283
2843 10.150701
2844 10.154617
2845 10.151110
2846 10.151117
2847 10.154793
2848 10.162381
2849 10.174163
2850 10.193182
2851 10.196976
2852 10.212548
2853 10.212713
2854 10.213003
2855 10.208934
2856 10.200899
2857 10.205377
2858 10.208806
2859 10.211986
2860 10.203954
2861 10.199929
2862 10.187981
2863 10.187230
2864 10.176069
2865 10.176173
2866 10.184171
2867 10.195195
2868 10.205713
2869 10.213335
2870 10.213416
2871 10.209993
2872 10.213488
2873 10.209510
2874 10.198270
2875 10.198312
2876 10.201403
2877 10.216269
2878 10.220757
2879 10.235768
2880 10.235485
2881 10.227803
2882 10.227648
2883 10.246138
2884 10.246416
2885 10.249115
2886 10.233666
2887 10.222551
2888 10.222565
2889 10.222582
2890 10.230722
2891 10.226559
2892 10.234914
2893 10.231678
2894 10.223955
2895 10.231812
2896 10.220011
2897 10.223286
2898 10.223097
2899 10.226952
2900 10.227109
2901 10.223064
2902 10.229724
2903 10.226059
2904 10.240978
2905 10.252882
2906 10.249411
2907 10.225501
2908 10.213493
2909 10.203344
2910 10.195336
2911 10.191740
2912 10.203173
2913 10.196192
2914 10.207485
2915 10.218056
2916 10.225576
2917 10.225569
2918 10.244739
2919 10.251870
2920 10.240312
2921 10.243926
2922 10.256143
2923 10.244412
2924 10.240565
2925 10.241671
2926 10.249065
2927 10.264078
2928 10.271867
2929 10.291511
2930 10.311076
2931 10.311341
2932 10.318713
2933 10.311287
2934 10.322070
2935 10.325800
2936 10.333216
2937 10.344479
2938 10.351890
2939 10.344066
2940 10.343808
2941 10.356426
2942 10.363769
2943 10.356399
2944 10.356574
2945 10.367952
2946 10.367742
2947 10.371855
2948 10.367953
2949 10.376381
2950 10.387535
2951 10.391595
2952 10.399041
2953 10.395565
2954 10.399293
2955 10.407207
2956 10.406871
2957 10.410057
2958 10.429054
2959 10.413399
2960 10.417274
2961 10.417233
2962 10.417235
2963 10.409737
2964 10.417386
2965 10.420572
2966 10.435505
2967 10.435164
2968 10.438829
2969 10.461558
2970 10.446027
2971 10.445391
2972 10.449303
2973 10.453106
2974 10.452806
2975 10.448947
2976 10.456131
2977 10.455805
2978 10.459244
2979 10.459257
2980 10.455977
2981 10.459996
2982 10.471394
2983 10.483224
2984 10.479663
2985 10.467530
2986 10.464145
2987 10.456255
2988 10.464275
2989 10.475810
2990 10.490740
2991 10.498103
2992 10.498100
2993 10.501517
2994 10.516651
2995 10.520088
2996 10.531226
2997 10.527100
2998 10.518818
2999 10.511465
