Iterción Dcm
0 0.021968
1 0.048628
2 0.078609
3 0.098591
4 0.131886
5 0.138551
6 0.178485
7 0.221725
8 0.241654
9 0.258264
10 0.294807
11 0.318061
12 0.337997
13 0.367862
14 0.387779
15 0.407658
16 0.430840
17 0.454073
18 0.487204
19 0.503771
20 0.533624
21 0.573406
22 0.603181
23 0.609809
24 0.636280
25 0.656211
26 0.676074
27 0.702538
28 0.728911
29 0.752082
30 0.768588
31 0.788441
32 0.824774
33 0.851181
34 0.877585
35 0.904039
36 0.927183
37 0.937084
38 0.960213
39 0.980048
40 1.006469
41 1.026221
42 1.039455
43 1.052745
44 1.079160
45 1.075780
46 1.131771
47 1.144990
48 1.167994
49 1.184536
50 1.201026
51 1.224068
52 1.240589
53 1.267033
54 1.290012
55 1.332570
56 1.365340
57 1.371959
58 1.391750
59 1.398293
60 1.421298
61 1.451018
62 1.474043
63 1.483901
64 1.500387
65 1.526889
66 1.556523
67 1.579549
68 1.592546
69 1.618820
70 1.631999
71 1.645258
72 1.658387
73 1.681380
74 1.697692
75 1.710675
76 1.717282
77 1.746794
78 1.763285
79 1.773033
80 1.802403
81 1.831721
82 1.828289
83 1.831353
84 1.837953
85 1.867350
86 1.890297
87 1.890286
88 1.913192
89 1.942731
90 1.946026
91 1.965496
92 1.994842
93 2.011203
94 2.034191
95 2.040648
96 2.057044
97 2.092995
98 2.109096
99 2.135084
100 2.157692
101 2.190551
102 2.207072
103 2.220025
104 2.233065
105 2.258999
106 2.271861
107 2.268394
108 2.287996
109 2.304188
110 2.320451
111 2.320381
112 2.339874
113 2.356098
114 2.372590
115 2.392172
116 2.401689
117 2.401569
118 2.401522
119 2.414606
120 2.427546
121 2.430667
122 2.450292
123 2.460013
124 2.475991
125 2.505491
126 2.518390
127 2.531319
128 2.540816
129 2.547064
130 2.546851
131 2.566458
132 2.579499
133 2.595774
134 2.611792
135 2.611716
136 2.614888
137 2.624596
138 2.630952
139 2.640791
140 2.650605
141 2.640603
142 2.663352
143 2.666613
144 2.679464
145 2.682633
146 2.695575
147 2.705244
148 2.721687
149 2.738196
150 2.734869
151 2.744537
152 2.744450
153 2.744404
154 2.773726
155 2.789969
156 2.796214
157 2.805939
158 2.818846
159 2.825319
160 2.818745
161 2.828539
162 2.828598
163 2.847989
164 2.854478
165 2.857617
166 2.893391
167 2.909522
168 2.922501
169 2.915898
170 2.906284
171 2.919264
172 2.918884
173 2.938359
174 2.944889
175 2.931751
176 2.941544
177 2.941540
178 2.947659
179 2.960436
180 2.963773
181 2.976945
182 2.996459
183 3.006192
184 2.999486
185 3.009285
186 3.022180
187 3.015581
188 3.012224
189 3.021811
190 3.028436
191 3.028391
192 3.034849
193 3.044553
194 3.054034
195 3.060514
196 3.076651
197 3.079724
198 3.095929
199 3.105473
200 3.121547
201 3.111721
202 3.141380
203 3.151110
204 3.154109
205 3.180227
206 3.189849
207 3.193121
208 3.209490
209 3.225810
210 3.202516
211 3.215236
212 3.224868
213 3.228135
214 3.244437
215 3.257410
216 3.247717
217 3.267389
218 3.264027
219 3.260593
220 3.263709
221 3.253699
222 3.266753
223 3.263191
224 3.276107
225 3.269600
226 3.275961
227 3.266138
228 3.266020
229 3.288259
230 3.298170
231 3.294809
232 3.285131
233 3.278481
234 3.291237
235 3.288065
236 3.281260
237 3.281178
238 3.281193
239 3.284301
240 3.290707
241 3.310109
242 3.323042
243 3.326283
244 3.335828
245 3.345555
246 3.361725
247 3.355161
248 3.371519
249 3.374797
250 3.374370
251 3.393890
252 3.403357
253 3.412805
254 3.432058
255 3.435244
256 3.435114
257 3.428531
258 3.441593
259 3.447788
260 3.463796
261 3.460393
262 3.476879
263 3.467056
264 3.483119
265 3.489746
266 3.512224
267 3.522075
268 3.531621
269 3.531521
270 3.544173
271 3.527639
272 3.527334
273 3.527286
274 3.540021
275 3.559585
276 3.578712
277 3.585290
278 3.617477
279 3.620636
280 3.623858
281 3.629738
282 3.626422
283 3.635906
284 3.632228
285 3.641904
286 3.648262
287 3.671668
288 3.674747
289 3.668453
290 3.671845
291 3.668665
292 3.671872
293 3.655907
294 3.671843
295 3.674909
296 3.684370
297 3.690852
298 3.694123
299 3.710140
300 3.713405
301 3.716740
302 3.710372
303 3.716558
304 3.726166
305 3.738959
306 3.732338
307 3.738879
308 3.735550
309 3.725629
310 3.731929
311 3.741778
312 3.731833
313 3.744193
314 3.747388
315 3.727850
316 3.734426
317 3.750536
318 3.785902
319 3.785702
320 3.788762
321 3.804787
322 3.821203
323 3.831098
324 3.837358
325 3.847098
326 3.847099
327 3.860174
328 3.869823
329 3.859890
330 3.866323
331 3.875998
332 3.869157
333 3.859394
334 3.859386
335 3.849337
336 3.852501
337 3.858790
338 3.874855
339 3.884584
340 3.894040
341 3.900764
342 3.901077
343 3.917124
344 3.913863
345 3.917195
346 3.917029
347 3.933113
348 3.942901
349 3.926587
350 3.929774
351 3.942943
352 3.962275
353 3.975347
354 3.965826
355 3.972234
356 3.984905
357 4.000746
358 4.007353
359 4.007590
360 4.020298
361 4.016999
362 4.020585
363 4.026928
364 4.033362
365 4.030273
366 4.030161
367 4.033298
368 4.007201
369 4.010379
370 4.010334
371 4.013838
372 4.020410
373 4.023464
374 4.036525
375 4.023562
376 4.017002
377 4.016345
378 4.023075
379 4.029603
380 4.042050
381 4.042297
382 4.029096
383 4.035652
384 4.038819
385 4.061562
386 4.071318
387 4.067640
388 4.073808
389 4.073857
390 4.080227
391 4.083321
392 4.079721
393 4.070121
394 4.070142
395 4.066873
396 4.070200
397 4.060551
398 4.066551
399 4.069583
400 4.069815
401 4.066550
402 4.063364
403 4.063401
404 4.069910
405 4.082887
406 4.082837
407 4.086109
408 4.092396
409 4.072726
410 4.072547
411 4.072809
412 4.066116
413 4.069457
414 4.069550
415 4.059971
416 4.053621
417 4.069255
418 4.063223
419 4.069828
420 4.069919
421 4.076435
422 4.073081
423 4.069713
424 4.076074
425 4.076245
426 4.096011
427 4.092727
428 4.092743
429 4.092907
430 4.099205
431 4.102494
432 4.102606
433 4.115677
434 4.115798
435 4.112282
436 4.111932
437 4.108227
438 4.107800
439 4.114577
440 4.130638
441 4.147042
442 4.163090
443 4.156606
444 4.159765
445 4.159911
446 4.156420
447 4.159373
448 4.155954
449 4.142800
450 4.155672
451 4.152110
452 4.165127
453 4.178348
454 4.198046
455 4.207588
456 4.223748
457 4.246225
458 4.249384
459 4.246210
460 4.258906
461 4.252464
462 4.252403
463 4.265404
464 4.265341
465 4.258670
466 4.252038
467 4.258423
468 4.251745
469 4.248277
470 4.254658
471 4.280212
472 4.289785
473 4.292981
474 4.299198
475 4.299058
476 4.311805
477 4.318208
478 4.299215
479 4.311982
480 4.305602
481 4.309005
482 4.309405
483 4.316064
484 4.319066
485 4.316024
486 4.326039
487 4.335537
488 4.351987
489 4.339430
490 4.349256
491 4.352523
492 4.346005
493 4.349147
494 4.371654
495 4.381388
496 4.387917
497 4.387664
498 4.406989
499 4.413385
500 4.419755
501 4.419579
502 4.432020
503 4.451217
504 4.467210
505 4.466977
506 4.473274
507 4.472546
508 4.466207
509 4.475701
510 4.472500
511 4.475928
512 4.475593
513 4.478665
514 4.485186
515 4.475345
516 4.478653
517 4.471975
518 4.468760
519 4.481304
520 4.497263
521 4.500318
522 4.509847
523 4.500328
524 4.519425
525 4.516450
526 4.529283
527 4.509812
528 4.500106
529 4.509679
530 4.493452
531 4.509499
532 4.512531
533 4.518760
534 4.522099
535 4.522012
536 4.528138
537 4.547586
538 4.550857
539 4.557196
540 4.560321
541 4.569708
542 4.563434
543 4.556629
544 4.550098
545 4.569377
546 4.576055
547 4.569625
548 4.566320
549 4.586047
550 4.586194
551 4.611592
552 4.611554
553 4.624537
554 4.608620
555 4.615022
556 4.631262
557 4.631203
558 4.631216
559 4.647475
560 4.660095
561 4.640733
562 4.634264
563 4.631187
564 4.624703
565 4.628624
566 4.634952
567 4.625279
568 4.628507
569 4.631669
570 4.622175
571 4.622000
572 4.628652
573 4.615346
574 4.615609
575 4.609339
576 4.602973
577 4.612355
578 4.599320
579 4.590059
580 4.593153
581 4.586647
582 4.579884
583 4.576543
584 4.576911
585 4.583217
586 4.586518
587 4.599458
588 4.612351
589 4.612299
590 4.618489
591 4.624859
592 4.637586
593 4.634081
594 4.637242
595 4.649961
596 4.652904
597 4.643163
598 4.649308
599 4.655841
600 4.665637
601 4.662242
602 4.657901
603 4.661431
604 4.670926
605 4.686884
606 4.670703
607 4.667383
608 4.673972
609 4.667306
610 4.680288
611 4.677288
612 4.674136
613 4.673883
614 4.686760
615 4.693451
616 4.680642
617 4.690212
618 4.696502
619 4.703242
620 4.694023
621 4.700503
622 4.713251
623 4.719767
624 4.738902
625 4.745548
626 4.752112
627 4.765167
628 4.771756
629 4.755565
630 4.745986
631 4.739218
632 4.742602
633 4.736372
634 4.749300
635 4.762354
636 4.781503
637 4.784706
638 4.781452
639 4.787848
640 4.787621
641 4.790832
642 4.793853
643 4.793597
644 4.783870
645 4.793771
646 4.780760
647 4.806417
648 4.809658
649 4.813140
650 4.810000
651 4.829285
652 4.835900
653 4.832200
654 4.835567
655 4.835416
656 4.835504
657 4.832244
658 4.845435
659 4.851937
660 4.851788
661 4.858235
662 4.861660
663 4.864947
664 4.868237
665 4.864757
666 4.861600
667 4.880719
668 4.877570
669 4.874450
670 4.871316
671 4.868080
672 4.881462
673 4.875219
674 4.884818
675 4.875022
676 4.871487
677 4.874665
678 4.881005
679 4.868375
680 4.849302
681 4.862506
682 4.881701
683 4.901367
684 4.894430
685 4.907341
686 4.920236
687 4.926434
688 4.933089
689 4.933051
690 4.926797
691 4.923659
692 4.936688
693 4.939965
694 4.936536
695 4.930043
696 4.940075
697 4.959504
698 4.959409
699 4.965813
700 4.978382
701 4.961977
702 4.961666
703 4.964983
704 4.955105
705 4.948456
706 4.954893
707 4.951840
708 4.971418
709 4.974412
710 4.977421
711 4.970646
712 4.980215
713 4.989405
714 4.996066
715 5.002618
716 5.002470
717 4.992773
718 4.973806
719 4.980406
720 4.986559
721 4.999146
722 5.001933
723 5.005041
724 5.011406
725 5.024358
726 5.027498
727 5.030546
728 5.023817
729 5.023596
730 5.042241
731 5.045381
732 5.047725
733 5.056910
734 5.066589
735 5.088961
736 5.094602
737 5.104585
738 5.120207
739 5.119736
740 5.138849
741 5.142102
742 5.155319
743 5.145775
744 5.142519
745 5.148986
746 5.161739
747 5.178136
748 5.191594
749 5.191586
750 5.214236
751 5.211252
752 5.214104
753 5.214104
754 5.216702
755 5.226295
756 5.235664
757 5.239024
758 5.242162
759 5.258343
760 5.251266
761 5.250906
762 5.250938
763 5.244642
764 5.250523
765 5.253753
766 5.263160
767 5.256749
768 5.250646
769 5.247215
770 5.250381
771 5.231922
772 5.232013
773 5.235138
774 5.238250
775 5.254343
776 5.238056
777 5.254292
778 5.263997
779 5.264225
780 5.258032
781 5.277334
782 5.264248
783 5.267633
784 5.274173
785 5.280459
786 5.289765
787 5.289550
788 5.305519
789 5.305783
790 5.308984
791 5.308584
792 5.324587
793 5.305028
794 5.308416
795 5.311513
796 5.327200
797 5.333525
798 5.349991
799 5.343098
800 5.342721
801 5.342574
802 5.342856
803 5.352447
804 5.345982
805 5.342953
806 5.336478
807 5.359464
808 5.352865
809 5.362822
810 5.356267
811 5.356073
812 5.356437
813 5.362316
814 5.358977
815 5.365529
816 5.355512
817 5.362027
818 5.359075
819 5.371488
820 5.361326
821 5.374394
822 5.368841
823 5.365583
824 5.381164
825 5.374837
826 5.374862
827 5.374782
828 5.371782
829 5.355914
830 5.365626
831 5.355406
832 5.346217
833 5.355675
834 5.352361
835 5.359031
836 5.362241
837 5.355789
838 5.349391
839 5.352724
840 5.349339
841 5.342596
842 5.349167
843 5.355749
844 5.352259
845 5.359063
846 5.355629
847 5.368039
848 5.374444
849 5.361707
850 5.383459
851 5.383284
852 5.383197
853 5.383442
854 5.383517
855 5.390096
856 5.370877
857 5.383666
858 5.386699
859 5.389715
860 5.382849
861 5.379456
862 5.372924
863 5.366462
864 5.363929
865 5.364152
866 5.361562
867 5.361455
868 5.364480
869 5.364578
870 5.386345
871 5.389480
872 5.364010
873 5.366976
874 5.369814
875 5.382550
876 5.382512
877 5.372677
878 5.372808
879 5.382320
880 5.353390
881 5.359713
882 5.362960
883 5.362728
884 5.365648
885 5.362286
886 5.375509
887 5.378804
888 5.375774
889 5.397943
890 5.404087
891 5.407283
892 5.419637
893 5.429081
894 5.437773
895 5.460069
896 5.443650
897 5.430764
898 5.431272
899 5.437208
900 5.434032
901 5.433879
902 5.427003
903 5.440240
904 5.440136
905 5.443084
906 5.448872
907 5.467775
908 5.461342
909 5.470789
910 5.486615
911 5.486529
912 5.483010
913 5.473705
914 5.463985
915 5.463697
916 5.460464
917 5.466757
918 5.476489
919 5.479374
920 5.475525
921 5.475147
922 5.465494
923 5.461714
924 5.461666
925 5.461493
926 5.467748
927 5.476724
928 5.479549
929 5.508751
930 5.499632
931 5.508922
932 5.502167
933 5.499036
934 5.505290
935 5.517580
936 5.508490
937 5.527412
938 5.537016
939 5.533975
940 5.536887
941 5.542782
942 5.546032
943 5.542940
944 5.536154
945 5.532964
946 5.539411
947 5.536240
948 5.529930
949 5.526909
950 5.526808
951 5.533379
952 5.539595
953 5.549213
954 5.558967
955 5.571411
956 5.583990
957 5.587143
958 5.596940
959 5.597327
960 5.610005
961 5.616778
962 5.632124
963 5.625654
964 5.634951
965 5.622298
966 5.625868
967 5.632151
968 5.635303
969 5.654591
970 5.657575
971 5.679940
972 5.695659
973 5.708300
974 5.708705
975 5.727695
976 5.730850
977 5.736879
978 5.739431
979 5.742423
980 5.732852
981 5.729509
982 5.748380
983 5.738811
984 5.741912
985 5.734757
986 5.734133
987 5.734097
988 5.736744
989 5.752970
990 5.749806
991 5.749873
992 5.765837
993 5.771864
994 5.762200
995 5.764867
996 5.764766
997 5.777563
998 5.789829
999 5.795944
1000 5.798892
1001 5.795462
1002 5.798205
1003 5.800913
1004 5.804089
1005 5.800597
1006 5.797857
1007 5.807188
1008 5.820052
1009 5.820050
1010 5.829917
1011 5.829722
1012 5.845676
1013 5.855575
1014 5.856023
1015 5.830710
1016 5.811495
1017 5.808811
1018 5.802114
1019 5.798700
1020 5.792698
1021 5.779745
1022 5.789081
1023 5.795531
1024 5.801634
1025 5.801841
1026 5.798293
1027 5.794841
1028 5.791063
1029 5.790865
1030 5.774889
1031 5.781212
1032 5.784320
1033 5.794130
1034 5.797300
1035 5.791178
1036 5.809773
1037 5.816169
1038 5.812747
1039 5.832011
1040 5.847915
1041 5.851367
1042 5.864436
1043 5.864312
1044 5.867777
1045 5.861208
1046 5.873812
1047 5.857784
1048 5.864326
1049 5.857739
1050 5.851860
1051 5.848515
1052 5.851597
1053 5.844747
1054 5.851301
1055 5.841357
1056 5.854482
1057 5.877095
1058 5.883369
1059 5.882977
1060 5.873314
1061 5.889368
1062 5.895140
1063 5.898177
1064 5.901253
1065 5.901023
1066 5.894525
1067 5.897666
1068 5.897164
1069 5.893676
1070 5.913051
1071 5.910055
1072 5.899725
1073 5.906080
1074 5.905800
1075 5.918861
1076 5.909467
1077 5.909755
1078 5.900070
1079 5.905959
1080 5.921633
1081 5.924697
1082 5.933855
1083 5.937168
1084 5.937155
1085 5.930955
1086 5.940521
1087 5.943702
1088 5.959948
1089 5.956988
1090 5.957254
1091 5.960152
1092 5.956725
1093 5.975586
1094 5.975424
1095 5.975541
1096 5.994539
1097 6.006684
1098 6.012933
1099 6.009666
1100 5.993451
1101 6.005808
1102 6.002061
1103 6.001948
1104 6.014513
1105 6.011266
1106 6.004508
1107 5.997967
1108 5.997919
1109 6.006749
1110 6.006760
1111 6.009398
1112 6.009163
1113 6.015103
1114 6.017759
1115 6.014866
1116 6.027595
1117 6.030659
1118 6.040527
1119 6.030795
1120 6.043808
1121 6.059890
1122 6.065852
1123 6.076069
1124 6.072838
1125 6.075365
1126 6.084933
1127 6.081659
1128 6.103739
1129 6.106720
1130 6.122193
1131 6.108989
1132 6.109110
1133 6.127885
1134 6.137997
1135 6.147618
1136 6.156725
1137 6.166179
1138 6.159836
1139 6.165706
1140 6.168945
1141 6.178430
1142 6.184521
1143 6.193652
1144 6.177516
1145 6.180432
1146 6.210880
1147 6.200941
1148 6.210532
1149 6.204192
1150 6.207080
1151 6.206554
1152 6.206618
1153 6.216379
1154 6.229038
1155 6.228606
1156 6.225406
1157 6.247914
1158 6.238318
1159 6.231917
1160 6.222064
1161 6.218762
1162 6.231511
1163 6.233994
1164 6.240360
1165 6.256522
1166 6.250475
1167 6.255891
1168 6.249263
1169 6.252588
1170 6.246002
1171 6.226258
1172 6.229501
1173 6.229362
1174 6.216008
1175 6.225487
1176 6.231859
1177 6.218767
1178 6.221901
1179 6.219004
1180 6.247456
1181 6.241265
1182 6.257135
1183 6.263180
1184 6.262994
1185 6.268911
1186 6.281593
1187 6.275537
1188 6.256863
1189 6.250525
1190 6.256406
1191 6.272151
1192 6.282319
1193 6.278945
1194 6.281995
1195 6.281568
1196 6.294184
1197 6.304048
1198 6.301023
1199 6.300687
1200 6.313794
1201 6.313664
1202 6.307258
1203 6.304281
1204 6.317221
1205 6.323415
1206 6.326697
1207 6.320117
1208 6.313477
1209 6.309955
1210 6.306308
1211 6.290251
1212 6.299635
1213 6.306022
1214 6.299116
1215 6.308930
1216 6.296503
1217 6.312547
1218 6.312683
1219 6.303110
1220 6.293565
1221 6.294344
1222 6.294065
1223 6.303444
1224 6.297360
1225 6.300884
1226 6.295026
1227 6.291780
1228 6.301781
1229 6.308188
1230 6.307723
1231 6.314003
1232 6.320722
1233 6.333329
1234 6.333506
1235 6.329615
1236 6.332265
1237 6.335954
1238 6.332622
1239 6.339432
1240 6.326692
1241 6.332856
1242 6.343262
1243 6.333786
1244 6.347397
1245 6.340738
1246 6.340848
1247 6.331478
1248 6.334768
1249 6.341748
1250 6.341277
1251 6.338406
1252 6.341500
1253 6.341253
1254 6.340725
1255 6.356650
1256 6.365694
1257 6.362205
1258 6.375112
1259 6.365440
1260 6.362129
1261 6.358720
1262 6.362039
1263 6.365289
1264 6.374760
1265 6.383504
1266 6.380508
1267 6.395389
1268 6.408119
1269 6.408268
1270 6.418303
1271 6.408569
1272 6.421534
1273 6.441251
1274 6.450891
1275 6.456840
1276 6.457002
1277 6.460119
1278 6.453010
1279 6.455957
1280 6.446283
1281 6.462949
1282 6.459876
1283 6.472953
1284 6.475655
1285 6.475676
1286 6.472257
1287 6.485342
1288 6.491953
1289 6.495498
1290 6.492250
1291 6.498416
1292 6.498337
1293 6.498109
1294 6.501516
1295 6.478919
1296 6.482080
1297 6.478416
1298 6.490906
1299 6.488290
1300 6.481155
1301 6.480943
1302 6.487085
1303 6.493954
1304 6.503363
1305 6.508973
1306 6.514754
1307 6.505256
1308 6.502038
1309 6.498576
1310 6.514062
1311 6.507462
1312 6.507235
1313 6.510539
1314 6.503647
1315 6.484195
1316 6.487138
1317 6.490354
1318 6.503025
1319 6.503265
1320 6.506742
1321 6.503304
1322 6.503182
1323 6.503041
1324 6.508846
1325 6.502740
1326 6.521522
1327 6.518661
1328 6.515491
1329 6.500020
1330 6.500273
1331 6.490990
1332 6.490760
1333 6.487764
1334 6.496427
1335 6.508488
1336 6.486497
1337 6.492673
1338 6.515118
1339 6.508560
1340 6.511533
1341 6.521373
1342 6.508550
1343 6.508998
1344 6.515082
1345 6.517291
1346 6.545821
1347 6.555100
1348 6.567910
1349 6.577444
1350 6.564491
1351 6.557639
1352 6.551454
1353 6.580139
1354 6.583476
1355 6.580883
1356 6.587358
1357 6.584785
1358 6.603318
1359 6.606533
1360 6.602543
1361 6.615150
1362 6.621583
1363 6.633902
1364 6.636702
1365 6.626527
1366 6.629925
1367 6.620310
1368 6.616964
1369 6.614080
1370 6.616647
1371 6.620009
1372 6.600679
1373 6.600905
1374 6.610895
1375 6.607643
1376 6.601184
1377 6.626554
1378 6.606723
1379 6.622759
1380 6.607001
1381 6.604016
1382 6.610098
1383 6.603624
1384 6.597152
1385 6.599946
1386 6.586722
1387 6.576980
1388 6.558090
1389 6.564663
1390 6.570987
1391 6.564712
1392 6.574451
1393 6.571185
1394 6.571665
1395 6.565498
1396 6.563037
1397 6.560077
1398 6.569471
1399 6.550619
1400 6.557277
1401 6.554039
1402 6.576123
1403 6.566728
1404 6.569998
1405 6.559992
1406 6.553306
1407 6.571519
1408 6.580830
1409 6.577878
1410 6.587097
1411 6.577642
1412 6.587944
1413 6.591634
1414 6.591987
1415 6.614577
1416 6.621148
1417 6.627581
1418 6.640507
1419 6.659615
1420 6.675892
1421 6.682558
1422 6.679505
1423 6.689208
1424 6.689697
1425 6.696115
1426 6.712072
1427 6.712173
1428 6.718986
1429 6.718368
1430 6.709376
1431 6.703229
1432 6.706824
1433 6.707065
1434 6.710650
1435 6.723002
1436 6.716317
1437 6.713080
1438 6.709722
1439 6.722039
1440 6.718578
1441 6.705633
1442 6.689622
1443 6.689078
1444 6.695977
1445 6.692916
1446 6.695915
1447 6.692926
1448 6.686440
1449 6.676626
1450 6.691832
1451 6.694273
1452 6.697744
1453 6.715767
1454 6.719050
1455 6.712364
1456 6.728412
1457 6.731440
1458 6.706103
1459 6.696738
1460 6.703244
1461 6.691090
1462 6.703506
1463 6.706354
1464 6.699887
1465 6.706144
1466 6.709369
1467 6.702720
1468 6.708835
1469 6.699476
1470 6.699014
1471 6.705206
1472 6.717876
1473 6.717834
1474 6.721135
1475 6.718708
1476 6.738177
1477 6.747394
1478 6.743979
1479 6.743841
1480 6.747580
1481 6.741158
1482 6.760180
1483 6.772946
1484 6.762996
1485 6.756407
1486 6.769794
1487 6.769501
1488 6.769898
1489 6.776345
1490 6.766794
1491 6.766383
1492 6.740788
1493 6.725082
1494 6.737374
1495 6.746583
1496 6.749950
1497 6.752708
1498 6.774039
1499 6.780559
1500 6.793476
1501 6.803109
1502 6.803133
1503 6.808552
1504 6.824512
1505 6.827209
1506 6.830327
1507 6.820714
1508 6.826569
1509 6.828514
1510 6.837782
1511 6.825060
1512 6.821458
1513 6.817538
1514 6.810870
1515 6.816832
1516 6.817087
1517 6.823270
1518 6.827158
1519 6.830057
1520 6.832897
1521 6.845367
1522 6.870403
1523 6.863668
1524 6.867021
1525 6.867178
1526 6.867067
1527 6.864440
1528 6.876962
1529 6.892355
1530 6.886338
1531 6.892544
1532 6.907863
1533 6.917064
1534 6.922295
1535 6.922360
1536 6.934478
1537 6.946519
1538 6.961995
1539 6.961635
1540 6.948486
1541 6.958063
1542 6.958332
1543 6.968105
1544 6.983878
1545 6.987128
1546 6.987221
1547 6.996464
1548 7.012468
1549 7.021995
1550 7.015486
1551 7.021944
1552 7.031748
1553 7.019062
1554 7.015595
1555 7.021548
1556 7.033736
1557 7.030485
1558 7.027012
1559 7.030017
1560 7.023375
1561 7.023635
1562 7.039942
1563 7.046310
1564 7.040182
1565 7.037152
1566 7.040555
1567 7.034384
1568 7.037752
1569 7.040812
1570 7.040048
1571 7.043256
1572 7.042545
1573 7.026733
1574 7.035917
1575 7.032735
1576 7.036115
1577 7.023128
1578 7.032434
1579 7.023054
1580 7.022542
1581 7.019364
1582 7.025888
1583 7.040986
1584 7.031662
1585 7.050768
1586 7.040983
1587 7.044409
1588 7.041589
1589 7.048015
1590 7.060412
1591 7.064020
1592 7.067154
1593 7.060611
1594 7.051342
1595 7.057280
1596 7.066635
1597 7.067152
1598 7.073340
1599 7.076359
1600 7.064075
1601 7.051273
1602 7.038462
1603 7.031996
1604 7.022532
1605 7.015456
1606 7.031516
1607 7.034172
1608 7.038153
1609 7.050972
1610 7.041395
1611 7.056923
1612 7.054107
1613 7.047138
1614 7.037900
1615 7.037455
1616 7.037699
1617 7.040594
1618 7.060458
1619 7.067001
1620 7.073261
1621 7.069989
1622 7.069652
1623 7.084849
1624 7.091271
1625 7.091449
1626 7.072573
1627 7.082399
1628 7.088295
1629 7.091342
1630 7.081677
1631 7.084703
1632 7.077798
1633 7.086721
1634 7.067712
1635 7.071219
1636 7.064558
1637 7.083859
1638 7.073951
1639 7.080301
1640 7.083421
1641 7.074210
1642 7.077091
1643 7.086773
1644 7.079784
1645 7.076970
1646 7.083781
1647 7.096806
1648 7.109455
1649 7.118433
1650 7.121407
1651 7.120627
1652 7.123784
1653 7.119969
1654 7.123116
1655 7.135998
1656 7.129578
1657 7.147298
1658 7.138006
1659 7.134921
1660 7.141078
1661 7.154208
1662 7.157200
1663 7.154238
1664 7.160803
1665 7.163320
1666 7.169444
1667 7.181750
1668 7.175763
1669 7.176487
1670 7.189733
1671 7.202263
1672 7.205286
1673 7.204873
1674 7.210937
1675 7.213469
1676 7.206967
1677 7.193773
1678 7.193594
1679 7.203294
1680 7.209719
1681 7.206872
1682 7.210178
1683 7.223020
1684 7.207237
1685 7.197694
1686 7.207141
1687 7.203708
1688 7.209805
1689 7.209674
1690 7.203356
1691 7.187943
1692 7.197829
1693 7.201384
1694 7.201417
1695 7.198101
1696 7.201051
1697 7.195124
1698 7.182213
1699 7.182043
1700 7.176073
1701 7.191668
1702 7.201671
1703 7.204457
1704 7.204537
1705 7.217605
1706 7.211087
1707 7.211317
1708 7.217585
1709 7.236965
1710 7.223352
1711 7.228884
1712 7.237852
1713 7.225149
1714 7.233933
1715 7.237813
1716 7.231627
1717 7.227855
1718 7.224520
1719 7.224467
1720 7.227191
1721 7.238869
1722 7.232495
1723 7.244674
1724 7.244868
1725 7.241652
1726 7.238584
1727 7.238624
1728 7.239525
1729 7.242014
1730 7.241989
1731 7.242055
1732 7.236007
1733 7.242464
1734 7.258379
1735 7.268207
1736 7.274222
1737 7.274261
1738 7.277949
1739 7.284438
1740 7.300032
1741 7.296898
1742 7.303307
1743 7.315579
1744 7.309282
1745 7.299326
1746 7.292745
1747 7.292272
1748 7.310867
1749 7.314086
1750 7.294595
1751 7.297745
1752 7.300709
1753 7.310227
1754 7.315798
1755 7.324878
1756 7.330735
1757 7.317943
1758 7.327175
1759 7.330265
1760 7.327037
1761 7.339416
1762 7.343375
1763 7.342135
1764 7.342541
1765 7.361408
1766 7.377128
1767 7.392983
1768 7.402232
1769 7.401987
1770 7.405285
1771 7.395880
1772 7.389775
1773 7.386774
1774 7.380630
1775 7.386769
1776 7.396202
1777 7.392894
1778 7.401975
1779 7.404665
1780 7.408082
1781 7.391860
1782 7.388412
1783 7.392148
1784 7.393305
1785 7.396764
1786 7.390043
1787 7.384912
1788 7.374991
1789 7.383802
1790 7.389806
1791 7.386749
1792 7.392873
1793 7.396217
1794 7.396399
1795 7.415790
1796 7.422385
1797 7.432327
1798 7.428747
1799 7.428723
1800 7.438254
1801 7.434800
1802 7.448118
1803 7.460664
1804 7.463637
1805 7.454632
1806 7.449336
1807 7.461200
1808 7.461037
1809 7.476735
1810 7.466947
1811 7.476246
1812 7.482795
1813 7.486236
1814 7.501979
1815 7.501221
1816 7.497693
1817 7.491137
1818 7.487942
1819 7.490753
1820 7.503268
1821 7.499105
1822 7.499288
1823 7.490159
1824 7.490270
1825 7.498329
1826 7.501231
1827 7.497316
1828 7.503001
1829 7.515422
1830 7.524866
1831 7.511973
1832 7.511994
1833 7.515712
1834 7.515506
1835 7.512451
1836 7.515392
1837 7.521883
1838 7.528465
1839 7.531262
1840 7.513260
1841 7.503744
1842 7.525380
1843 7.525469
1844 7.532342
1845 7.532111
1846 7.541889
1847 7.548224
1848 7.544508
1849 7.534850
1850 7.560451
1851 7.548107
1852 7.544703
1853 7.550772
1854 7.554205
1855 7.559782
1856 7.550513
1857 7.550248
1858 7.553436
1859 7.563483
1860 7.556998
1861 7.575755
1862 7.582661
1863 7.582497
1864 7.585978
1865 7.599422
1866 7.598697
1867 7.602476
1868 7.601542
1869 7.607642
1870 7.607199
1871 7.600024
1872 7.598760
1873 7.596100
1874 7.595954
1875 7.588957
1876 7.591896
1877 7.591794
1878 7.595405
1879 7.595333
1880 7.595982
1881 7.608702
1882 7.611637
1883 7.617760
1884 7.618037
1885 7.621035
1886 7.614439
1887 7.623557
1888 7.613732
1889 7.607614
1890 7.616870
1891 7.620487
1892 7.620244
1893 7.630137
1894 7.623514
1895 7.620365
1896 7.636012
1897 7.626516
1898 7.607719
1899 7.607461
1900 7.601176
1901 7.598114
1902 7.591429
1903 7.588088
1904 7.590857
1905 7.600681
1906 7.597351
1907 7.590972
1908 7.591079
1909 7.588199
1910 7.597344
1911 7.600111
1912 7.606636
1913 7.596411
1914 7.589682
1915 7.589307
1916 7.589725
1917 7.583820
1918 7.583784
1919 7.581500
1920 7.594381
1921 7.599654
1922 7.605487
1923 7.605437
1924 7.618346
1925 7.631173
1926 7.631299
1927 7.628766
1928 7.640369
1929 7.652776
1930 7.637460
1931 7.640313
1932 7.640498
1933 7.640241
1934 7.655230
1935 7.664894
1936 7.677706
1937 7.660891
1938 7.658178
1939 7.667264
1940 7.673298
1941 7.673362
1942 7.657094
1943 7.650821
1944 7.660743
1945 7.663749
1946 7.654491
1947 7.672981
1948 7.660921
1949 7.667286
1950 7.666811
1951 7.663461
1952 7.669788
1953 7.663011
1954 7.662578
1955 7.662224
1956 7.658673
1957 7.655388
1958 7.649661
1959 7.665877
1960 7.660068
1961 7.662929
1962 7.672149
1963 7.678822
1964 7.685269
1965 7.691333
1966 7.691226
1967 7.694490
1968 7.701073
1969 7.697723
1970 7.701491
1971 7.717281
1972 7.726360
1973 7.735278
1974 7.728533
1975 7.716031
1976 7.725367
1977 7.712853
1978 7.706671
1979 7.722206
1980 7.722321
1981 7.715804
1982 7.725096
1983 7.728223
1984 7.718239
1985 7.727458
1986 7.721227
1987 7.723582
1988 7.741909
1989 7.735717
1990 7.732232
1991 7.716544
1992 7.719893
1993 7.710602
1994 7.717012
1995 7.719827
1996 7.732498
1997 7.725784
1998 7.719453
1999 7.719543
2000 7.706533
2001 7.693868
2002 7.694061
2003 7.703722
2004 7.712919
2005 7.703281
2006 7.703323
2007 7.708766
2008 7.706134
2009 7.712750
2010 7.716089
2011 7.722357
2012 7.725889
2013 7.728768
2014 7.712368
2015 7.706014
2016 7.706142
2017 7.706031
2018 7.706640
2019 7.716504
2020 7.709887
2021 7.703286
2022 7.712279
2023 7.705862
2024 7.708890
2025 7.709259
2026 7.718824
2027 7.730470
2028 7.730759
2029 7.718318
2030 7.737162
2031 7.737753
2032 7.731817
2033 7.735181
2034 7.725498
2035 7.716359
2036 7.719721
2037 7.716747
2038 7.720111
2039 7.723436
2040 7.708861
2041 7.721381
2042 7.711402
2043 7.721166
2044 7.719093
2045 7.728804
2046 7.744488
2047 7.750932
2048 7.760174
2049 7.766864
2050 7.770094
2051 7.763856
2052 7.761467
2053 7.767229
2054 7.767217
2055 7.757924
2056 7.741982
2057 7.729640
2058 7.723291
2059 7.723074
2060 7.719443
2061 7.722419
2062 7.716419
2063 7.706790
2064 7.706651
2065 7.694057
2066 7.702904
2067 7.712600
2068 7.703453
2069 7.700141
2070 7.696896
2071 7.697228
2072 7.693635
2073 7.712828
2074 7.703778
2075 7.697261
2076 7.697488
2077 7.697847
2078 7.694760
2079 7.684584
2080 7.668860
2081 7.675410
2082 7.687542
2083 7.705934
2084 7.708905
2085 7.714446
2086 7.720999
2087 7.724162
2088 7.724008
2089 7.727092
2090 7.724098
2091 7.727282
2092 7.737105
2093 7.744438
2094 7.728407
2095 7.737861
2096 7.743851
2097 7.728498
2098 7.734887
2099 7.725015
2100 7.728081
2101 7.736888
2102 7.730782
2103 7.724492
2104 7.730692
2105 7.743045
2106 7.748294
2107 7.763836
2108 7.770075
2109 7.773087
2110 7.782875
2111 7.788472
2112 7.804451
2113 7.807931
2114 7.807185
2115 7.800931
2116 7.813933
2117 7.826863
2118 7.823031
2119 7.810614
2120 7.827268
2121 7.842898
2122 7.842537
2123 7.839490
2124 7.835997
2125 7.833187
2126 7.845477
2127 7.845276
2128 7.858008
2129 7.860775
2130 7.851610
2131 7.854559
2132 7.863942
2133 7.864134
2134 7.879616
2135 7.877625
2136 7.893415
2137 7.889915
2138 7.889892
2139 7.892813
2140 7.899704
2141 7.902559
2142 7.914941
2143 7.918238
2144 7.920928
2145 7.926960
2146 7.911893
2147 7.918201
2148 7.931090
2149 7.928285
2150 7.931056
2151 7.940422
2152 7.936961
2153 7.955946
2154 7.949304
2155 7.961936
2156 7.964191
2157 7.967316
2158 7.970762
2159 7.964124
2160 7.966834
2161 7.973524
2162 7.967559
2163 7.960960
2164 7.951225
2165 7.947605
2166 7.931387
2167 7.943819
2168 7.940839
2169 7.928446
2170 7.935319
2171 7.928977
2172 7.932584
2173 7.929258
2174 7.940966
2175 7.958927
2176 7.965523
2177 7.953357
2178 7.950337
2179 7.950286
2180 7.950544
2181 7.966013
2182 7.972417
2183 7.965310
2184 7.965767
2185 7.949138
2186 7.952182
2187 7.958578
2188 7.955364
2189 7.952961
2190 7.949200
2191 7.946083
2192 7.946214
2193 7.970834
2194 7.963847
2195 7.948315
2196 7.941974
2197 7.938691
2198 7.951246
2199 7.951206
2200 7.976643
2201 7.986147
2202 7.995444
2203 7.983481
2204 7.980526
2205 7.979960
2206 7.973654
2207 7.985516
2208 8.000931
2209 8.022601
2210 8.028728
2211 8.029204
2212 8.029089
2213 8.041190
2214 8.051089
2215 8.057375
2216 8.051044
2217 8.056388
2218 8.080599
2219 8.083993
2220 8.100308
2221 8.109346
2222 8.115539
2223 8.121547
2224 8.121096
2225 8.111125
2226 8.111232
2227 8.107597
2228 8.094574
2229 8.097657
2230 8.100884
2231 8.109644
2232 8.112785
2233 8.119083
2234 8.116005
2235 8.115911
2236 8.112602
2237 8.125921
2238 8.141284
2239 8.144549
2240 8.160256
2241 8.175266
2242 8.159540
2243 8.162409
2244 8.178252
2245 8.175171
2246 8.181705
2247 8.175273
2248 8.169005
2249 8.156387
2250 8.159792
2251 8.156699
2252 8.172497
2253 8.166036
2254 8.152970
2255 8.149987
2256 8.152894
2257 8.168798
2258 8.171474
2259 8.174052
2260 8.168244
2261 8.162360
2262 8.168735
2263 8.175700
2264 8.171957
2265 8.178346
2266 8.181930
2267 8.182144
2268 8.182176
2269 8.182616
2270 8.182138
2271 8.197749
2272 8.191127
2273 8.202184
2274 8.204759
2275 8.204511
2276 8.197933
2277 8.195004
2278 8.188917
2279 8.198805
2280 8.192573
2281 8.189493
2282 8.192739
2283 8.204964
2284 8.210977
2285 8.220098
2286 8.214496
2287 8.230638
2288 8.246089
2289 8.248933
2290 8.248881
2291 8.270728
2292 8.277392
2293 8.265148
2294 8.252614
2295 8.268293
2296 8.258762
2297 8.264471
2298 8.257570
2299 8.263628
2300 8.256734
2301 8.250332
2302 8.237890
2303 8.247500
2304 8.253275
2305 8.258549
2306 8.255504
2307 8.242643
2308 8.242147
2309 8.226264
2310 8.235667
2311 8.235652
2312 8.247897
2313 8.250944
2314 8.232281
2315 8.238090
2316 8.250877
2317 8.245005
2318 8.248189
2319 8.260951
2320 8.254350
2321 8.253902
2322 8.260371
2323 8.256719
2324 8.268822
2325 8.278101
2326 8.274772
2327 8.271660
2328 8.277678
2329 8.270936
2330 8.277186
2331 8.282750
2332 8.275838
2333 8.279309
2334 8.294102
2335 8.310349
2336 8.322820
2337 8.316383
2338 8.297298
2339 8.284284
2340 8.272437
2341 8.263772
2342 8.254192
2343 8.257463
2344 8.254059
2345 8.253645
2346 8.253575
2347 8.243384
2348 8.236709
2349 8.234132
2350 8.243789
2351 8.244773
2352 8.238478
2353 8.244264
2354 8.244011
2355 8.234184
2356 8.236811
2357 8.233281
2358 8.230496
2359 8.223326
2360 8.230653
2361 8.259368
2362 8.259547
2363 8.246765
2364 8.246763
2365 8.252815
2366 8.278454
2367 8.287758
2368 8.297840
2369 8.288296
2370 8.285193
2371 8.294487
2372 8.299962
2373 8.293838
2374 8.293646
2375 8.309282
2376 8.315346
2377 8.308688
2378 8.292187
2379 8.291964
2380 8.282604
2381 8.288948
2382 8.285458
2383 8.282606
2384 8.288821
2385 8.291820
2386 8.294909
2387 8.305057
2388 8.317587
2389 8.320395
2390 8.321155
2391 8.336698
2392 8.333096
2393 8.335911
2394 8.334998
2395 8.332110
2396 8.326104
2397 8.313296
2398 8.310353
2399 8.303895
2400 8.319701
2401 8.315804
2402 8.328185
2403 8.318425
2404 8.314367
2405 8.320859
2406 8.314981
2407 8.312420
2408 8.324780
2409 8.324906
2410 8.321679
2411 8.323692
2412 8.329394
2413 8.342247
2414 8.358075
2415 8.364017
2416 8.367128
2417 8.354373
2418 8.354245
2419 8.357179
2420 8.341882
2421 8.338637
2422 8.344995
2423 8.354895
2424 8.361626
2425 8.364435
2426 8.364087
2427 8.364159
2428 8.371128
2429 8.358403
2430 8.370834
2431 8.377527
2432 8.386976
2433 8.387293
2434 8.387771
2435 8.388042
2436 8.375645
2437 8.387609
2438 8.390904
2439 8.384296
2440 8.384726
2441 8.372386
2442 8.372136
2443 8.381249
2444 8.381245
2445 8.390357
2446 8.390870
2447 8.400432
2448 8.395016
2449 8.404540
2450 8.414079
2451 8.419919
2452 8.420103
2453 8.407641
2454 8.407763
2455 8.407791
2456 8.423625
2457 8.423535
2458 8.430309
2459 8.420606
2460 8.417040
2461 8.432880
2462 8.429555
2463 8.423164
2464 8.423487
2465 8.449079
2466 8.458712
2467 8.462307
2468 8.481204
2469 8.484414
2470 8.515857
2471 8.515768
2472 8.512877
2473 8.509503
2474 8.512823
2475 8.509586
2476 8.503200
2477 8.488260
2478 8.497273
2479 8.503805
2480 8.504364
2481 8.520023
2482 8.520267
2483 8.526007
2484 8.534818
2485 8.534470
2486 8.547197
2487 8.555995
2488 8.555903
2489 8.565385
2490 8.565966
2491 8.569010
2492 8.565820
2493 8.581169
2494 8.571357
2495 8.571088
2496 8.558952
2497 8.573930
2498 8.564826
2499 8.570286
2500 8.602008
2501 8.583029
2502 8.588578
2503 8.591322
2504 8.588383
2505 8.600266
2506 8.609725
2507 8.616153
2508 8.605860
2509 8.602760
2510 8.589914
2511 8.589893
2512 8.587268
2513 8.593046
2514 8.602053
2515 8.614661
2516 8.614612
2517 8.611260
2518 8.595617
2519 8.599095
2520 8.612140
2521 8.609128
2522 8.609381
2523 8.593527
2524 8.590719
2525 8.603064
2526 8.596992
2527 8.600592
2528 8.606362
2529 8.593618
2530 8.584525
2531 8.571659
2532 8.574940
2533 8.571019
2534 8.580440
2535 8.586645
2536 8.587001
2537 8.600637
2538 8.613134
2539 8.619453
2540 8.625310
2541 8.628884
2542 8.635735
2543 8.638714
2544 8.635749
2545 8.635935
2546 8.636030
2547 8.632651
2548 8.641270
2549 8.629208
2550 8.638055
2551 8.643740
2552 8.634207
2553 8.633776
2554 8.633988
2555 8.633071
2556 8.641845
2557 8.646927
2558 8.636715
2559 8.635290
2560 8.629240
2561 8.623434
2562 8.607987
2563 8.611011
2564 8.607885
2565 8.592866
2566 8.587929
2567 8.597222
2568 8.585008
2569 8.572412
2570 8.585518
2571 8.581530
2572 8.572384
2573 8.575527
2574 8.582354
2575 8.575850
2576 8.581412
2577 8.580811
2578 8.584592
2579 8.593612
2580 8.618440
2581 8.631072
2582 8.634079
2583 8.643846
2584 8.646622
2585 8.665469
2586 8.668091
2587 8.665012
2588 8.657715
2589 8.664600
2590 8.671555
2591 8.690449
2592 8.690187
2593 8.705862
2594 8.689947
2595 8.696011
2596 8.699138
2597 8.692094
2598 8.704356
2599 8.700793
2600 8.707573
2601 8.704265
2602 8.711183
2603 8.720255
2604 8.707622
2605 8.706680
2606 8.706023
2607 8.702284
2608 8.691959
2609 8.695261
2610 8.707737
2611 8.713424
2612 8.725834
2613 8.732531
2614 8.725620
2615 8.731441
2616 8.734219
2617 8.730905
2618 8.724229
2619 8.749265
2620 8.746725
2621 8.774657
2622 8.768014
2623 8.761613
2624 8.773627
2625 8.785953
2626 8.804772
2627 8.807981
2628 8.804695
2629 8.804435
2630 8.798169
2631 8.813565
2632 8.807850
2633 8.816937
2634 8.823531
2635 8.827174
2636 8.817727
2637 8.808696
2638 8.796254
2639 8.808815
2640 8.811972
2641 8.811691
2642 8.811751
2643 8.823835
2644 8.836697
2645 8.839339
2646 8.829161
2647 8.819009
2648 8.812957
2649 8.835137
2650 8.844481
2651 8.847585
2652 8.856321
2653 8.849737
2654 8.862495
2655 8.860817
2656 8.857880
2657 8.861173
2658 8.873381
2659 8.869613
2660 8.853819
2661 8.869244
2662 8.866272
2663 8.868610
2664 8.870993
2665 8.864829
2666 8.855504
2667 8.855192
2668 8.862153
2669 8.856071
2670 8.859444
2671 8.849864
2672 8.862491
2673 8.858996
2674 8.858861
2675 8.865250
2676 8.861393
2677 8.867581
2678 8.852687
2679 8.855275
2680 8.855222
2681 8.855098
2682 8.864575
2683 8.870297
2684 8.886257
2685 8.889622
2686 8.888912
2687 8.876346
2688 8.879144
2689 8.888465
2690 8.887432
2691 8.893167
2692 8.890442
2693 8.896798
2694 8.894563
2695 8.904010
2696 8.909281
2697 8.928136
2698 8.919091
2699 8.909947
2700 8.916259
2701 8.919492
2702 8.935535
2703 8.948078
2704 8.954669
2705 8.945856
2706 8.939804
2707 8.927295
2708 8.927220
2709 8.917521
2710 8.911268
2711 8.898925
2712 8.902220
2713 8.909094
2714 8.912434
2715 8.906813
2716 8.916489
2717 8.922658
2718 8.928241
2719 8.934186
2720 8.946884
2721 8.958833
2722 8.943092
2723 8.943450
2724 8.921399
2725 8.912490
2726 8.915379
2727 8.931411
2728 8.937346
2729 8.951519
2730 8.963777
2731 8.957465
2732 8.975126
2733 8.969227
2734 8.963056
2735 8.950594
2736 8.944806
2737 8.970218
2738 8.967020
2739 8.979329
2740 8.989770
2741 8.989297
2742 8.982707
2743 8.988443
2744 8.988408
2745 8.988690
2746 8.991611
2747 9.013319
2748 9.004287
2749 9.007456
2750 8.988423
2751 8.998260
2752 8.995310
2753 8.991604
2754 8.978335
2755 8.982300
2756 8.985475
2757 8.991440
2758 8.991221
2759 9.013935
2760 9.019974
2761 9.020378
2762 9.011059
2763 9.005473
2764 9.005332
2765 9.008376
2766 9.011238
2767 9.002299
2768 8.989170
2769 8.986848
2770 8.974344
2771 8.974676
2772 8.977691
2773 8.987193
2774 8.986697
2775 8.983328
2776 8.985767
2777 8.982496
2778 8.998291
2779 8.997520
2780 8.981564
2781 8.981751
2782 8.969243
2783 8.973128
2784 8.966848
2785 8.978977
2786 8.978440
2787 8.991071
2788 9.006172
2789 9.006352
2790 9.005186
2791 9.002120
2792 9.008601
2793 9.029348
2794 9.029139
2795 9.031818
2796 9.038560
2797 9.056407
2798 9.052907
2799 9.054964
2800 9.051900
2801 9.055380
2802 9.054872
2803 9.064104
2804 9.060900
2805 9.066942
2806 9.063360
2807 9.060099
2808 9.054080
2809 9.047865
2810 9.050987
2811 9.022603
2812 9.016046
2813 9.022135
2814 9.012730
2815 9.015241
2816 9.000274
2817 8.994457
2818 8.997857
2819 8.989418
2820 8.992864
2821 8.986771
2822 8.996187
2823 8.970935
2824 8.977117
2825 8.989796
2826 8.995085
2827 9.007450
2828 9.010153
2829 9.019058
2830 9.016364
2831 9.037739
2832 9.024695
2833 9.026940
2834 9.018346
2835 9.014428
2836 9.030142
2837 9.020881
2838 9.032144
2839 9.028610
2840 9.031409
2841 9.025632
2842 9.038418
2843 9.051486
2844 9.067042
2845 9.073761
2846 9.079956
2847 9.067495
2848 9.088486
2849 9.088271
2850 9.081951
2851 9.084497
2852 9.083737
2853 9.077354
2854 9.080271
2855 9.086807
2856 9.099751
2857 9.102762
2858 9.102848
2859 9.103292
2860 9.116074
2861 9.123225
2862 9.133006
2863 9.148837
2864 9.152487
2865 9.177374
2866 9.171819
2867 9.158661
2868 9.170415
2869 9.180007
2870 9.172903
2871 9.178702
2872 9.172530
2873 9.162757
2874 9.169511
2875 9.172404
2876 9.187891
2877 9.193825
2878 9.187009
2879 9.192480
2880 9.204291
2881 9.210729
2882 9.223203
2883 9.231867
2884 9.231705
2885 9.231023
2886 9.228095
2887 9.234375
2888 9.243914
2889 9.246838
2890 9.240460
2891 9.237996
2892 9.231815
2893 9.235216
2894 9.229047
2895 9.235238
2896 9.237963
2897 9.243972
2898 9.237557
2899 9.240707
2900 9.231280
2901 9.250188
2902 9.256267
2903 9.262281
2904 9.259605
2905 9.266516
2906 9.263257
2907 9.256959
2908 9.259179
2909 9.256365
2910 9.247428
2911 9.253736
2912 9.250655
2913 9.256938
2914 9.266483
2915 9.285340
2916 9.276273
2917 9.276502
2918 9.292267
2919 9.300846
2920 9.300290
2921 9.294674
2922 9.291988
2923 9.303363
2924 9.308810
2925 9.311381
2926 9.326841
2927 9.329056
2928 9.323096
2929 9.335551
2930 9.319828
2931 9.320317
2932 9.307645
2933 9.323203
2934 9.307494
2935 9.307288
2936 9.297594
2937 9.306579
2938 9.306344
2939 9.305885
2940 9.314215
2941 9.320380
2942 9.331710
2943 9.319207
2944 9.327613
2945 9.320901
2946 9.308086
2947 9.308177
2948 9.314028
2949 9.323147
2950 9.323735
2951 9.320396
2952 9.326967
2953 9.317826
2954 9.323700
2955 9.314449
2956 9.330146
2957 9.321639
2958 9.317770
2959 9.320831
2960 9.293476
2961 9.306167
2962 9.318853
2963 9.319164
2964 9.330981
2965 9.334133
2966 9.337410
2967 9.343458
2968 9.324474
2969 9.329774
2970 9.320585
2971 9.329892
2972 9.336396
2973 9.337166
2974 9.347000
2975 9.347492
2976 9.355979
2977 9.365493
2978 9.374293
2979 9.379252
2980 9.376650
2981 9.376578
2982 9.382457
2983 9.379507
2984 9.363702
2985 9.370292
2986 9.394376
2987 9.381988
2988 9.364368
2989 9.364334
2990 9.370122
2991 9.367896
2992 9.364892
2993 9.367728
2994 9.358315
2995 9.358497
2996 9.361164
2997 9.376290
2998 9.376130
2999 9.383214
