Iterción Dcm
0 0.026296
1 0.044165
2 0.069185
3 0.101339
4 0.129916
5 0.144200
6 0.151337
7 0.165614
8 0.194173
9 0.219158
10 0.244130
11 0.258410
12 0.279815
13 0.304781
14 0.319023
15 0.340412
16 0.365344
17 0.397428
18 0.429494
19 0.443746
20 0.465105
21 0.475787
22 0.493564
23 0.522043
24 0.539781
25 0.575365
26 0.596713
27 0.603851
28 0.628708
29 0.667778
30 0.682006
31 0.696262
32 0.710502
33 0.721164
34 0.753081
35 0.760199
36 0.799253
37 0.831210
38 0.841889
39 0.880769
40 0.902081
41 0.941021
42 0.958823
43 0.983571
44 0.997765
45 1.022571
46 1.033184
47 1.043811
48 1.050824
49 1.064980
50 1.086207
51 1.103969
52 1.135936
53 1.150083
54 1.167737
55 1.196064
56 1.210266
57 1.220913
58 1.241945
59 1.252515
60 1.273686
61 1.284262
62 1.291276
63 1.312411
64 1.344232
65 1.351285
66 1.379534
67 1.383078
68 1.382920
69 1.393524
70 1.421840
71 1.436030
72 1.467708
73 1.492251
74 1.516914
75 1.531094
76 1.559254
77 1.587323
78 1.594343
79 1.622432
80 1.643567
81 1.664688
82 1.685654
83 1.710204
84 1.731380
85 1.755820
86 1.769849
87 1.790660
88 1.808236
89 1.825702
90 1.832575
91 1.849991
92 1.856990
93 1.871105
94 1.878117
95 1.895714
96 1.913031
97 1.947920
98 1.979434
99 2.007659
100 2.021790
101 2.032274
102 2.042928
103 2.060502
104 2.088397
105 2.095464
106 2.109335
107 2.126873
108 2.144369
109 2.165322
110 2.179362
111 2.193400
112 2.200434
113 2.221315
114 2.231718
115 2.252688
116 2.287620
117 2.301553
118 2.322528
119 2.332840
120 2.350147
121 2.353294
122 2.370681
123 2.391544
124 2.408784
125 2.415519
126 2.422406
127 2.443514
128 2.450323
129 2.460918
130 2.457346
131 2.464389
132 2.474701
133 2.478245
134 2.488794
135 2.488727
136 2.506078
137 2.516717
138 2.523605
139 2.537256
140 2.544254
141 2.575790
142 2.586017
143 2.592884
144 2.610283
145 2.613550
146 2.620297
147 2.637872
148 2.655342
149 2.648191
150 2.661696
151 2.672198
152 2.682663
153 2.696578
154 2.727989
155 2.738367
156 2.752263
157 2.759130
158 2.758987
159 2.779974
160 2.783397
161 2.797381
162 2.804360
163 2.821725
164 2.824923
165 2.849413
166 2.863271
167 2.877266
168 2.887877
169 2.898106
170 2.929252
171 2.943039
172 2.960612
173 2.977982
174 2.970941
175 2.984568
176 2.987754
177 3.005189
178 3.025827
179 3.047180
180 3.054169
181 3.050708
182 3.064734
183 3.071686
184 3.078689
185 3.096119
186 3.102798
187 3.095708
188 3.088649
189 3.077911
190 3.088481
191 3.099091
192 3.091923
193 3.095152
194 3.123127
195 3.133483
196 3.147360
197 3.146976
198 3.160837
199 3.160925
200 3.174640
201 3.181970
202 3.181870
203 3.185349
204 3.182030
205 3.185486
206 3.195746
207 3.195751
208 3.195614
209 3.223384
210 3.237259
211 3.240774
212 3.254782
213 3.254846
214 3.261593
215 3.268335
216 3.278844
217 3.268123
218 3.281627
219 3.288657
220 3.285118
221 3.288468
222 3.291774
223 3.298820
224 3.312990
225 3.316501
226 3.316623
227 3.323585
228 3.340617
229 3.340443
230 3.347428
231 3.364635
232 3.357445
233 3.374857
234 3.374810
235 3.374800
236 3.395911
237 3.399282
238 3.406594
239 3.413413
240 3.430923
241 3.437610
242 3.444645
243 3.444586
244 3.461968
245 3.458468
246 3.458606
247 3.476026
248 3.472420
249 3.475920
250 3.482946
251 3.479529
252 3.496939
253 3.514427
254 3.521543
255 3.510795
256 3.538561
257 3.548928
258 3.545709
259 3.552620
260 3.545561
261 3.556100
262 3.559566
263 3.562994
264 3.562990
265 3.569734
266 3.566190
267 3.576696
268 3.586989
269 3.590342
270 3.583346
271 3.583414
272 3.593773
273 3.586743
274 3.600277
275 3.596941
276 3.603922
277 3.603889
278 3.610721
279 3.603800
280 3.635155
281 3.638659
282 3.666323
283 3.673182
284 3.680047
285 3.683427
286 3.697476
287 3.694138
288 3.708012
289 3.693472
290 3.710996
291 3.717642
292 3.727964
293 3.734821
294 3.748686
295 3.752083
296 3.752090
297 3.755658
298 3.769632
299 3.787005
300 3.790555
301 3.793828
302 3.797409
303 3.793972
304 3.807780
305 3.832211
306 3.831699
307 3.842235
308 3.852705
309 3.859711
310 3.866521
311 3.862938
312 3.862763
313 3.869838
314 3.873144
315 3.880267
316 3.894074
317 3.893789
318 3.907457
319 3.907263
320 3.907302
321 3.917664
322 3.928062
323 3.934650
324 3.931146
325 3.948231
326 3.965606
327 3.976073
328 3.948247
329 3.951639
330 3.951592
331 3.944317
332 3.954876
333 3.965245
334 3.971883
335 3.985774
336 3.996162
337 4.010254
338 4.006625
339 4.010228
340 4.017199
341 4.020624
342 4.023996
343 4.023871
344 4.034128
345 4.044295
346 4.037126
347 4.037326
348 4.044357
349 4.058475
350 4.076040
351 4.086333
352 4.079442
353 4.096388
354 4.089261
355 4.095810
356 4.095677
357 4.105883
358 4.109368
359 4.116333
360 4.133455
361 4.150663
362 4.161280
363 4.168343
364 4.178821
365 4.178663
366 4.181855
367 4.178390
368 4.174984
369 4.167629
370 4.177970
371 4.181329
372 4.181346
373 4.188379
374 4.184667
375 4.184461
376 4.197970
377 4.194424
378 4.197815
379 4.197907
380 4.204751
381 4.208142
382 4.225353
383 4.225343
384 4.221943
385 4.225526
386 4.225918
387 4.236286
388 4.246687
389 4.250347
390 4.257506
391 4.271058
392 4.281661
393 4.278004
394 4.284818
395 4.284937
396 4.292161
397 4.299175
398 4.302670
399 4.326812
400 4.336903
401 4.336845
402 4.347180
403 4.353913
404 4.346904
405 4.350469
406 4.353642
407 4.350004
408 4.360290
409 4.346351
410 4.356532
411 4.370116
412 4.380697
413 4.373575
414 4.373276
415 4.383797
416 4.379968
417 4.397464
418 4.397639
419 4.404459
420 4.414955
421 4.418349
422 4.411380
423 4.428622
424 4.435427
425 4.425106
426 4.428419
427 4.435199
428 4.431630
429 4.413990
430 4.417625
431 4.427720
432 4.427465
433 4.430703
434 4.434035
435 4.430537
436 4.434055
437 4.437412
438 4.426876
439 4.447794
440 4.423422
441 4.430312
442 4.426812
443 4.412749
444 4.419348
445 4.408605
446 4.432948
447 4.439766
448 4.443095
449 4.438945
450 4.435140
451 4.452125
452 4.472611
453 4.472481
454 4.486486
455 4.496893
456 4.479631
457 4.490062
458 4.489754
459 4.493412
460 4.500119
461 4.503308
462 4.510449
463 4.506959
464 4.506865
465 4.510231
466 4.509968
467 4.506221
468 4.513049
469 4.516519
470 4.523645
471 4.516670
472 4.526740
473 4.544267
474 4.533747
475 4.551042
476 4.561632
477 4.551165
478 4.558019
479 4.574960
480 4.574987
481 4.560580
482 4.563959
483 4.567510
484 4.577846
485 4.574119
486 4.580756
487 4.566664
488 4.559703
489 4.553138
490 4.549580
491 4.549423
492 4.556514
493 4.549561
494 4.542726
495 4.556027
496 4.549352
497 4.546128
498 4.552772
499 4.566568
500 4.569678
501 4.569682
502 4.583555
503 4.594314
504 4.611686
505 4.611781
506 4.611794
507 4.615398
508 4.615373
509 4.615236
510 4.635704
511 4.642601
512 4.635926
513 4.653394
514 4.643032
515 4.635215
516 4.628310
517 4.638785
518 4.649350
519 4.653009
520 4.660048
521 4.656581
522 4.666910
523 4.673924
524 4.673768
525 4.666887
526 4.673885
527 4.670471
528 4.684435
529 4.684642
530 4.677863
531 4.677800
532 4.687863
533 4.690958
534 4.700926
535 4.710974
536 4.714421
537 4.710837
538 4.727563
539 4.731018
540 4.741279
541 4.734926
542 4.748553
543 4.748498
544 4.765257
545 4.768617
546 4.775304
547 4.785827
548 4.789267
549 4.789287
550 4.792145
551 4.785404
552 4.788872
553 4.802465
554 4.798899
555 4.798786
556 4.805502
557 4.805297
558 4.819317
559 4.812252
560 4.808567
561 4.815427
562 4.825834
563 4.822459
564 4.836049
565 4.853333
566 4.850063
567 4.838773
568 4.838633
569 4.838411
570 4.849016
571 4.869587
572 4.879910
573 4.869493
574 4.872943
575 4.882995
576 4.896527
577 4.900000
578 4.903348
579 4.903396
580 4.896000
581 4.906386
582 4.913063
583 4.927271
584 4.927243
585 4.940881
586 4.937408
587 4.919906
588 4.926683
589 4.936808
590 4.947151
591 4.947076
592 4.933276
593 4.936721
594 4.926260
595 4.922761
596 4.932797
597 4.946360
598 4.949756
599 4.949747
600 4.942597
601 4.939284
602 4.942504
603 4.955732
604 4.945130
605 4.952346
606 4.952185
607 4.956124
608 4.969838
609 4.969825
610 4.973506
611 4.994146
612 4.997660
613 5.001035
614 5.004325
615 5.007568
616 5.010966
617 5.007622
618 5.018090
619 5.028156
620 5.055686
621 5.069074
622 5.072488
623 5.083054
624 5.090051
625 5.079744
626 5.093642
627 5.097038
628 5.104137
629 5.110832
630 5.124236
631 5.124389
632 5.144696
633 5.147986
634 5.144278
635 5.147809
636 5.147239
637 5.147192
638 5.136585
639 5.140002
640 5.143439
641 5.147319
642 5.147351
643 5.140010
644 5.147171
645 5.157617
646 5.161242
647 5.167961
648 5.177815
649 5.191713
650 5.201992
651 5.198693
652 5.212224
653 5.219116
654 5.236185
655 5.242884
656 5.252954
657 5.266250
658 5.266632
659 5.269745
660 5.276772
661 5.266284
662 5.279714
663 5.258771
664 5.269225
665 5.279591
666 5.296984
667 5.303626
668 5.299800
669 5.303259
670 5.299700
671 5.299647
672 5.313432
673 5.299770
674 5.288488
675 5.298458
676 5.312125
677 5.298658
678 5.288289
679 5.309162
680 5.316079
681 5.323186
682 5.312881
683 5.323300
684 5.323307
685 5.333662
686 5.319974
687 5.312899
688 5.315976
689 5.312106
690 5.322322
691 5.346245
692 5.329120
693 5.339562
694 5.343304
695 5.339288
696 5.332226
697 5.339353
698 5.355747
699 5.355729
700 5.359055
701 5.351676
702 5.351863
703 5.348482
704 5.351495
705 5.358262
706 5.364950
707 5.375430
708 5.381917
709 5.374945
710 5.381755
711 5.364398
712 5.364084
713 5.374516
714 5.384741
715 5.378210
716 5.380975
717 5.384017
718 5.394441
719 5.394233
720 5.397507
721 5.387097
722 5.400937
723 5.407845
724 5.415023
725 5.411770
726 5.418697
727 5.422105
728 5.422447
729 5.425668
730 5.418555
731 5.425324
732 5.421853
733 5.411312
734 5.407821
735 5.400865
736 5.397370
737 5.390292
738 5.404213
739 5.400972
740 5.411420
741 5.411340
742 5.422037
743 5.418686
744 5.429086
745 5.425718
746 5.422381
747 5.429515
748 5.429529
749 5.408527
750 5.405065
751 5.398800
752 5.392263
753 5.398958
754 5.412206
755 5.412208
756 5.411951
757 5.412089
758 5.401755
759 5.394617
760 5.394797
761 5.387908
762 5.397935
763 5.401546
764 5.411729
765 5.404695
766 5.404766
767 5.411532
768 5.404530
769 5.404176
770 5.407433
771 5.424417
772 5.424546
773 5.427978
774 5.441659
775 5.455057
776 5.454795
777 5.451204
778 5.461593
779 5.458105
780 5.468305
781 5.478196
782 5.485063
783 5.491908
784 5.488872
785 5.485412
786 5.488597
787 5.495200
788 5.495204
789 5.495182
790 5.484355
791 5.463492
792 5.473568
793 5.480297
794 5.469868
795 5.473119
796 5.490280
797 5.504028
798 5.507410
799 5.507343
800 5.510991
801 5.503911
802 5.514057
803 5.510920
804 5.521244
805 5.521240
806 5.534745
807 5.538308
808 5.548990
809 5.545453
810 5.545234
811 5.548758
812 5.548675
813 5.548636
814 5.555317
815 5.558137
816 5.564641
817 5.585474
818 5.598923
819 5.599254
820 5.602556
821 5.599087
822 5.609915
823 5.623426
824 5.623283
825 5.626838
826 5.630198
827 5.637076
828 5.637050
829 5.640031
830 5.636789
831 5.630363
832 5.630057
833 5.639961
834 5.642896
835 5.666130
836 5.679654
837 5.686227
838 5.689210
839 5.699319
840 5.699315
841 5.699150
842 5.695455
843 5.702347
844 5.705394
845 5.698339
846 5.694824
847 5.684659
848 5.674471
849 5.698719
850 5.677956
851 5.681180
852 5.684809
853 5.684808
854 5.695330
855 5.708875
856 5.715675
857 5.715616
858 5.715604
859 5.722238
860 5.732443
861 5.728996
862 5.732521
863 5.742950
864 5.742645
865 5.749137
866 5.756293
867 5.749574
868 5.753505
869 5.743146
870 5.746685
871 5.759999
872 5.766599
873 5.773441
874 5.769731
875 5.797458
876 5.804442
877 5.807802
878 5.793571
879 5.786441
880 5.796741
881 5.800386
882 5.810530
883 5.810624
884 5.817500
885 5.824275
886 5.834443
887 5.837950
888 5.831071
889 5.831174
890 5.838711
891 5.845672
892 5.852303
893 5.859181
894 5.866045
895 5.880158
896 5.879754
897 5.879881
898 5.890229
899 5.886669
900 5.883247
901 5.896787
902 5.889797
903 5.896573
904 5.900186
905 5.893540
906 5.900471
907 5.917716
908 5.921082
909 5.907599
910 5.907525
911 5.900713
912 5.907505
913 5.924053
914 5.924074
915 5.920653
916 5.927672
917 5.934384
918 5.937987
919 5.948191
920 5.951914
921 5.972787
922 5.976009
923 5.968914
924 5.971809
925 5.968095
926 5.981181
927 5.981253
928 5.981152
929 5.990801
930 5.976750
931 5.966022
932 5.949068
933 5.959605
934 5.949534
935 5.946370
936 5.956381
937 5.956544
938 5.956995
939 5.953230
940 5.953076
941 5.970770
942 5.963842
943 5.967207
944 5.963152
945 5.970001
946 5.980449
947 5.980479
948 5.994219
949 6.000567
950 6.000572
951 5.997022
952 5.996784
953 5.993072
954 5.992557
955 5.999023
956 6.002651
957 6.009620
958 6.009917
959 6.006714
960 6.013506
961 6.006473
962 6.009314
963 6.008977
964 6.001854
965 6.008606
966 6.008541
967 6.004846
968 6.021868
969 6.021996
970 6.035555
971 6.042839
972 6.045956
973 6.032061
974 6.049237
975 6.035182
976 6.038038
977 6.062528
978 6.065640
979 6.069263
980 6.069213
981 6.061899
982 6.068474
983 6.068797
984 6.075849
985 6.075778
986 6.058175
987 6.075407
988 6.079000
989 6.085983
990 6.099463
991 6.109840
992 6.099506
993 6.099782
994 6.109586
995 6.105963
996 6.129850
997 6.136651
998 6.150216
999 6.150006
1000 6.153468
1001 6.136231
1002 6.152967
1003 6.149513
1004 6.163195
1005 6.173427
1006 6.176829
1007 6.180248
1008 6.173225
1009 6.166462
1010 6.162679
1011 6.165629
1012 6.175556
1013 6.182319
1014 6.175425
1015 6.182517
1016 6.172108
1017 6.182311
1018 6.206614
1019 6.203183
1020 6.199796
1021 6.209999
1022 6.216535
1023 6.213209
1024 6.213673
1025 6.220748
1026 6.224251
1027 6.220707
1028 6.231192
1029 6.231321
1030 6.224346
1031 6.230777
1032 6.224058
1033 6.223869
1034 6.210078
1035 6.220224
1036 6.227157
1037 6.223586
1038 6.226320
1039 6.222871
1040 6.222934
1041 6.229722
1042 6.225966
1043 6.235992
1044 6.222020
1045 6.215400
1046 6.208487
1047 6.204592
1048 6.211592
1049 6.215251
1050 6.218884
1051 6.229237
1052 6.243109
1053 6.225885
1054 6.236257
1055 6.232932
1056 6.236262
1057 6.229543
1058 6.236571
1059 6.250366
1060 6.247142
1061 6.250101
1062 6.270548
1063 6.277809
1064 6.274459
1065 6.274309
1066 6.264309
1067 6.267457
1068 6.263938
1069 6.280946
1070 6.277356
1071 6.281004
1072 6.267385
1073 6.263781
1074 6.247094
1075 6.243605
1076 6.229824
1077 6.222973
1078 6.226763
1079 6.223118
1080 6.222992
1081 6.230026
1082 6.229819
1083 6.230121
1084 6.243879
1085 6.274608
1086 6.285148
1087 6.281484
1088 6.284643
1089 6.288064
1090 6.288226
1091 6.298665
1092 6.288700
1093 6.291853
1094 6.298664
1095 6.301989
1096 6.295085
1097 6.298564
1098 6.304747
1099 6.304976
1100 6.301776
1101 6.291177
1102 6.294484
1103 6.291253
1104 6.294368
1105 6.301352
1106 6.294551
1107 6.301159
1108 6.301554
1109 6.294883
1110 6.305448
1111 6.315590
1112 6.322044
1113 6.315066
1114 6.318754
1115 6.322009
1116 6.322118
1117 6.318723
1118 6.325927
1119 6.346234
1120 6.335899
1121 6.329515
1122 6.329660
1123 6.322714
1124 6.322748
1125 6.318862
1126 6.311860
1127 6.308646
1128 6.305622
1129 6.322633
1130 6.329679
1131 6.333207
1132 6.336360
1133 6.329485
1134 6.342868
1135 6.343204
1136 6.347016
1137 6.350359
1138 6.367476
1139 6.360580
1140 6.366941
1141 6.373205
1142 6.366149
1143 6.365828
1144 6.372742
1145 6.379262
1146 6.372466
1147 6.372116
1148 6.372287
1149 6.368626
1150 6.385739
1151 6.388700
1152 6.378211
1153 6.391692
1154 6.406178
1155 6.416451
1156 6.416744
1157 6.416614
1158 6.427176
1159 6.429918
1160 6.436575
1161 6.426903
1162 6.430167
1163 6.437522
1164 6.437487
1165 6.437844
1166 6.431242
1167 6.434864
1168 6.441598
1169 6.458561
1170 6.461686
1171 6.461541
1172 6.478959
1173 6.482523
1174 6.489532
1175 6.499931
1176 6.503555
1177 6.503018
1178 6.499420
1179 6.496207
1180 6.490238
1181 6.479717
1182 6.501097
1183 6.501254
1184 6.515295
1185 6.501427
1186 6.498142
1187 6.504577
1188 6.493739
1189 6.476812
1190 6.487212
1191 6.487173
1192 6.480449
1193 6.483281
1194 6.476722
1195 6.480624
1196 6.480646
1197 6.470409
1198 6.460125
1199 6.460561
1200 6.456669
1201 6.443310
1202 6.456202
1203 6.452701
1204 6.452720
1205 6.446032
1206 6.449475
1207 6.432091
1208 6.448942
1209 6.455742
1210 6.448833
1211 6.462515
1212 6.475782
1213 6.485998
1214 6.475687
1215 6.479493
1216 6.486186
1217 6.503383
1218 6.516982
1219 6.510125
1220 6.496349
1221 6.489209
1222 6.485918
1223 6.492255
1224 6.495908
1225 6.492454
1226 6.495961
1227 6.492416
1228 6.492022
1229 6.495561
1230 6.506166
1231 6.530120
1232 6.526841
1233 6.527083
1234 6.554816
1235 6.561566
1236 6.564816
1237 6.572035
1238 6.582462
1239 6.582190
1240 6.582246
1241 6.575359
1242 6.575606
1243 6.565414
1244 6.568847
1245 6.565130
1246 6.575326
1247 6.569411
1248 6.559184
1249 6.566245
1250 6.569659
1251 6.573498
1252 6.583760
1253 6.583667
1254 6.594162
1255 6.604439
1256 6.610385
1257 6.623947
1258 6.603187
1259 6.610242
1260 6.612685
1261 6.615878
1262 6.622816
1263 6.626517
1264 6.626608
1265 6.629861
1266 6.626552
1267 6.626103
1268 6.639442
1269 6.629124
1270 6.639075
1271 6.655741
1272 6.652596
1273 6.642141
1274 6.645307
1275 6.652057
1276 6.662319
1277 6.658917
1278 6.648677
1279 6.638260
1280 6.634580
1281 6.634530
1282 6.637475
1283 6.637480
1284 6.644170
1285 6.650507
1286 6.656860
1287 6.653166
1288 6.649485
1289 6.650052
1290 6.656192
1291 6.642702
1292 6.639132
1293 6.642369
1294 6.645651
1295 6.642097
1296 6.645166
1297 6.641237
1298 6.634358
1299 6.641159
1300 6.640636
1301 6.637724
1302 6.643861
1303 6.640453
1304 6.630006
1305 6.639334
1306 6.639468
1307 6.655808
1308 6.659435
1309 6.662760
1310 6.669797
1311 6.683371
1312 6.690351
1313 6.700922
1314 6.690267
1315 6.699873
1316 6.703058
1317 6.696126
1318 6.696120
1319 6.705613
1320 6.691571
1321 6.677983
1322 6.678094
1323 6.678022
1324 6.674882
1325 6.681818
1326 6.681124
1327 6.688122
1328 6.688089
1329 6.687837
1330 6.704870
1331 6.708158
1332 6.711967
1333 6.711613
1334 6.714962
1335 6.721631
1336 6.721496
1337 6.704412
1338 6.713982
1339 6.724438
1340 6.724091
1341 6.730816
1342 6.747475
1343 6.771475
1344 6.761845
1345 6.775281
1346 6.781859
1347 6.795659
1348 6.798964
1349 6.809346
1350 6.805783
1351 6.809269
1352 6.812868
1353 6.812794
1354 6.812719
1355 6.819669
1356 6.823141
1357 6.816127
1358 6.830129
1359 6.839886
1360 6.836235
1361 6.823065
1362 6.850119
1363 6.846532
1364 6.840119
1365 6.864134
1366 6.867952
1367 6.861576
1368 6.874991
1369 6.868121
1370 6.867199
1371 6.860540
1372 6.863699
1373 6.871060
1374 6.871039
1375 6.884021
1376 6.883952
1377 6.883755
1378 6.883618
1379 6.897604
1380 6.904674
1381 6.901638
1382 6.905625
1383 6.898798
1384 6.901934
1385 6.908441
1386 6.901862
1387 6.901605
1388 6.901666
1389 6.905370
1390 6.919337
1391 6.919438
1392 6.916636
1393 6.919690
1394 6.896264
1395 6.900088
1396 6.896635
1397 6.893243
1398 6.913344
1399 6.919777
1400 6.919555
1401 6.915546
1402 6.928984
1403 6.931497
1404 6.930738
1405 6.931027
1406 6.927718
1407 6.931150
1408 6.917512
1409 6.913987
1410 6.899964
1411 6.910443
1412 6.923968
1413 6.930853
1414 6.923649
1415 6.923474
1416 6.923491
1417 6.950385
1418 6.956349
1419 6.966407
1420 6.959727
1421 6.963632
1422 6.960137
1423 6.956628
1424 6.967044
1425 6.973986
1426 6.960600
1427 6.967599
1428 6.970601
1429 6.977596
1430 6.987117
1431 6.987145
1432 6.997633
1433 7.000988
1434 7.004183
1435 7.014446
1436 7.027561
1437 7.030046
1438 7.023245
1439 7.033751
1440 7.033573
1441 7.040180
1442 7.039780
1443 7.049223
1444 7.056266
1445 7.059257
1446 7.059076
1447 7.069987
1448 7.076935
1449 7.083223
1450 7.086491
1451 7.089681
1452 7.086022
1453 7.096301
1454 7.105679
1455 7.109388
1456 7.109585
1457 7.102458
1458 7.101896
1459 7.105219
1460 7.102261
1461 7.105759
1462 7.105755
1463 7.105862
1464 7.109015
1465 7.112413
1466 7.119105
1467 7.119031
1468 7.125332
1469 7.118734
1470 7.115513
1471 7.101908
1472 7.088153
1473 7.084645
1474 7.081226
1475 7.090956
1476 7.077220
1477 7.087210
1478 7.111272
1479 7.111551
1480 7.121511
1481 7.117975
1482 7.128392
1483 7.142023
1484 7.145756
1485 7.145997
1486 7.152601
1487 7.134959
1488 7.144755
1489 7.151567
1490 7.141741
1491 7.148944
1492 7.158933
1493 7.172330
1494 7.182862
1495 7.185823
1496 7.192105
1497 7.191949
1498 7.184909
1499 7.191563
1500 7.195084
1501 7.184493
1502 7.191368
1503 7.180953
1504 7.177628
1505 7.177534
1506 7.173986
1507 7.176812
1508 7.173404
1509 7.169763
1510 7.169935
1511 7.170214
1512 7.173515
1513 7.187281
1514 7.187332
1515 7.176485
1516 7.162903
1517 7.166689
1518 7.160325
1519 7.150088
1520 7.150015
1521 7.167282
1522 7.187530
1523 7.201340
1524 7.187700
1525 7.180513
1526 7.177222
1527 7.171066
1528 7.174440
1529 7.171213
1530 7.170538
1531 7.170292
1532 7.180750
1533 7.190753
1534 7.197762
1535 7.200892
1536 7.187422
1537 7.186816
1538 7.183191
1539 7.196702
1540 7.196649
1541 7.200488
1542 7.186745
1543 7.210666
1544 7.214133
1545 7.214157
1546 7.214329
1547 7.234044
1548 7.233872
1549 7.234195
1550 7.246706
1551 7.250164
1552 7.256776
1553 7.260256
1554 7.267093
1555 7.266971
1556 7.277005
1557 7.259722
1558 7.279959
1559 7.276277
1560 7.276800
1561 7.266430
1562 7.279571
1563 7.296316
1564 7.292421
1565 7.295826
1566 7.302615
1567 7.309748
1568 7.313274
1569 7.307113
1570 7.320494
1571 7.320414
1572 7.327053
1573 7.327137
1574 7.337143
1575 7.336922
1576 7.336476
1577 7.336371
1578 7.356550
1579 7.359590
1580 7.352695
1581 7.349093
1582 7.339472
1583 7.349039
1584 7.345636
1585 7.345435
1586 7.345618
1587 7.355561
1588 7.359414
1589 7.349929
1590 7.332829
1591 7.322562
1592 7.322509
1593 7.332927
1594 7.342782
1595 7.328949
1596 7.325584
1597 7.328113
1598 7.341842
1599 7.355241
1600 7.350799
1601 7.347354
1602 7.354048
1603 7.357832
1604 7.358052
1605 7.364847
1606 7.368210
1607 7.378048
1608 7.399067
1609 7.409374
1610 7.392366
1611 7.382312
1612 7.399690
1613 7.396629
1614 7.386309
1615 7.397064
1616 7.390017
1617 7.379170
1618 7.375783
1619 7.355122
1620 7.348122
1621 7.348408
1622 7.358744
1623 7.365375
1624 7.368365
1625 7.361714
1626 7.362040
1627 7.358740
1628 7.361996
1629 7.372424
1630 7.372135
1631 7.372402
1632 7.389665
1633 7.389266
1634 7.392401
1635 7.395776
1636 7.399239
1637 7.398894
1638 7.402280
1639 7.399370
1640 7.392469
1641 7.392689
1642 7.388938
1643 7.381723
1644 7.385082
1645 7.388513
1646 7.384075
1647 7.376921
1648 7.380055
1649 7.390404
1650 7.397563
1651 7.401164
1652 7.415042
1653 7.404559
1654 7.411506
1655 7.408192
1656 7.420757
1657 7.414252
1658 7.404128
1659 7.404413
1660 7.414249
1661 7.434705
1662 7.452118
1663 7.452368
1664 7.448595
1665 7.462017
1666 7.468481
1667 7.482436
1668 7.475310
1669 7.485256
1670 7.481691
1671 7.477413
1672 7.480349
1673 7.490414
1674 7.490230
1675 7.480807
1676 7.484473
1677 7.483952
1678 7.473198
1679 7.483297
1680 7.473051
1681 7.472662
1682 7.483143
1683 7.478599
1684 7.478641
1685 7.491823
1686 7.498617
1687 7.512503
1688 7.505248
1689 7.512161
1690 7.498454
1691 7.502007
1692 7.508564
1693 7.518955
1694 7.528994
1695 7.528884
1696 7.536236
1697 7.536101
1698 7.549961
1699 7.556000
1700 7.552215
1701 7.549080
1702 7.565976
1703 7.565435
1704 7.579109
1705 7.582375
1706 7.571596
1707 7.571398
1708 7.568051
1709 7.575054
1710 7.578613
1711 7.577857
1712 7.584731
1713 7.578405
1714 7.578209
1715 7.578129
1716 7.584810
1717 7.574410
1718 7.568098
1719 7.568117
1720 7.574871
1721 7.568031
1722 7.567982
1723 7.567938
1724 7.564391
1725 7.567489
1726 7.585261
1727 7.595297
1728 7.591818
1729 7.591775
1730 7.588889
1731 7.581716
1732 7.584940
1733 7.584370
1734 7.584149
1735 7.590405
1736 7.590240
1737 7.590247
1738 7.590353
1739 7.573434
1740 7.573853
1741 7.577264
1742 7.573815
1743 7.576960
1744 7.587001
1745 7.601045
1746 7.601036
1747 7.597385
1748 7.613985
1749 7.610637
1750 7.610609
1751 7.607462
1752 7.614048
1753 7.610583
1754 7.617444
1755 7.627877
1756 7.634595
1757 7.640585
1758 7.630337
1759 7.653386
1760 7.660342
1761 7.656811
1762 7.663238
1763 7.666806
1764 7.666586
1765 7.686814
1766 7.673032
1767 7.685971
1768 7.685852
1769 7.696427
1770 7.702860
1771 7.699423
1772 7.702810
1773 7.706068
1774 7.709703
1775 7.726717
1776 7.726605
1777 7.743178
1778 7.729382
1779 7.729392
1780 7.733315
1781 7.750374
1782 7.739655
1783 7.739367
1784 7.728461
1785 7.735345
1786 7.732230
1787 7.738928
1788 7.711588
1789 7.715006
1790 7.724882
1791 7.731870
1792 7.728193
1793 7.738287
1794 7.751818
1795 7.759295
1796 7.762335
1797 7.769429
1798 7.758446
1799 7.754703
1800 7.768150
1801 7.781793
1802 7.785246
1803 7.791649
1804 7.794827
1805 7.788144
1806 7.798404
1807 7.801695
1808 7.798999
1809 7.808589
1810 7.797759
1811 7.790712
1812 7.787503
1813 7.794291
1814 7.797297
1815 7.806618
1816 7.826563
1817 7.823028
1818 7.816223
1819 7.812099
1820 7.809044
1821 7.815456
1822 7.811791
1823 7.824799
1824 7.807482
1825 7.823966
1826 7.820624
1827 7.816191
1828 7.832839
1829 7.845847
1830 7.852702
1831 7.841792
1832 7.831854
1833 7.828381
1834 7.831887
1835 7.825083
1836 7.811446
1837 7.797647
1838 7.804102
1839 7.790238
1840 7.803311
1841 7.799724
1842 7.793225
1843 7.796714
1844 7.793063
1845 7.789661
1846 7.796481
1847 7.795896
1848 7.802861
1849 7.819481
1850 7.823330
1851 7.830083
1852 7.833961
1853 7.826054
1854 7.818612
1855 7.815371
1856 7.801685
1857 7.808217
1858 7.818127
1859 7.822088
1860 7.821914
1861 7.825494
1862 7.835654
1863 7.839822
1864 7.850022
1865 7.863045
1866 7.862634
1867 7.872870
1868 7.883228
1869 7.880276
1870 7.883660
1871 7.907136
1872 7.917370
1873 7.913598
1874 7.899883
1875 7.906593
1876 7.923040
1877 7.922893
1878 7.932633
1879 7.935899
1880 7.935626
1881 7.942190
1882 7.948948
1883 7.955536
1884 7.965841
1885 7.961976
1886 7.955300
1887 7.952004
1888 7.952175
1889 7.958975
1890 7.955015
1891 7.944847
1892 7.951327
1893 7.944785
1894 7.937514
1895 7.944357
1896 7.954767
1897 7.968510
1898 7.968274
1899 7.986063
1900 7.982675
1901 7.989652
1902 7.992788
1903 7.976054
1904 7.968975
1905 7.948717
1906 7.934984
1907 7.945033
1908 7.941362
1909 7.944831
1910 7.964998
1911 7.945080
1912 7.951635
1913 7.955172
1914 7.961297
1915 7.963929
1916 7.960150
1917 7.953330
1918 7.950144
1919 7.943551
1920 7.946624
1921 7.966189
1922 7.973173
1923 7.973425
1924 7.983665
1925 7.970154
1926 7.990046
1927 7.986810
1928 7.993909
1929 7.997431
1930 8.014258
1931 8.024125
1932 8.021367
1933 8.021400
1934 8.021304
1935 8.031374
1936 8.031502
1937 8.031300
1938 8.045249
1939 8.038222
1940 8.048402
1941 8.045101
1942 8.052444
1943 8.059242
1944 8.073236
1945 8.076441
1946 8.072733
1947 8.059323
1948 8.066548
1949 8.076685
1950 8.090398
1951 8.097468
1952 8.107246
1953 8.103769
1954 8.106654
1955 8.109404
1956 8.098937
1957 8.098554
1958 8.118713
1959 8.118029
1960 8.128144
1961 8.134847
1962 8.141767
1963 8.141761
1964 8.144524
1965 8.128198
1966 8.134839
1967 8.134852
1968 8.131203
1969 8.127501
1970 8.140424
1971 8.137075
1972 8.133702
1973 8.133650
1974 8.146668
1975 8.142810
1976 8.159804
1977 8.156536
1978 8.162866
1979 8.169851
1980 8.166106
1981 8.169610
1982 8.169550
1983 8.176179
1984 8.188998
1985 8.192004
1986 8.188403
1987 8.188577
1988 8.198402
1989 8.198061
1990 8.194668
1991 8.207490
1992 8.213964
1993 8.213667
1994 8.213258
1995 8.223693
1996 8.217064
1997 8.210183
1998 8.216548
1999 8.226787
2000 8.230362
2001 8.231078
2002 8.237683
2003 8.248181
2004 8.237535
2005 8.234827
2006 8.238037
2007 8.244735
2008 8.244375
2009 8.250848
2010 8.244346
2011 8.254704
2012 8.247933
2013 8.248046
2014 8.258584
2015 8.261358
2016 8.254688
2017 8.251616
2018 8.258288
2019 8.251829
2020 8.258443
2021 8.268748
2022 8.258917
2023 8.251366
2024 8.254902
2025 8.271076
2026 8.264193
2027 8.270904
2028 8.267879
2029 8.274211
2030 8.295301
2031 8.292447
2032 8.292608
2033 8.295479
2034 8.278355
2035 8.258135
2036 8.253665
2037 8.274314
2038 8.273849
2039 8.287741
2040 8.291088
2041 8.298206
2042 8.307818
2043 8.314426
2044 8.321093
2045 8.317892
2046 8.324109
2047 8.326862
2048 8.332772
2049 8.339285
2050 8.342442
2051 8.345345
2052 8.348810
2053 8.352661
2054 8.345822
2055 8.348806
2056 8.341980
2057 8.348360
2058 8.358561
2059 8.362153
2060 8.361893
2061 8.368737
2062 8.385797
2063 8.392370
2064 8.395647
2065 8.405718
2066 8.412130
2067 8.412588
2068 8.419198
2069 8.428602
2070 8.445057
2071 8.451811
2072 8.465565
2073 8.476021
2074 8.472830
2075 8.472983
2076 8.470203
2077 8.474153
2078 8.473510
2079 8.483018
2080 8.482652
2081 8.486095
2082 8.486331
2083 8.496440
2084 8.509277
2085 8.509238
2086 8.512675
2087 8.522707
2088 8.529823
2089 8.529675
2090 8.516118
2091 8.516120
2092 8.525995
2093 8.539468
2094 8.539009
2095 8.542195
2096 8.534968
2097 8.538395
2098 8.548189
2099 8.548053
2100 8.561903
2101 8.557949
2102 8.568702
2103 8.593299
2104 8.589688
2105 8.606399
2106 8.605921
2107 8.591622
2108 8.598505
2109 8.591606
2110 8.600106
2111 8.596568
2112 8.600023
2113 8.600252
2114 8.607230
2115 8.610215
2116 8.603609
2117 8.603623
2118 8.600180
2119 8.596731
2120 8.593184
2121 8.600116
2122 8.610316
2123 8.606861
2124 8.613687
2125 8.603871
2126 8.593266
2127 8.593121
2128 8.588988
2129 8.602394
2130 8.595088
2131 8.598510
2132 8.581185
2133 8.584419
2134 8.580604
2135 8.573820
2136 8.570594
2137 8.577336
2138 8.593925
2139 8.613721
2140 8.607546
2141 8.590515
2142 8.600754
2143 8.591018
2144 8.591261
2145 8.588082
2146 8.601281
2147 8.604792
2148 8.615380
2149 8.622134
2150 8.625675
2151 8.632458
2152 8.639378
2153 8.639900
2154 8.633155
2155 8.646202
2156 8.632603
2157 8.625645
2158 8.635350
2159 8.651772
2160 8.655069
2161 8.655204
2162 8.655641
2163 8.655387
2164 8.662297
2165 8.655128
2166 8.654969
2167 8.644701
2168 8.638760
2169 8.638394
2170 8.639139
2171 8.639116
2172 8.632438
2173 8.628773
2174 8.625619
2175 8.629625
2176 8.626381
2177 8.626789
2178 8.616810
2179 8.636871
2180 8.626302
2181 8.626339
2182 8.616101
2183 8.609078
2184 8.616702
2185 8.630391
2186 8.639618
2187 8.639550
2188 8.645426
2189 8.648510
2190 8.635732
2191 8.639009
2192 8.635395
2193 8.628194
2194 8.627931
2195 8.611336
2196 8.621220
2197 8.624506
2198 8.617679
2199 8.604283
2200 8.607064
2201 8.606558
2202 8.596609
2203 8.582807
2204 8.582587
2205 8.592274
2206 8.589037
2207 8.602789
2208 8.602473
2209 8.612570
2210 8.605806
2211 8.592036
2212 8.585154
2213 8.581743
2214 8.595056
2215 8.595238
2216 8.605490
2217 8.615535
2218 8.622136
2219 8.635601
2220 8.632596
2221 8.632551
2222 8.653253
2223 8.669970
2224 8.673180
2225 8.676907
2226 8.676555
2227 8.682908
2228 8.679706
2229 8.689898
2230 8.679930
2231 8.672727
2232 8.669421
2233 8.666259
2234 8.673326
2235 8.674119
2236 8.653694
2237 8.657344
2238 8.643805
2239 8.653393
2240 8.656993
2241 8.670718
2242 8.663925
2243 8.673974
2244 8.680494
2245 8.684025
2246 8.674189
2247 8.667363
2248 8.667319
2249 8.664138
2250 8.676914
2251 8.683917
2252 8.690628
2253 8.694428
2254 8.697357
2255 8.704261
2256 8.714338
2257 8.710919
2258 8.714498
2259 8.697627
2260 8.693989
2261 8.693910
2262 8.690650
2263 8.697040
2264 8.693949
2265 8.687309
2266 8.694236
2267 8.691054
2268 8.698253
2269 8.708297
2270 8.711502
2271 8.715119
2272 8.707611
2273 8.707368
2274 8.703980
2275 8.693589
2276 8.690501
2277 8.680194
2278 8.684386
2279 8.680721
2280 8.688046
2281 8.691506
2282 8.701526
2283 8.695049
2284 8.701936
2285 8.708527
2286 8.703715
2287 8.714124
2288 8.710737
2289 8.727516
2290 8.717777
2291 8.728746
2292 8.708499
2293 8.698145
2294 8.698289
2295 8.694045
2296 8.694062
2297 8.704094
2298 8.710234
2299 8.713512
2300 8.720068
2301 8.710299
2302 8.720571
2303 8.697313
2304 8.690350
2305 8.687631
2306 8.680825
2307 8.680868
2308 8.680855
2309 8.694503
2310 8.700543
2311 8.700508
2312 8.703816
2313 8.711002
2314 8.717600
2315 8.700465
2316 8.709302
2317 8.695651
2318 8.689028
2319 8.688533
2320 8.672401
2321 8.665810
2322 8.679401
2323 8.678987
2324 8.689323
2325 8.682824
2326 8.685985
2327 8.696143
2328 8.703472
2329 8.689735
2330 8.696584
2331 8.699831
2332 8.712697
2333 8.705966
2334 8.695588
2335 8.688553
2336 8.685229
2337 8.684919
2338 8.698121
2339 8.701832
2340 8.698670
2341 8.704680
2342 8.703912
2343 8.703736
2344 8.706821
2345 8.686111
2346 8.693109
2347 8.703297
2348 8.713524
2349 8.716440
2350 8.723118
2351 8.726640
2352 8.726398
2353 8.729711
2354 8.729554
2355 8.729425
2356 8.729314
2357 8.742862
2358 8.742891
2359 8.742870
2360 8.760009
2361 8.759658
2362 8.762540
2363 8.762330
2364 8.764675
2365 8.768075
2366 8.761627
2367 8.755601
2368 8.742112
2369 8.755594
2370 8.759151
2371 8.769549
2372 8.775894
2373 8.782827
2374 8.796049
2375 8.797942
2376 8.804266
2377 8.814635
2378 8.811153
2379 8.804655
2380 8.791223
2381 8.790722
2382 8.780132
2383 8.770036
2384 8.759714
2385 8.759914
2386 8.764107
2387 8.761164
2388 8.767574
2389 8.747132
2390 8.716691
2391 8.723485
2392 8.716458
2393 8.713035
2394 8.706374
2395 8.712831
2396 8.719811
2397 8.719089
2398 8.729144
2399 8.729201
2400 8.722383
2401 8.725927
2402 8.725699
2403 8.715533
2404 8.724858
2405 8.728218
2406 8.731704
2407 8.735249
2408 8.732226
2409 8.739253
2410 8.753090
2411 8.762734
2412 8.762828
2413 8.779850
2414 8.779813
2415 8.773114
2416 8.776500
2417 8.779912
2418 8.779345
2419 8.789677
2420 8.799863
2421 8.792768
2422 8.789177
2423 8.789070
2424 8.798772
2425 8.791684
2426 8.788616
2427 8.788869
2428 8.784986
2429 8.782247
2430 8.772775
2431 8.782347
2432 8.786256
2433 8.786266
2434 8.793215
2435 8.793243
2436 8.789842
2437 8.785911
2438 8.765323
2439 8.762399
2440 8.755755
2441 8.782718
2442 8.789309
2443 8.788959
2444 8.799200
2445 8.806120
2446 8.812802
2447 8.830246
2448 8.833990
2449 8.820073
2450 8.823239
2451 8.829902
2452 8.839907
2453 8.846787
2454 8.843632
2455 8.847030
2456 8.843547
2457 8.833594
2458 8.836067
2459 8.829408
2460 8.828952
2461 8.831769
2462 8.841871
2463 8.838891
2464 8.835583
2465 8.822966
2466 8.819921
2467 8.819986
2468 8.823163
2469 8.840188
2470 8.843967
2471 8.837175
2472 8.840248
2473 8.843483
2474 8.853678
2475 8.846797
2476 8.840103
2477 8.853709
2478 8.853695
2479 8.853699
2480 8.847440
2481 8.854515
2482 8.847280
2483 8.841042
2484 8.831054
2485 8.824724
2486 8.824731
2487 8.831585
2488 8.831830
2489 8.845467
2490 8.835259
2491 8.838565
2492 8.844930
2493 8.848450
2494 8.845019
2495 8.855116
2496 8.850894
2497 8.854196
2498 8.854143
2499 8.827361
2500 8.837768
2501 8.855244
2502 8.865996
2503 8.865669
2504 8.888764
2505 8.885322
2506 8.875988
2507 8.882959
2508 8.883084
2509 8.886462
2510 8.886759
2511 8.897245
2512 8.901007
2513 8.907554
2514 8.901276
2515 8.914874
2516 8.915349
2517 8.914901
2518 8.925174
2519 8.925292
2520 8.922101
2521 8.942214
2522 8.948799
2523 8.941620
2524 8.941342
2525 8.960856
2526 8.951075
2527 8.951185
2528 8.960938
2529 8.974948
2530 8.982155
2531 8.978503
2532 8.957342
2533 8.980633
2534 8.977274
2535 8.990936
2536 8.986917
2537 8.980337
2538 8.973958
2539 8.981247
2540 8.977810
2541 8.983912
2542 8.986235
2543 8.985863
2544 8.995672
2545 8.992128
2546 8.998279
2547 9.025533
2548 9.036011
2549 9.032096
2550 9.021902
2551 9.027476
2552 9.023387
2553 9.022706
2554 9.032678
2555 9.043339
2556 9.029278
2557 9.039063
2558 9.042274
2559 9.049224
2560 9.072919
2561 9.066059
2562 9.055255
2563 9.050698
2564 9.056935
2565 9.053497
2566 9.043114
2567 9.043293
2568 9.043143
2569 9.046265
2570 9.059832
2571 9.056165
2572 9.065498
2573 9.058570
2574 9.054832
2575 9.061877
2576 9.055014
2577 9.068530
2578 9.052662
2579 9.055777
2580 9.054805
2581 9.072583
2582 9.088978
2583 9.085142
2584 9.085208
2585 9.084886
2586 9.088505
2587 9.088043
2588 9.084525
2589 9.081366
2590 9.098583
2591 9.105702
2592 9.105335
2593 9.108335
2594 9.100773
2595 9.100625
2596 9.107029
2597 9.117249
2598 9.120891
2599 9.127585
2600 9.137393
2601 9.134423
2602 9.147983
2603 9.161165
2604 9.171281
2605 9.174522
2606 9.181299
2607 9.174224
2608 9.186732
2609 9.187025
2610 9.200281
2611 9.203865
2612 9.194252
2613 9.190877
2614 9.197498
2615 9.180726
2616 9.180773
2617 9.180054
2618 9.177074
2619 9.173592
2620 9.183488
2621 9.193642
2622 9.194146
2623 9.196822
2624 9.197068
2625 9.203330
2626 9.200046
2627 9.193431
2628 9.186804
2629 9.180602
2630 9.181497
2631 9.174847
2632 9.178163
2633 9.177965
2634 9.181034
2635 9.193906
2636 9.190452
2637 9.193278
2638 9.189037
2639 9.198632
2640 9.215172
2641 9.211498
2642 9.221245
2643 9.214653
2644 9.214704
2645 9.220969
2646 9.224263
2647 9.233494
2648 9.233667
2649 9.239581
2650 9.239870
2651 9.242838
2652 9.246142
2653 9.256065
2654 9.266353
2655 9.276229
2656 9.282839
2657 9.289503
2658 9.286213
2659 9.306720
2660 9.303187
2661 9.295945
2662 9.299117
2663 9.302747
2664 9.313639
2665 9.314235
2666 9.317641
2667 9.313830
2668 9.324555
2669 9.324809
2670 9.318655
2671 9.321462
2672 9.335098
2673 9.345314
2674 9.355410
2675 9.352246
2676 9.362775
2677 9.370362
2678 9.366925
2679 9.383895
2680 9.408366
2681 9.405629
2682 9.408239
2683 9.408281
2684 9.408662
2685 9.412292
2686 9.395551
2687 9.398802
2688 9.395878
2689 9.392412
2690 9.388470
2691 9.385546
2692 9.388524
2693 9.388558
2694 9.399014
2695 9.405550
2696 9.402523
2697 9.399477
2698 9.396504
2699 9.393174
2700 9.389916
2701 9.392969
2702 9.389681
2703 9.388975
2704 9.389022
2705 9.375564
2706 9.369095
2707 9.362957
2708 9.361734
2709 9.371777
2710 9.362034
2711 9.358494
2712 9.378873
2713 9.378918
2714 9.389410
2715 9.392725
2716 9.395869
2717 9.388974
2718 9.389134
2719 9.378980
2720 9.381803
2721 9.378492
2722 9.385118
2723 9.388358
2724 9.391978
2725 9.405545
2726 9.411722
2727 9.411838
2728 9.415429
2729 9.425290
2730 9.405293
2731 9.422710
2732 9.415608
2733 9.409093
2734 9.406106
2735 9.412946
2736 9.405937
2737 9.405754
2738 9.403107
2739 9.406352
2740 9.406984
2741 9.410559
2742 9.413922
2743 9.420659
2744 9.404403
2745 9.410977
2746 9.400409
2747 9.400091
2748 9.402349
2749 9.408546
2750 9.411534
2751 9.407858
2752 9.400410
2753 9.417193
2754 9.414229
2755 9.417741
2756 9.401056
2757 9.390537
2758 9.387467
2759 9.387845
2760 9.404242
2761 9.418059
2762 9.425104
2763 9.431793
2764 9.429001
2765 9.428910
2766 9.422202
2767 9.418657
2768 9.425561
2769 9.429013
2770 9.425958
2771 9.432125
2772 9.435414
2773 9.438646
2774 9.438560
2775 9.448678
2776 9.451668
2777 9.452200
2778 9.448577
2779 9.445031
2780 9.438554
2781 9.436476
2782 9.446393
2783 9.447224
2784 9.460862
2785 9.458012
2786 9.461525
2787 9.448586
2788 9.444766
2789 9.461509
2790 9.474788
2791 9.485098
2792 9.461743
2793 9.470411
2794 9.488872
2795 9.491953
2796 9.498472
2797 9.501917
2798 9.508882
2799 9.505535
2800 9.505310
2801 9.491747
2802 9.475115
2803 9.482143
2804 9.482216
2805 9.489219
2806 9.492781
2807 9.485365
2808 9.484897
2809 9.481540
2810 9.468211
2811 9.468229
2812 9.464788
2813 9.458758
2814 9.452104
2815 9.458844
2816 9.458627
2817 9.464722
2818 9.451236
2819 9.447978
2820 9.471683
2821 9.475553
2822 9.483164
2823 9.469882
2824 9.460068
2825 9.476529
2826 9.480142
2827 9.500157
2828 9.490490
2829 9.487139
2830 9.490424
2831 9.480545
2832 9.490732
2833 9.490743
2834 9.489591
2835 9.503113
2836 9.533271
2837 9.519345
2838 9.516275
2839 9.503682
2840 9.503354
2841 9.509642
2842 9.512881
2843 9.502797
2844 9.495864
2845 9.499134
2846 9.494880
2847 9.504915
2848 9.498259
2849 9.497766
2850 9.496863
2851 9.490227
2852 9.480429
2853 9.484104
2854 9.483473
2855 9.483077
2856 9.492974
2857 9.502711
2858 9.502355
2859 9.506163
2860 9.506628
2861 9.502909
2862 9.496589
2863 9.512891
2864 9.526821
2865 9.513427
2866 9.516623
2867 9.500298
2868 9.503178
2869 9.516754
2870 9.516158
2871 9.519468
2872 9.523622
2873 9.523452
2874 9.522891
2875 9.523122
2876 9.540089
2877 9.536400
2878 9.536372
2879 9.536312
2880 9.543024
2881 9.542719
2882 9.553085
2883 9.579819
2884 9.585979
2885 9.565571
2886 9.562085
2887 9.570925
2888 9.573997
2889 9.576708
2890 9.576597
2891 9.569342
2892 9.588434
2893 9.581539
2894 9.571398
2895 9.577754
2896 9.578044
2897 9.581184
2898 9.577361
2899 9.584637
2900 9.594478
2901 9.607758
2902 9.598673
2903 9.592058
2904 9.596059
2905 9.592244
2906 9.602017
2907 9.595188
2908 9.594359
2909 9.605029
2910 9.618565
2911 9.622504
2912 9.622662
2913 9.639829
2914 9.652990
2915 9.651969
2916 9.655381
2917 9.657961
2918 9.651609
2919 9.651574
2920 9.654931
2921 9.651124
2922 9.650704
2923 9.644493
2924 9.643693
2925 9.636759
2926 9.636196
2927 9.645759
2928 9.645631
2929 9.652599
2930 9.643051
2931 9.644261
2932 9.644485
2933 9.645027
2934 9.635018
2935 9.660294
2936 9.670430
2937 9.674058
2938 9.683165
2939 9.693836
2940 9.706832
2941 9.703485
2942 9.697243
2943 9.693721
2944 9.680093
2945 9.693141
2946 9.696338
2947 9.692974
2948 9.692004
2949 9.695173
2950 9.674400
2951 9.674637
2952 9.687062
2953 9.704314
2954 9.700946
2955 9.697709
2956 9.707099
2957 9.700534
2958 9.714469
2959 9.703562
2960 9.712607
2961 9.712594
2962 9.728929
2963 9.725414
2964 9.719055
2965 9.721969
2966 9.709114
2967 9.698446
2968 9.711119
2969 9.720962
2970 9.717758
2971 9.720563
2972 9.736740
2973 9.749293
2974 9.746050
2975 9.745837
2976 9.742432
2977 9.734498
2978 9.731083
2979 9.741191
2980 9.740583
2981 9.741696
2982 9.737934
2983 9.748139
2984 9.744327
2985 9.743956
2986 9.751036
2987 9.751075
2988 9.757731
2989 9.764974
2990 9.768303
2991 9.758037
2992 9.754483
2993 9.741118
2994 9.740692
2995 9.740727
2996 9.753583
2997 9.760674
2998 9.772645
2999 9.779107
