Iterción Dcm
0 0.029279
1 0.046058
2 0.057248
3 0.079622
4 0.113158
5 0.146702
6 0.174656
7 0.197004
8 0.224949
9 0.252893
10 0.275240
11 0.297565
12 0.325517
13 0.347866
14 0.386936
15 0.425989
16 0.453912
17 0.492930
18 0.520849
19 0.559875
20 0.576595
21 0.593303
22 0.610014
23 0.649030
24 0.660203
25 0.688047
26 0.715909
27 0.738180
28 0.760427
29 0.805025
30 0.799453
31 0.843872
32 0.866103
33 0.893839
34 0.910583
35 0.932886
36 0.971829
37 1.010750
38 1.027479
39 1.044193
40 1.072019
41 1.127628
42 1.144331
43 1.166630
44 1.188864
45 1.216622
46 1.244360
47 1.283289
48 1.327668
49 1.333199
50 1.338782
51 1.377701
52 1.405275
53 1.444102
54 1.477505
55 1.499762
56 1.505351
57 1.510909
58 1.544184
59 1.560777
60 1.588512
61 1.627392
62 1.644012
63 1.671796
64 1.693900
65 1.727016
66 1.760259
67 1.782168
68 1.815291
69 1.820812
70 1.848631
71 1.876125
72 1.892742
73 1.909342
74 1.931559
75 1.953614
76 1.975767
77 2.003447
78 2.042095
79 2.042127
80 2.058790
81 2.075362
82 2.086341
83 2.119381
84 2.135936
85 2.163347
86 2.196561
87 2.213008
88 2.229626
89 2.235146
90 2.240731
91 2.279370
92 2.295899
93 2.317823
94 2.345203
95 2.361675
96 2.389225
97 2.422015
98 2.454826
99 2.471465
100 2.482320
101 2.482253
102 2.498947
103 2.537517
104 2.592404
105 2.614297
106 2.652964
107 2.675236
108 2.686301
109 2.697295
110 2.713774
111 2.746632
112 2.763298
113 2.807327
114 2.840406
115 2.867878
116 2.889891
117 2.928211
118 2.950002
119 2.977509
120 3.004899
121 3.032391
122 3.065361
123 3.081956
124 3.109368
125 3.120339
126 3.136821
127 3.180745
128 3.202792
129 3.213522
130 3.246195
131 3.262675
132 3.273694
133 3.328439
134 3.350677
135 3.394610
136 3.416338
137 3.416161
138 3.454619
139 3.465237
140 3.470816
141 3.487569
142 3.503929
143 3.531305
144 3.553110
145 3.586247
146 3.624313
147 3.646251
148 3.668026
149 3.701117
150 3.722915
151 3.744655
152 3.755587
153 3.793909
154 3.810366
155 3.826648
156 3.826508
157 3.848072
158 3.858738
159 3.880695
160 3.897316
161 3.924262
162 3.935258
163 3.951860
164 3.968046
165 3.962441
166 4.012056
167 4.033903
168 4.044880
169 4.044692
170 4.055600
171 4.055683
172 4.077465
173 4.088356
174 4.126642
175 4.142635
176 4.158922
177 4.191591
178 4.213476
179 4.262823
180 4.290210
181 4.301129
182 4.322921
183 4.344916
184 4.361319
185 4.372457
186 4.394186
187 4.394029
188 4.415745
189 4.426928
190 4.454179
191 4.465355
192 4.486780
193 4.508626
194 4.508717
195 4.535652
196 4.552128
197 4.573929
198 4.579032
199 4.584663
200 4.601252
201 4.628487
202 4.650427
203 4.666680
204 4.688471
205 4.699551
206 4.699610
207 4.715864
208 4.753816
209 4.759396
210 4.775532
211 4.791675
212 4.797277
213 4.797351
214 4.807964
215 4.861873
216 4.883768
217 4.910920
218 4.921707
219 4.932618
220 4.938226
221 4.959985
222 4.976406
223 4.998422
224 5.014827
225 5.036501
226 5.057546
227 5.068347
228 5.079328
229 5.100564
230 5.111132
231 5.111221
232 5.105681
233 5.111075
234 5.132615
235 5.143428
236 5.148921
237 5.164629
238 5.186658
239 5.203113
240 5.224485
241 5.224079
242 5.229248
243 5.229078
244 5.250480
245 5.266715
246 5.282399
247 5.293270
248 5.320432
249 5.342377
250 5.369588
251 5.407093
252 5.417784
253 5.428474
254 5.434091
255 5.472086
256 5.482749
257 5.499228
258 5.521174
259 5.537139
260 5.547981
261 5.553399
262 5.563808
263 5.569102
264 5.579938
265 5.612545
266 5.640128
267 5.645620
268 5.667201
269 5.683269
270 5.683322
271 5.726711
272 5.731966
273 5.780994
274 5.802715
275 5.813281
276 5.829089
277 5.850770
278 5.878422
279 5.883407
280 5.899766
281 5.915545
282 5.920892
283 5.958517
284 5.975180
285 5.996842
286 6.002257
287 6.013234
288 6.018741
289 6.034512
290 6.055739
291 6.066592
292 6.077301
293 6.082763
294 6.115075
295 6.152465
296 6.146948
297 6.180046
298 6.191218
299 6.206580
300 6.206602
301 6.222712
302 6.228000
303 6.244254
304 6.249755
305 6.271279
306 6.308947
307 6.308970
308 6.314553
309 6.330879
310 6.341724
311 6.352394
312 6.395300
313 6.400236
314 6.405826
315 6.427141
316 6.432320
317 6.431760
318 6.447761
319 6.474632
320 6.474654
321 6.490691
322 6.506974
323 6.523127
324 6.544010
325 6.571328
326 6.582139
327 6.592682
328 6.619343
329 6.619325
330 6.629095
331 6.656003
332 6.656216
333 6.683463
334 6.699440
335 6.688230
336 6.688081
337 6.693590
338 6.693376
339 6.698670
340 6.714351
341 6.719727
342 6.714177
343 6.741320
344 6.741342
345 6.735545
346 6.735375
347 6.740860
348 6.735731
349 6.741197
350 6.751785
351 6.740621
352 6.756851
353 6.762136
354 6.805441
355 6.827501
356 6.832770
357 6.843363
358 6.848609
359 6.859183
360 6.859204
361 6.881021
362 6.907994
363 6.934567
364 6.945079
365 6.955266
366 6.965565
367 6.965583
368 7.002602
369 7.024047
370 7.040112
371 7.082359
372 7.076785
373 7.082083
374 7.103576
375 7.119582
376 7.108491
377 7.107856
378 7.124027
379 7.167181
380 7.155935
381 7.150409
382 7.155183
383 7.155349
384 7.165617
385 7.159585
386 7.148651
387 7.159480
388 7.159495
389 7.175617
390 7.191309
391 7.217666
392 7.233664
393 7.238649
394 7.248850
395 7.264498
396 7.275431
397 7.269868
398 7.268807
399 7.285335
400 7.302074
401 7.297166
402 7.312986
403 7.334007
404 7.344732
405 7.344794
406 7.355349
407 7.364933
408 7.381258
409 7.386496
410 7.407271
411 7.434106
412 7.454631
413 7.481357
414 7.497476
415 7.497127
416 7.513293
417 7.539678
418 7.550356
419 7.577248
420 7.587034
421 7.624322
422 7.656714
423 7.693567
424 7.699038
425 7.710013
426 7.720726
427 7.758223
428 7.757016
429 7.767688
430 7.793928
431 7.804037
432 7.825009
433 7.850766
434 7.872625
435 7.888884
436 7.893759
437 7.919961
438 7.936063
439 7.925213
440 7.941440
441 7.957368
442 7.945916
443 7.951107
444 7.962042
445 7.972872
446 7.988806
447 7.989191
448 7.983473
449 8.020778
450 8.015306
451 8.031486
452 8.030996
453 8.030928
454 8.014213
455 8.019547
456 8.008374
457 8.035191
458 8.035250
459 8.056169
460 8.061516
461 8.066467
462 8.081180
463 8.086512
464 8.086154
465 8.091092
466 8.085492
467 8.079686
468 8.090265
469 8.117039
470 8.117110
471 8.117146
472 8.138468
473 8.143805
474 8.159760
475 8.154233
476 8.159626
477 8.169666
478 8.195369
479 8.215634
480 8.232201
481 8.248399
482 8.259236
483 8.253531
484 8.259091
485 8.274885
486 8.296620
487 8.317962
488 8.328542
489 8.354838
490 8.370204
491 8.391831
492 8.407034
493 8.428202
494 8.422225
495 8.443012
496 8.442503
497 8.426313
498 8.442306
499 8.447763
500 8.442857
501 8.459158
502 8.474830
503 8.490541
504 8.485097
505 8.485218
506 8.490659
507 8.495828
508 8.501306
509 8.501505
510 8.506091
511 8.506038
512 8.511258
513 8.526768
514 8.532073
515 8.537183
516 8.548221
517 8.553255
518 8.563358
519 8.600925
520 8.584367
521 8.594791
522 8.605395
523 8.610899
524 8.632378
525 8.648093
526 8.664298
527 8.679585
528 8.705843
529 8.695427
530 8.700940
531 8.695532
532 8.695616
533 8.711755
534 8.711265
535 8.722300
536 8.705624
537 8.710709
538 8.738359
539 8.748654
540 8.753790
541 8.769268
542 8.780398
543 8.785553
544 8.785128
545 8.790099
546 8.795643
547 8.811293
548 8.848189
549 8.863976
550 8.874866
551 8.885688
552 8.891206
553 8.896581
554 8.901240
555 8.916756
556 8.933046
557 8.938296
558 8.970662
559 8.985747
560 8.996287
561 8.985600
562 9.001427
563 9.001346
564 9.001471
565 9.017682
566 9.039045
567 9.055150
568 9.070920
569 9.087277
570 9.097614
571 9.118185
572 9.140148
573 9.155921
574 9.172460
575 9.167244
576 9.188172
577 9.177742
578 9.198689
579 9.209609
580 9.225270
581 9.241171
582 9.246262
583 9.241561
584 9.245993
585 9.267171
586 9.261377
587 9.272100
588 9.293282
589 9.308920
590 9.303100
591 9.319026
592 9.323954
593 9.328618
594 9.323610
595 9.334318
596 9.338682
597 9.354535
598 9.365165
599 9.365321
600 9.392093
601 9.397255
602 9.402488
603 9.412452
604 9.427250
605 9.433288
606 9.449487
607 9.454436
608 9.475149
609 9.496327
610 9.517915
611 9.528974
612 9.549705
613 9.570199
614 9.579710
615 9.584977
616 9.606462
617 9.611262
618 9.638173
619 9.665103
620 9.659570
621 9.659489
622 9.664934
623 9.669763
624 9.685137
625 9.679518
626 9.684607
627 9.694730
628 9.716333
629 9.721893
630 9.727138
631 9.726444
632 9.726049
633 9.747164
634 9.752182
635 9.762956
636 9.768278
637 9.784139
638 9.789503
639 9.783716
640 9.799709
641 9.810663
642 9.799032
643 9.804342
644 9.799186
645 9.799214
646 9.804640
647 9.815343
648 9.809529
649 9.825527
650 9.835709
651 9.846290
652 9.861756
653 9.860800
654 9.870266
655 9.869960
656 9.885274
657 9.901325
658 9.912060
659 9.922416
660 9.921625
661 9.911413
662 9.932301
663 9.942855
664 9.953466
665 9.957984
666 9.973985
667 9.994763
668 10.015197
669 10.009622
670 10.040856
671 10.051107
672 10.078368
673 10.095134
674 10.089551
675 10.099793
676 10.094398
677 10.126133
678 10.137052
679 10.146972
680 10.163129
681 10.199230
682 10.220531
683 10.246957
684 10.272750
685 10.277989
686 10.298424
687 10.313161
688 10.307558
689 10.301826
690 10.280317
691 10.285828
692 10.291209
693 10.311527
694 10.332712
695 10.347581
696 10.352703
697 10.367726
698 10.382409
699 10.398741
700 10.408104
701 10.392094
702 10.376421
703 10.381732
704 10.401739
705 10.407037
706 10.407048
707 10.427853
708 10.443794
709 10.443614
710 10.458572
711 10.478982
712 10.483342
713 10.477794
714 10.466996
715 10.488622
716 10.499467
717 10.504557
718 10.520136
719 10.535640
720 10.546398
721 10.556158
722 10.561031
723 10.597453
724 10.608056
725 10.623044
726 10.612014
727 10.612258
728 10.612250
729 10.606490
730 10.621127
731 10.625818
732 10.630278
733 10.631137
734 10.652419
735 10.662516
736 10.683554
737 10.694129
738 10.704166
739 10.720220
740 10.724934
741 10.735712
742 10.740702
743 10.740553
744 10.743861
745 10.748844
746 10.763827
747 10.769332
748 10.774958
749 10.789948
750 10.795174
751 10.826753
752 10.843095
753 10.853416
754 10.837134
755 10.853136
756 10.863929
757 10.869028
758 10.869381
759 10.884889
760 10.890040
761 10.911082
762 10.900648
763 10.922008
764 10.942484
765 10.957986
766 10.963542
767 10.979410
768 10.980008
769 10.979793
770 11.005999
771 11.000691
772 11.005747
773 11.010351
774 11.021338
775 11.010613
776 11.025962
777 11.062338
778 11.067159
779 11.082707
780 11.087156
781 11.097295
782 11.091938
783 11.085530
784 11.096159
785 11.095384
786 11.105794
787 11.121586
788 11.148080
789 11.158041
790 11.184232
791 11.197769
792 11.197675
793 11.218602
794 11.223625
795 11.244603
796 11.234465
797 11.234384
798 11.261029
799 11.276412
800 11.254770
801 11.270650
802 11.280095
803 11.279408
804 11.273045
805 11.283839
806 11.294208
807 11.303797
808 11.308914
809 11.309128
810 11.313400
811 11.313800
812 11.335668
813 11.329880
814 11.314063
815 11.329956
816 11.339302
817 11.344197
818 11.354868
819 11.355379
820 11.366031
821 11.391873
822 11.386198
823 11.401722
824 11.423587
825 11.418532
826 11.424024
827 11.445046
828 11.444532
829 11.455304
830 11.460285
831 11.465215
832 11.469426
833 11.500291
834 11.521477
835 11.521594
836 11.526452
837 11.536205
838 11.541657
839 11.550281
840 11.566429
841 11.565929
842 11.555703
843 11.566020
844 11.570840
845 11.581810
846 11.598266
847 11.608967
848 11.608381
849 11.608157
850 11.629005
851 11.628363
852 11.643489
853 11.642576
854 11.652965
855 11.652567
856 11.661148
857 11.671059
858 11.671137
859 11.674870
860 11.706204
861 11.722379
862 11.722040
863 11.738008
864 11.752374
865 11.755953
866 11.755013
867 11.769865
868 11.790732
869 11.795426
870 11.816139
871 11.830716
872 11.816143
873 11.846477
874 11.871932
875 11.867173
876 11.883234
877 11.883496
878 11.893548
879 11.903333
880 11.902771
881 11.917558
882 11.906470
883 11.927689
884 11.922341
885 11.943387
886 11.953345
887 11.974075
888 11.979074
889 11.994555
890 11.999736
891 12.010009
892 12.009614
893 12.018869
894 12.043198
895 12.058447
896 12.052376
897 12.062597
898 12.051570
899 12.072488
900 12.087803
901 12.092315
902 12.097771
903 12.087307
904 12.098208
905 12.098268
906 12.103434
907 12.102583
908 12.086191
909 12.095753
910 12.099638
911 12.109499
912 12.099003
913 12.114699
914 12.134996
915 12.129706
916 12.118954
917 12.129457
918 12.134953
919 12.144833
920 12.160461
921 12.181179
922 12.175682
923 12.191229
924 12.191049
925 12.215949
926 12.221012
927 12.221523
928 12.216128
929 12.215533
930 12.228520
931 12.233906
932 12.238405
933 12.263471
934 12.273764
935 12.284316
936 12.310293
937 12.332054
938 12.326483
939 12.347109
940 12.352770
941 12.358652
942 12.359259
943 12.374995
944 12.375107
945 12.353486
946 12.364072
947 12.369419
948 12.369463
949 12.401946
950 12.406556
951 12.422078
952 12.427707
953 12.433483
954 12.438155
955 12.452881
956 12.456705
957 12.461787
958 12.466565
959 12.466657
960 12.471220
961 12.497384
962 12.507693
963 12.496833
964 12.507907
965 12.528612
966 12.549949
967 12.570657
968 12.587117
969 12.587642
970 12.618518
971 12.641567
972 12.636281
973 12.641370
974 12.646148
975 12.656203
976 12.656088
977 12.671758
978 12.702738
979 12.733805
980 12.734136
981 12.737953
982 12.743094
983 12.742549
984 12.747483
985 12.763056
986 12.767908
987 12.793066
988 12.802168
989 12.796814
990 12.791332
991 12.791444
992 12.785787
993 12.791061
994 12.791135
995 12.785963
996 12.807050
997 12.822809
998 12.833802
999 12.842852
1000 12.842115
1001 12.866176
1002 12.860847
1003 12.850299
1004 12.856156
1005 12.871715
1006 12.876833
1007 12.903361
1008 12.901641
1009 12.906027
1010 12.926795
1011 12.932192
1012 12.952115
1013 12.966981
1014 12.966061
1015 12.945145
1016 12.955404
1017 12.986031
1018 13.017002
1019 13.037458
1020 13.047965
1021 13.042718
1022 13.052323
1023 13.063317
1024 13.079870
1025 13.084599
1026 13.095115
1027 13.095176
1028 13.128730
1029 13.133143
1030 13.117357
1031 13.122482
1032 13.121774
1033 13.136901
1034 13.157176
1035 13.151674
1036 13.178738
1037 13.193684
1038 13.209887
1039 13.209826
1040 13.208874
1041 13.214222
1042 13.225090
1043 13.224924
1044 13.224438
1045 13.230572
1046 13.239839
1047 13.229652
1048 13.244433
1049 13.243530
1050 13.247888
1051 13.263162
1052 13.257755
1053 13.257472
1054 13.292801
1055 13.286708
1056 13.282225
1057 13.293188
1058 13.323452
1059 13.317897
1060 13.338690
1061 13.311729
1062 13.337847
1063 13.337297
1064 13.357650
1065 13.368617
1066 13.380001
1067 13.375050
1068 13.396431
1069 13.415765
1070 13.431079
1071 13.461897
1072 13.456827
1073 13.477410
1074 13.471656
1075 13.470845
1076 13.471614
1077 13.476829
1078 13.482232
1079 13.502970
1080 13.522684
1081 13.538498
1082 13.538944
1083 13.575033
1084 13.580943
1085 13.596712
1086 13.596634
1087 13.601902
1088 13.607134
1089 13.601279
1090 13.605415
1091 13.616329
1092 13.621328
1093 13.631669
1094 13.645963
1095 13.656073
1096 13.676836
1097 13.665844
1098 13.680912
1099 13.690383
1100 13.704571
1101 13.699245
1102 13.709736
1103 13.720077
1104 13.740087
1105 13.719731
1106 13.724504
1107 13.762061
1108 13.778657
1109 13.773336
1110 13.799734
1111 13.802223
1112 13.798376
1113 13.814175
1114 13.818825
1115 13.835135
1116 13.851100
1117 13.861667
1118 13.867121
1119 13.872168
1120 13.891168
1121 13.895979
1122 13.906413
1123 13.926973
1124 13.937698
1125 13.953050
1126 13.962780
1127 13.973130
1128 13.984283
1129 13.999728
1130 14.003482
1131 14.039907
1132 14.044963
1133 14.065982
1134 14.086258
1135 14.097107
1136 14.112954
1137 14.117398
1138 14.131877
1139 14.142453
1140 14.147952
1141 14.153383
1142 14.179404
1143 14.200938
1144 14.185981
1145 14.206639
1146 14.227345
1147 14.237999
1148 14.237442
1149 14.220718
1150 14.240962
1151 14.251975
1152 14.245959
1153 14.251668
1154 14.240249
1155 14.255708
1156 14.255133
1157 14.240045
1158 14.251010
1159 14.250266
1160 14.261269
1161 14.280023
1162 14.279749
1163 14.272824
1164 14.261997
1165 14.256950
1166 14.267529
1167 14.262189
1168 14.282477
1169 14.297337
1170 14.306287
1171 14.322003
1172 14.326301
1173 14.315274
1174 14.320719
1175 14.310449
1176 14.289565
1177 14.294544
1178 14.305183
1179 14.315304
1180 14.321140
1181 14.310265
1182 14.299387
1183 14.307692
1184 14.307043
1185 14.301567
1186 14.305145
1187 14.324282
1188 14.319721
1189 14.319239
1190 14.340031
1191 14.339133
1192 14.353240
1193 14.352551
1194 14.367425
1195 14.367236
1196 14.390590
1197 14.405147
1198 14.421370
1199 14.436390
1200 14.442203
1201 14.446764
1202 14.462120
1203 14.461652
1204 14.480083
1205 14.489854
1206 14.505634
1207 14.505675
1208 14.536222
1209 14.536282
1210 14.525136
1211 14.546676
1212 14.550995
1213 14.575733
1214 14.580046
1215 14.579649
1216 14.593277
1217 14.588190
1218 14.604425
1219 14.609482
1220 14.614736
1221 14.625062
1222 14.639947
1223 14.644318
1224 14.639418
1225 14.657869
1226 14.668625
1227 14.657585
1228 14.646746
1229 14.656343
1230 14.670527
1231 14.675598
1232 14.681663
1233 14.676257
1234 14.692391
1235 14.696727
1236 14.707415
1237 14.723354
1238 14.717677
1239 14.738730
1240 14.757892
1241 14.762625
1242 14.767696
1243 14.776918
1244 14.776691
1245 14.786953
1246 14.791489
1247 14.811511
1248 14.847740
1249 14.869586
1250 14.889384
1251 14.916211
1252 14.920808
1253 14.919968
1254 14.933339
1255 14.964611
1256 14.965257
1257 14.953915
1258 14.964117
1259 14.972559
1260 14.986388
1261 14.998282
1262 15.003337
1263 15.019576
1264 15.019620
1265 15.003954
1266 15.009291
1267 15.009388
1268 15.009400
1269 15.015002
1270 15.014209
1271 15.008681
1272 15.017626
1273 15.022934
1274 15.026906
1275 15.014967
1276 15.004367
1277 15.009512
1278 15.028378
1279 15.037237
1280 15.058469
1281 15.064277
1282 15.075111
1283 15.059615
1284 15.069896
1285 15.075021
1286 15.085212
1287 15.090621
1288 15.106411
1289 15.126817
1290 15.142953
1291 15.148092
1292 15.141736
1293 15.168272
1294 15.188407
1295 15.193577
1296 15.192727
1297 15.197688
1298 15.212808
1299 15.218446
1300 15.223600
1301 15.239379
1302 15.255168
1303 15.260632
1304 15.260903
1305 15.270350
1306 15.271130
1307 15.296660
1308 15.301291
1309 15.305921
1310 15.310879
1311 15.321688
1312 15.321568
1313 15.315342
1314 15.315244
1315 15.305696
1316 15.305777
1317 15.295357
1318 15.315175
1319 15.309328
1320 15.309431
1321 15.293239
1322 15.298154
1323 15.276614
1324 15.271164
1325 15.259716
1326 15.259346
1327 15.259373
1328 15.274450
1329 15.275117
1330 15.294749
1331 15.300572
1332 15.289015
1333 15.315492
1334 15.320265
1335 15.315023
1336 15.325239
1337 15.340702
1338 15.366349
1339 15.372216
1340 15.371648
1341 15.376412
1342 15.381585
1343 15.386880
1344 15.403200
1345 15.412201
1346 15.411421
1347 15.431621
1348 15.441526
1349 15.435987
1350 15.446318
1351 15.456737
1352 15.451920
1353 15.457548
1354 15.462617
1355 15.457565
1356 15.451248
1357 15.462334
1358 15.456552
1359 15.466992
1360 15.461132
1361 15.469308
1362 15.483754
1363 15.499512
1364 15.514789
1365 15.520448
1366 15.520271
1367 15.520219
1368 15.514655
1369 15.536269
1370 15.546515
1371 15.581035
1372 15.571050
1373 15.576181
1374 15.565878
1375 15.571444
1376 15.576127
1377 15.544657
1378 15.574980
1379 15.586888
1380 15.585877
1381 15.596234
1382 15.606584
1383 15.616473
1384 15.632322
1385 15.636476
1386 15.633910
1387 15.637916
1388 15.652664
1389 15.662016
1390 15.662785
1391 15.673234
1392 15.681853
1393 15.687180
1394 15.681809
1395 15.665768
1396 15.676223
1397 15.671331
1398 15.686556
1399 15.701466
1400 15.706393
1401 15.711230
1402 15.706216
1403 15.711606
1404 15.726424
1405 15.725785
1406 15.730526
1407 15.755547
1408 15.765793
1409 15.770406
1410 15.769298
1411 15.790520
1412 15.796444
1413 15.809203
1414 15.809073
1415 15.814567
1416 15.808171
1417 15.818035
1418 15.828842
1419 15.844543
1420 15.833794
1421 15.849774
1422 15.834213
1423 15.833766
1424 15.828376
1425 15.849219
1426 15.854662
1427 15.868403
1428 15.853285
1429 15.858895
1430 15.864194
1431 15.869569
1432 15.901156
1433 15.911864
1434 15.922751
1435 15.942737
1436 15.946377
1437 15.965587
1438 15.985763
1439 15.979674
1440 15.988936
1441 15.998336
1442 15.997937
1443 16.003146
1444 16.004017
1445 15.993704
1446 16.003955
1447 15.983253
1448 15.998316
1449 16.024681
1450 16.029335
1451 16.051106
1452 16.069957
1453 16.078620
1454 16.087592
1455 16.109241
1456 16.099962
1457 16.099368
1458 16.094373
1459 16.088938
1460 16.108832
1461 16.120416
1462 16.131183
1463 16.167250
1464 16.177523
1465 16.174505
1466 16.202246
1467 16.202306
1468 16.206804
1469 16.227372
1470 16.232521
1471 16.226623
1472 16.221692
1473 16.225470
1474 16.209573
1475 16.204431
1476 16.215595
1477 16.241546
1478 16.246463
1479 16.261599
1480 16.266674
1481 16.292488
1482 16.287839
1483 16.307460
1484 16.315775
1485 16.310604
1486 16.330534
1487 16.343710
1488 16.359461
1489 16.364542
1490 16.358662
1491 16.373619
1492 16.382253
1493 16.376547
1494 16.376514
1495 16.370796
1496 16.386162
1497 16.396171
1498 16.391299
1499 16.386722
1500 16.402857
1501 16.438012
1502 16.448899
1503 16.452179
1504 16.481273
1505 16.486192
1506 16.481106
1507 16.484579
1508 16.505466
1509 16.530952
1510 16.530692
1511 16.565276
1512 16.565089
1513 16.564926
1514 16.578725
1515 16.584062
1516 16.597277
1517 16.596870
1518 16.602321
1519 16.618342
1520 16.638187
1521 16.662582
1522 16.671637
1523 16.673526
1524 16.689056
1525 16.698163
1526 16.698130
1527 16.704404
1528 16.721318
1529 16.725740
1530 16.724761
1531 16.723973
1532 16.737711
1533 16.737794
1534 16.736929
1535 16.776924
1536 16.785409
1537 16.789610
1538 16.804516
1539 16.819250
1540 16.812302
1541 16.807926
1542 16.822440
1543 16.831893
1544 16.840125
1545 16.871246
1546 16.876824
1547 16.876470
1548 16.885455
1549 16.883898
1550 16.873065
1551 16.873898
1552 16.894855
1553 16.879045
1554 16.877630
1555 16.867532
1556 16.882758
1557 16.886959
1558 16.886572
1559 16.891074
1560 16.901192
1561 16.890466
1562 16.904427
1563 16.898880
1564 16.915078
1565 16.915202
1566 16.913752
1567 16.918715
1568 16.929694
1569 16.943140
1570 16.962871
1571 16.946501
1572 16.966276
1573 16.986402
1574 17.018276
1575 17.029040
1576 17.050488
1577 17.050479
1578 17.043302
1579 17.027732
1580 17.023947
1581 17.028875
1582 17.039456
1583 17.034454
1584 17.049023
1585 17.037921
1586 17.058638
1587 17.069114
1588 17.067854
1589 17.062031
1590 17.066582
1591 17.072388
1592 17.077212
1593 17.091935
1594 17.113177
1595 17.108317
1596 17.123262
1597 17.116466
1598 17.121123
1599 17.120445
1600 17.092588
1601 17.102236
1602 17.102215
1603 17.116907
1604 17.113763
1605 17.134601
1606 17.145029
1607 17.143963
1608 17.148191
1609 17.147369
1610 17.162699
1611 17.177464
1612 17.183003
1613 17.176550
1614 17.186855
1615 17.191621
1616 17.185621
1617 17.193154
1618 17.203006
1619 17.197422
1620 17.212816
1621 17.213029
1622 17.197509
1623 17.229874
1624 17.240204
1625 17.244008
1626 17.243049
1627 17.237389
1628 17.242426
1629 17.242970
1630 17.242644
1631 17.237051
1632 17.247679
1633 17.247233
1634 17.248544
1635 17.248244
1636 17.247106
1637 17.231479
1638 17.237374
1639 17.247435
1640 17.236399
1641 17.240851
1642 17.246202
1643 17.250609
1644 17.253817
1645 17.238621
1646 17.248451
1647 17.249847
1648 17.239915
1649 17.260360
1650 17.264204
1651 17.274018
1652 17.280035
1653 17.284383
1654 17.278462
1655 17.282209
1656 17.282197
1657 17.297570
1658 17.302661
1659 17.281391
1660 17.309807
1661 17.307316
1662 17.307974
1663 17.317103
1664 17.321787
1665 17.321343
1666 17.326041
1667 17.337226
1668 17.352666
1669 17.363442
1670 17.368408
1671 17.367986
1672 17.367446
1673 17.356331
1674 17.359809
1675 17.359003
1676 17.354363
1677 17.327714
1678 17.327225
1679 17.332622
1680 17.338370
1681 17.337690
1682 17.347724
1683 17.363562
1684 17.368772
1685 17.379173
1686 17.404947
1687 17.415740
1688 17.431386
1689 17.445181
1690 17.458986
1691 17.452941
1692 17.451606
1693 17.455617
1694 17.464943
1695 17.475011
1696 17.469636
1697 17.479656
1698 17.495786
1699 17.510786
1700 17.532246
1701 17.522217
1702 17.522460
1703 17.566431
1704 17.593060
1705 17.597717
1706 17.603313
1707 17.601852
1708 17.600439
1709 17.600418
1710 17.589629
1711 17.604583
1712 17.612841
1713 17.622529
1714 17.622566
1715 17.617449
1716 17.623725
1717 17.618952
1718 17.608682
1719 17.622492
1720 17.632104
1721 17.637098
1722 17.631982
1723 17.652368
1724 17.660116
1725 17.679721
1726 17.700013
1727 17.705245
1728 17.699985
1729 17.720875
1730 17.714781
1731 17.719268
1732 17.737992
1733 17.732727
1734 17.742578
1735 17.736722
1736 17.752287
1737 17.761658
1738 17.765006
1739 17.776135
1740 17.778589
1741 17.778550
1742 17.788867
1743 17.806511
1744 17.818544
1745 17.807408
1746 17.816153
1747 17.819844
1748 17.808571
1749 17.818558
1750 17.843981
1751 17.847726
1752 17.848273
1753 17.863155
1754 17.862957
1755 17.872932
1756 17.868163
1757 17.862462
1758 17.860457
1759 17.860372
1760 17.847771
1761 17.862036
1762 17.856733
1763 17.868926
1764 17.868990
1765 17.903387
1766 17.909030
1767 17.915482
1768 17.936095
1769 17.942317
1770 17.947355
1771 17.952299
1772 17.963070
1773 17.962595
1774 17.973584
1775 17.974429
1776 17.985333
1777 18.005249
1778 18.010210
1779 18.013857
1780 18.008271
1781 18.023651
1782 18.024466
1783 18.029210
1784 18.023463
1785 18.018388
1786 18.036498
1787 18.035167
1788 18.048520
1789 18.057236
1790 18.077682
1791 18.083196
1792 18.109046
1793 18.123027
1794 18.136562
1795 18.140944
1796 18.161623
1797 18.145851
1798 18.150119
1799 18.139300
1800 18.165041
1801 18.164335
1802 18.149880
1803 18.138263
1804 18.161649
1805 18.151255
1806 18.166722
1807 18.166026
1808 18.187040
1809 18.197108
1810 18.208068
1811 18.193035
1812 18.207251
1813 18.212094
1814 18.212398
1815 18.232238
1816 18.247271
1817 18.249119
1818 18.247962
1819 18.243128
1820 18.232372
1821 18.238178
1822 18.237836
1823 18.236931
1824 18.242671
1825 18.241850
1826 18.257609
1827 18.232406
1828 18.242221
1829 18.236932
1830 18.247229
1831 18.253461
1832 18.253163
1833 18.262926
1834 18.263136
1835 18.277005
1836 18.259753
1837 18.277575
1838 18.267158
1839 18.282641
1840 18.280309
1841 18.289044
1842 18.315533
1843 18.310367
1844 18.319710
1845 18.329537
1846 18.345845
1847 18.351236
1848 18.344506
1849 18.355078
1850 18.360912
1851 18.382135
1852 18.407781
1853 18.396176
1854 18.405556
1855 18.400472
1856 18.410395
1857 18.410447
1858 18.424830
1859 18.424727
1860 18.436930
1861 18.445883
1862 18.454712
1863 18.469516
1864 18.483574
1865 18.480744
1866 18.515539
1867 18.509696
1868 18.524527
1869 18.524316
1870 18.528589
1871 18.528515
1872 18.534024
1873 18.529204
1874 18.548337
1875 18.595660
1876 18.605487
1877 18.599227
1878 18.609570
1879 18.624008
1880 18.624628
1881 18.640232
1882 18.650803
1883 18.655744
1884 18.665770
1885 18.665825
1886 18.694693
1887 18.694469
1888 18.709345
1889 18.714780
1890 18.745722
1891 18.762215
1892 18.771167
1893 18.766358
1894 18.751804
1895 18.769258
1896 18.774762
1897 18.757555
1898 18.773446
1899 18.792520
1900 18.801275
1901 18.795477
1902 18.811322
1903 18.810931
1904 18.816732
1905 18.826889
1906 18.826591
1907 18.839047
1908 18.858740
1909 18.864056
1910 18.893589
1911 18.903438
1912 18.907864
1913 18.913013
1914 18.922906
1915 18.928884
1916 18.923634
1917 18.912587
1918 18.922922
1919 18.953456
1920 18.948183
1921 18.938847
1922 18.931843
1923 18.945481
1924 18.967808
1925 18.961577
1926 18.966815
1927 18.981979
1928 18.975260
1929 18.968640
1930 18.989233
1931 18.983860
1932 18.987867
1933 19.009260
1934 19.019815
1935 19.004278
1936 19.003148
1937 19.017801
1938 19.017157
1939 19.037926
1940 19.037917
1941 19.047060
1942 19.047012
1943 19.062188
1944 19.076680
1945 19.082241
1946 19.092275
1947 19.121452
1948 19.126735
1949 19.135872
1950 19.151163
1951 19.155199
1952 19.168674
1953 19.168801
1954 19.176576
1955 19.160393
1956 19.174191
1957 19.172449
1958 19.177128
1959 19.186739
1960 19.180554
1961 19.185641
1962 19.194970
1963 19.189315
1964 19.188063
1965 19.177545
1966 19.172948
1967 19.172988
1968 19.181781
1969 19.205825
1970 19.215471
1971 19.209760
1972 19.258609
1973 19.269221
1974 19.278437
1975 19.279844
1976 19.283087
1977 19.272859
1978 19.282598
1979 19.296245
1980 19.311084
1981 19.310611
1982 19.316131
1983 19.325923
1984 19.338465
1985 19.353044
1986 19.367636
1987 19.367807
1988 19.372501
1989 19.384327
1990 19.399005
1991 19.394142
1992 19.403698
1993 19.412873
1994 19.412747
1995 19.418325
1996 19.413896
1997 19.439231
1998 19.459970
1999 19.462353
2000 19.484192
2001 19.492412
2002 19.488228
2003 19.504312
2004 19.529873
2005 19.545172
2006 19.550414
2007 19.550563
2008 19.549869
2009 19.533498
2010 19.547758
2011 19.566751
2012 19.580453
2013 19.585962
2014 19.590088
2015 19.596016
2016 19.595047
2017 19.584715
2018 19.613651
2019 19.634592
2020 19.634976
2021 19.647235
2022 19.647986
2023 19.652593
2024 19.662210
2025 19.682527
2026 19.675146
2027 19.660045
2028 19.671330
2029 19.677320
2030 19.661427
2031 19.661551
2032 19.655648
2033 19.656627
2034 19.654279
2035 19.647714
2036 19.636975
2037 19.641050
2038 19.645632
2039 19.649102
2040 19.654644
2041 19.664458
2042 19.664484
2043 19.663252
2044 19.677353
2045 19.686865
2046 19.680981
2047 19.674379
2048 19.668782
2049 19.667136
2050 19.666749
2051 19.669267
2052 19.674169
2053 19.682992
2054 19.687184
2055 19.693167
2056 19.722693
2057 19.737144
2058 19.742083
2059 19.737058
2060 19.755304
2061 19.780635
2062 19.785985
2063 19.786681
2064 19.797171
2065 19.791382
2066 19.796573
2067 19.805283
2068 19.783669
2069 19.793546
2070 19.788121
2071 19.798865
2072 19.810235
2073 19.830579
2074 19.835905
2075 19.831038
2076 19.848776
2077 19.848082
2078 19.843010
2079 19.880224
2080 19.883060
2081 19.881588
2082 19.875185
2083 19.875485
2084 19.875092
2085 19.888765
2086 19.888653
2087 19.893654
2088 19.906350
2089 19.895382
2090 19.899190
2091 19.914114
2092 19.931826
2093 19.937264
2094 19.954815
2095 19.954074
2096 19.963636
2097 19.969049
2098 19.990051
2099 19.980501
2100 19.985440
2101 19.994717
2102 19.999544
2103 20.005327
2104 19.990070
2105 19.991699
2106 19.996285
2107 20.007056
2108 20.007115
2109 20.002571
2110 20.018578
2111 20.025571
2112 20.024037
2113 20.022573
2114 20.043217
2115 20.039471
2116 20.060831
2117 20.064549
2118 20.057214
2119 20.082200
2120 20.086979
2121 20.110360
2122 20.100729
2123 20.106232
2124 20.109916
2125 20.105098
2126 20.114218
2127 20.113492
2128 20.113619
2129 20.123171
2130 20.118080
2131 20.108885
2132 20.099688
2133 20.085587
2134 20.090008
2135 20.084881
2136 20.084393
2137 20.088191
2138 20.108931
2139 20.113562
2140 20.122720
2141 20.135229
2142 20.145741
2143 20.159230
2144 20.170871
2145 20.169786
2146 20.172599
2147 20.165002
2148 20.185787
2149 20.205794
2150 20.184211
2151 20.190063
2152 20.200866
2153 20.185233
2154 20.168670
2155 20.169280
2156 20.161451
2157 20.146048
2158 20.144792
2159 20.155557
2160 20.140291
2161 20.124745
2162 20.138594
2163 20.143040
2164 20.142067
2165 20.142034
2166 20.157255
2167 20.163730
2168 20.171970
2169 20.176776
2170 20.181130
2171 20.191071
2172 20.207454
2173 20.207502
2174 20.221512
2175 20.232937
2176 20.227514
2177 20.232018
2178 20.236361
2179 20.216291
2180 20.237379
2181 20.237966
2182 20.239931
2183 20.249277
2184 20.249375
2185 20.263691
2186 20.283316
2187 20.278340
2188 20.297595
2189 20.302993
2190 20.307324
2191 20.305738
2192 20.311083
2193 20.321405
2194 20.325125
2195 20.315084
2196 20.334530
2197 20.334565
2198 20.338665
2199 20.327298
2200 20.333432
2201 20.338204
2202 20.347700
2203 20.367835
2204 20.357321
2205 20.345498
2206 20.335403
2207 20.334170
2208 20.344893
2209 20.328587
2210 20.317619
2211 20.335641
2212 20.334883
2213 20.329625
2214 20.334193
2215 20.334228
2216 20.343896
2217 20.350942
2218 20.376208
2219 20.391901
2220 20.407182
2221 20.412025
2222 20.422528
2223 20.428093
2224 20.428499
2225 20.419180
2226 20.424525
2227 20.444631
2228 20.439092
2229 20.447602
2230 20.453178
2231 20.447124
2232 20.456528
2233 20.471646
2234 20.459018
2235 20.463969
2236 20.468596
2237 20.472939
2238 20.482173
2239 20.475850
2240 20.470242
2241 20.484021
2242 20.493151
2243 20.498162
2244 20.499727
2245 20.495042
2246 20.515299
2247 20.535015
2248 20.525828
2249 20.536493
2250 20.550211
2251 20.554316
2252 20.560098
2253 20.542988
2254 20.566171
2255 20.581242
2256 20.600711
2257 20.601273
2258 20.600850
2259 20.594036
2260 20.589707
2261 20.594652
2262 20.584082
2263 20.582502
2264 20.603252
2265 20.618622
2266 20.618519
2267 20.622425
2268 20.632308
2269 20.635901
2270 20.635944
2271 20.652836
2272 20.663453
2273 20.659666
2274 20.657589
2275 20.646621
2276 20.630913
2277 20.625087
2278 20.650044
2279 20.644602
2280 20.645752
2281 20.639488
2282 20.625332
2283 20.619028
2284 20.617395
2285 20.625661
2286 20.620567
2287 20.639257
2288 20.659985
2289 20.670287
2290 20.664356
2291 20.669625
2292 20.682888
2293 20.674462
2294 20.669402
2295 20.657965
2296 20.664300
2297 20.678818
2298 20.678333
2299 20.683583
2300 20.679401
2301 20.685195
2302 20.716153
2303 20.731331
2304 20.741170
2305 20.730194
2306 20.734309
2307 20.733631
2308 20.757903
2309 20.772831
2310 20.776517
2311 20.770321
2312 20.780672
2313 20.780653
2314 20.769848
2315 20.769162
2316 20.778907
2317 20.778988
2318 20.779155
2319 20.790173
2320 20.777096
2321 20.784369
2322 20.773431
2323 20.790914
2324 20.801763
2325 20.806475
2326 20.838962
2327 20.846078
2328 20.865434
2329 20.869954
2330 20.874854
2331 20.874463
2332 20.865071
2333 20.880463
2334 20.885846
2335 20.880536
2336 20.891534
2337 20.881374
2338 20.881387
2339 20.861264
2340 20.860659
2341 20.865001
2342 20.850388
2343 20.846097
2344 20.850742
2345 20.866467
2346 20.866137
2347 20.875230
2348 20.894281
2349 20.916744
2350 20.915152
2351 20.924830
2352 20.928155
2353 20.939497
2354 20.949530
2355 20.950639
2356 20.955952
2357 20.961792
2358 20.956122
2359 20.961448
2360 20.960471
2361 20.965009
2362 20.965042
2363 20.964641
2364 20.969072
2365 20.963844
2366 20.974242
2367 20.963253
2368 20.960500
2369 20.967001
2370 20.988368
2371 20.992215
2372 21.007359
2373 21.008039
2374 21.006893
2375 21.001428
2376 21.001202
2377 21.012033
2378 21.022328
2379 21.045053
2380 21.040006
2381 21.043812
2382 21.059522
2383 21.065919
2384 21.071079
2385 21.059659
2386 21.070906
2387 21.081174
2388 21.081667
2389 21.100345
2390 21.089750
2391 21.095268
2392 21.085672
2393 21.089498
2394 21.084128
2395 21.087788
2396 21.093291
2397 21.093348
2398 21.111985
2399 21.126933
2400 21.140526
2401 21.148839
2402 21.153442
2403 21.162028
2404 21.162020
2405 21.144360
2406 21.144090
2407 21.160308
2408 21.170878
2409 21.190243
2410 21.194528
2411 21.198495
2412 21.208723
2413 21.208415
2414 21.203522
2415 21.223959
2416 21.223616
2417 21.213758
2418 21.214451
2419 21.239355
2420 21.270261
2421 21.285049
2422 21.284614
2423 21.287304
2424 21.297918
2425 21.292578
2426 21.308648
2427 21.314159
2428 21.332994
2429 21.343532
2430 21.348865
2431 21.338058
2432 21.354379
2433 21.368503
2434 21.363349
2435 21.378290
2436 21.377917
2437 21.377750
2438 21.382963
2439 21.383489
2440 21.397604
2441 21.403639
2442 21.387505
2443 21.392886
2444 21.399513
2445 21.413117
2446 21.424107
2447 21.414966
2448 21.425918
2449 21.449312
2450 21.454947
2451 21.449265
2452 21.450712
2453 21.465006
2454 21.454231
2455 21.454674
2456 21.466543
2457 21.485504
2458 21.486489
2459 21.496439
2460 21.505969
2461 21.512247
2462 21.508063
2463 21.522037
2464 21.527419
2465 21.535315
2466 21.559812
2467 21.569939
2468 21.584725
2469 21.613036
2470 21.616398
2471 21.602838
2472 21.602536
2473 21.607007
2474 21.611823
2475 21.620477
2476 21.620041
2477 21.619693
2478 21.629423
2479 21.623433
2480 21.628667
2481 21.632518
2482 21.630794
2483 21.636301
2484 21.644273
2485 21.659935
2486 21.673900
2487 21.686297
2488 21.692348
2489 21.692399
2490 21.696263
2491 21.718336
2492 21.722927
2493 21.732470
2494 21.737753
2495 21.734597
2496 21.756003
2497 21.779783
2498 21.780209
2499 21.802514
2500 21.786697
2501 21.786581
2502 21.786706
2503 21.787207
2504 21.803830
2505 21.802442
2506 21.810490
2507 21.815692
2508 21.820252
2509 21.814225
2510 21.844868
2511 21.860335
2512 21.885173
2513 21.895131
2514 21.894210
2515 21.888332
2516 21.893723
2517 21.888334
2518 21.899979
2519 21.899985
2520 21.900400
2521 21.902964
2522 21.914051
2523 21.924135
2524 21.928509
2525 21.950207
2526 21.970704
2527 21.967466
2528 21.979955
2529 21.989434
2530 22.005262
2531 22.005597
2532 22.004603
2533 22.019705
2534 22.014356
2535 22.019613
2536 22.030047
2537 22.038091
2538 22.033030
2539 22.047399
2540 22.067589
2541 22.067106
2542 22.092722
2543 22.086838
2544 22.092416
2545 22.097667
2546 22.107850
2547 22.113082
2548 22.117712
2549 22.127905
2550 22.147316
2551 22.157248
2552 22.160615
2553 22.167555
2554 22.191224
2555 22.182058
2556 22.182225
2557 22.186481
2558 22.193684
2559 22.211324
2560 22.216758
2561 22.213439
2562 22.247488
2563 22.252371
2564 22.246834
2565 22.246305
2566 22.241178
2567 22.236952
2568 22.227712
2569 22.231906
2570 22.221285
2571 22.236843
2572 22.237816
2573 22.242726
2574 22.241800
2575 22.233029
2576 22.251599
2577 22.251465
2578 22.250796
2579 22.261679
2580 22.267578
2581 22.288975
2582 22.293989
2583 22.303951
2584 22.302474
2585 22.291278
2586 22.326287
2587 22.331191
2588 22.344254
2589 22.338607
2590 22.349683
2591 22.349829
2592 22.355238
2593 22.356697
2594 22.387022
2595 22.386886
2596 22.381862
2597 22.379516
2598 22.399508
2599 22.383910
2600 22.395164
2601 22.399912
2602 22.420275
2603 22.407047
2604 22.395703
2605 22.401041
2606 22.409107
2607 22.422007
2608 22.427499
2609 22.427338
2610 22.416990
2611 22.412526
2612 22.412296
2613 22.406390
2614 22.425764
2615 22.439272
2616 22.432446
2617 22.457658
2618 22.447772
2619 22.449603
2620 22.474035
2621 22.477347
2622 22.471144
2623 22.476428
2624 22.490984
2625 22.496312
2626 22.515727
2627 22.512109
2628 22.521159
2629 22.525229
2630 22.534923
2631 22.540047
2632 22.540319
2633 22.560345
2634 22.564144
2635 22.574166
2636 22.574383
2637 22.574002
2638 22.574020
2639 22.586698
2640 22.601826
2641 22.606308
2642 22.610441
2643 22.615732
2644 22.626401
2645 22.624659
2646 22.622383
2647 22.636195
2648 22.628340
2649 22.623459
2650 22.637485
2651 22.636890
2652 22.638987
2653 22.634318
2654 22.639183
2655 22.638327
2656 22.648946
2657 22.648987
2658 22.649980
2659 22.647168
2660 22.662822
2661 22.677330
2662 22.677331
2663 22.672180
2664 22.670303
2665 22.694536
2666 22.689829
2667 22.695070
2668 22.693473
2669 22.698250
2670 22.716687
2671 22.729649
2672 22.724283
2673 22.718429
2674 22.731965
2675 22.732062
2676 22.732471
2677 22.741719
2678 22.773094
2679 22.778413
2680 22.777037
2681 22.780413
2682 22.803229
2683 22.801731
2684 22.816992
2685 22.822679
2686 22.835886
2687 22.832175
2688 22.829243
2689 22.839450
2690 22.852019
2691 22.849765
2692 22.859443
2693 22.859500
2694 22.874825
2695 22.878531
2696 22.870294
2697 22.865698
2698 22.856277
2699 22.853729
2700 22.855104
2701 22.854687
2702 22.856507
2703 22.861491
2704 22.876758
2705 22.871225
2706 22.870973
2707 22.871853
2708 22.872255
2709 22.872325
2710 22.868058
2711 22.887527
2712 22.892944
2713 22.903445
2714 22.903905
2715 22.903972
2716 22.895445
2717 22.891963
2718 22.886944
2719 22.886609
2720 22.897392
2721 22.887428
2722 22.895885
2723 22.894615
2724 22.876096
2725 22.860874
2726 22.860333
2727 22.879810
2728 22.879878
2729 22.894647
2730 22.888445
2731 22.896536
2732 22.896246
2733 22.905673
2734 22.909048
2735 22.919206
2736 22.932673
2737 22.943463
2738 22.947114
2739 22.941799
2740 22.936393
2741 22.917245
2742 22.926558
2743 22.940335
2744 22.945168
2745 22.929967
2746 22.933755
2747 22.928523
2748 22.922133
2749 22.941631
2750 22.940847
2751 22.936003
2752 22.930945
2753 22.936536
2754 22.949832
2755 22.963202
2756 22.975241
2757 22.989477
2758 22.992996
2759 22.996898
2760 22.992625
2761 22.997979
2762 22.999150
2763 22.999043
2764 22.998640
2765 22.979258
2766 22.975489
2767 22.996125
2768 23.017007
2769 23.017412
2770 23.022791
2771 23.037061
2772 23.037036
2773 23.045374
2774 23.041294
2775 23.056984
2776 23.067385
2777 23.066367
2778 23.076820
2779 23.091168
2780 23.090313
2781 23.099505
2782 23.100671
2783 23.109865
2784 23.094328
2785 23.094526
2786 23.104087
2787 23.130644
2788 23.116656
2789 23.110256
2790 23.125215
2791 23.115087
2792 23.104513
2793 23.113958
2794 23.099499
2795 23.107295
2796 23.112757
2797 23.122839
2798 23.144151
2799 23.162088
2800 23.168690
2801 23.168825
2802 23.179776
2803 23.204187
2804 23.199144
2805 23.186599
2806 23.204495
2807 23.238320
2808 23.254324
2809 23.253117
2810 23.274999
2811 23.268827
2812 23.277198
2813 23.282658
2814 23.279106
2815 23.281431
2816 23.291373
2817 23.279270
2818 23.279364
2819 23.279160
2820 23.279538
2821 23.299814
2822 23.308702
2823 23.310020
2824 23.294124
2825 23.293630
2826 23.294764
2827 23.309158
2828 23.304042
2829 23.314043
2830 23.323029
2831 23.318396
2832 23.325223
2833 23.330703
2834 23.329899
2835 23.347459
2836 23.357732
2837 23.359859
2838 23.381379
2839 23.381706
2840 23.379927
2841 23.384865
2842 23.374634
2843 23.385525
2844 23.390033
2845 23.387950
2846 23.405989
2847 23.416136
2848 23.411327
2849 23.411215
2850 23.402739
2851 23.423914
2852 23.434236
2853 23.444735
2854 23.459856
2855 23.464254
2856 23.484635
2857 23.479623
2858 23.489169
2859 23.480413
2860 23.475135
2861 23.470023
2862 23.474424
2863 23.472241
2864 23.476077
2865 23.480622
2866 23.476134
2867 23.477802
2868 23.485174
2869 23.484033
2870 23.497738
2871 23.501058
2872 23.510527
2873 23.510465
2874 23.521026
2875 23.521750
2876 23.546819
2877 23.535389
2878 23.569696
2879 23.563055
2880 23.563118
2881 23.568461
2882 23.594232
2883 23.604583
2884 23.589969
2885 23.600299
2886 23.609187
2887 23.626941
2888 23.617469
2889 23.608811
2890 23.608873
2891 23.610028
2892 23.599273
2893 23.612258
2894 23.602797
2895 23.613667
2896 23.603166
2897 23.605187
2898 23.619712
2899 23.626434
2900 23.630741
2901 23.629945
2902 23.644374
2903 23.648260
2904 23.657978
2905 23.662176
2906 23.663201
2907 23.641996
2908 23.658280
2909 23.661197
2910 23.666868
2911 23.670890
2912 23.674008
2913 23.674935
2914 23.685371
2915 23.703176
2916 23.707967
2917 23.697303
2918 23.732706
2919 23.742978
2920 23.740644
2921 23.734749
2922 23.739597
2923 23.743787
2924 23.715768
2925 23.711526
2926 23.731700
2927 23.740851
2928 23.756721
2929 23.761546
2930 23.745744
2931 23.740583
2932 23.755361
2933 23.763603
2934 23.752826
2935 23.738747
2936 23.741069
2937 23.764416
2938 23.752414
2939 23.764457
2940 23.749467
2941 23.739178
2942 23.746956
2943 23.748519
2944 23.747654
2945 23.751555
2946 23.760657
2947 23.776212
2948 23.780913
2949 23.787117
2950 23.792607
2951 23.802852
2952 23.797168
2953 23.785911
2954 23.789711
2955 23.797502
2956 23.805056
2957 23.824515
2958 23.843536
2959 23.856581
2960 23.844422
2961 23.844482
2962 23.855332
2963 23.863123
2964 23.875753
2965 23.880955
2966 23.872166
2967 23.883686
2968 23.888753
2969 23.908402
2970 23.917882
2971 23.917546
2972 23.911674
2973 23.912364
2974 23.920869
2975 23.940257
2976 23.944513
2977 23.933507
2978 23.934560
2979 23.951685
2980 23.961750
2981 23.959786
2982 23.962031
2983 23.960391
2984 23.972018
2985 23.976526
2986 23.987920
2987 23.978059
2988 24.003391
2989 24.013626
2990 24.006847
2991 24.001141
2992 24.008093
2993 24.020274
2994 24.020902
2995 24.021470
2996 24.037081
2997 24.051052
2998 24.065010
2999 24.085712
