Iterción Dcm
0 0.042244
1 0.082614
2 0.118934
3 0.143137
4 0.167330
5 0.187495
6 0.207651
7 0.235874
8 0.252011
9 0.264109
10 0.296320
11 0.328538
12 0.360722
13 0.380892
14 0.409059
15 0.449267
16 0.481438
17 0.505566
18 0.541779
19 0.569909
20 0.586000
21 0.622215
22 0.658355
23 0.674441
24 0.710588
25 0.730694
26 0.742765
27 0.758863
28 0.770921
29 0.815057
30 0.839183
31 0.875325
32 0.899384
33 0.919451
34 0.947468
35 0.979604
36 1.011648
37 1.023663
38 1.047704
39 1.067689
40 1.099678
41 1.127675
42 1.151736
43 1.163742
44 1.191801
45 1.223640
46 1.259498
47 1.299476
48 1.327323
49 1.363202
50 1.367234
51 1.414938
52 1.418950
53 1.430978
54 1.466945
55 1.486895
56 1.506807
57 1.518821
58 1.554536
59 1.574539
60 1.578534
61 1.602327
62 1.650015
63 1.677856
64 1.701910
65 1.721524
66 1.745344
67 1.749315
68 1.789347
69 1.833223
70 1.860892
71 1.884744
72 1.916334
73 1.944085
74 1.967877
75 1.999583
76 2.047338
77 2.067018
78 2.086733
79 2.102430
80 2.146000
81 2.169750
82 2.185501
83 2.209299
84 2.225198
85 2.252991
86 2.268722
87 2.300447
88 2.316434
89 2.324238
90 2.340066
91 2.367707
92 2.399196
93 2.426790
94 2.438770
95 2.478538
96 2.506133
97 2.522004
98 2.545953
99 2.538143
100 2.546180
101 2.581739
102 2.621277
103 2.652715
104 2.664554
105 2.684475
106 2.696295
107 2.703966
108 2.711981
109 2.727645
110 2.743465
111 2.770961
112 2.798629
113 2.830126
114 2.849829
115 2.873572
116 2.889528
117 2.901497
118 2.940967
119 2.944596
120 2.972295
121 3.000005
122 3.015708
123 3.023523
124 3.039132
125 3.058458
126 3.062280
127 3.078154
128 3.093690
129 3.117349
130 3.132616
131 3.171623
132 3.199431
133 3.203410
134 3.218998
135 3.210811
136 3.238209
137 3.261817
138 3.293147
139 3.300908
140 3.316663
141 3.332553
142 3.363944
143 3.386834
144 3.406712
145 3.430203
146 3.461648
147 3.457692
148 3.477273
149 3.504909
150 3.528459
151 3.555662
152 3.567135
153 3.602655
154 3.610355
155 3.625689
156 3.649258
157 3.676257
158 3.696107
159 3.711722
160 3.719687
161 3.750874
162 3.762520
163 3.785725
164 3.813218
165 3.816588
166 3.839868
167 3.855672
168 3.891058
169 3.902432
170 3.925755
171 3.953349
172 3.957211
173 3.968849
174 3.983715
175 3.987411
176 3.983127
177 4.017986
178 4.037400
179 4.056756
180 4.068284
181 4.083954
182 4.091504
183 4.119398
184 4.154519
185 4.177779
186 4.201258
187 4.193271
188 4.215917
189 4.242837
190 4.254405
191 4.269932
192 4.293250
193 4.297349
194 4.297027
195 4.309053
196 4.316995
197 4.355585
198 4.359243
199 4.374771
200 4.382265
201 4.386123
202 4.397965
203 4.417441
204 4.436879
205 4.448443
206 4.475425
207 4.479329
208 4.495195
209 4.510643
210 4.506322
211 4.509642
212 4.536771
213 4.560215
214 4.583599
215 4.595424
216 4.610949
217 4.634628
218 4.650085
219 4.653930
220 4.657968
221 4.677570
222 4.700672
223 4.724477
224 4.747648
225 4.747567
226 4.751322
227 4.789914
228 4.793645
229 4.813452
230 4.821131
231 4.844213
232 4.855647
233 4.855200
234 4.870040
235 4.881607
236 4.877450
237 4.908595
238 4.920189
239 4.924054
240 4.935155
241 4.923543
242 4.931420
243 4.946882
244 4.950689
245 4.950478
246 4.958191
247 4.973302
248 4.996597
249 5.012167
250 5.035675
251 5.074681
252 5.074348
253 5.078065
254 5.073604
255 5.097124
256 5.104820
257 5.096374
258 5.127288
259 5.154924
260 5.151011
261 5.154465
262 5.166385
263 5.162543
264 5.173857
265 5.177330
266 5.189276
267 5.204928
268 5.220213
269 5.219611
270 5.227393
271 5.238846
272 5.234739
273 5.226614
274 5.238368
275 5.249782
276 5.261632
277 5.277500
278 5.300889
279 5.304126
280 5.315734
281 5.319470
282 5.327153
283 5.349767
284 5.364935
285 5.398950
286 5.410454
287 5.434018
288 5.441249
289 5.464148
290 5.463580
291 5.474878
292 5.497631
293 5.513187
294 5.512771
295 5.528162
296 5.535885
297 5.566737
298 5.581953
299 5.577785
300 5.585384
301 5.593468
302 5.601104
303 5.612714
304 5.643068
305 5.646790
306 5.654755
307 5.666345
308 5.670291
309 5.689075
310 5.707793
311 5.727357
312 5.758379
313 5.766580
314 5.778189
315 5.808940
316 5.816545
317 5.824345
318 5.838915
319 5.846483
320 5.853800
321 5.865260
322 5.872903
323 5.872721
324 5.880779
325 5.899925
326 5.911716
327 5.938915
328 5.943122
329 5.954274
330 5.958224
331 5.977650
332 5.981116
333 5.985045
334 5.988707
335 5.992853
336 6.000840
337 6.008610
338 6.024077
339 6.027507
340 6.039140
341 6.034710
342 6.046769
343 6.038871
344 6.074362
345 6.074185
346 6.070768
347 6.082478
348 6.086426
349 6.071717
350 6.079412
351 6.090741
352 6.101665
353 6.085273
354 6.092341
355 6.103717
356 6.115204
357 6.122842
358 6.138153
359 6.150044
360 6.153862
361 6.161613
362 6.181064
363 6.188539
364 6.204146
365 6.199940
366 6.219232
367 6.234580
368 6.265554
369 6.284694
370 6.284492
371 6.311551
372 6.307640
373 6.311516
374 6.334555
375 6.315161
376 6.338171
377 6.345852
378 6.349747
379 6.353464
380 6.364179
381 6.352259
382 6.363425
383 6.371212
384 6.374942
385 6.394325
386 6.394262
387 6.398521
388 6.405742
389 6.401935
390 6.401570
391 6.397391
392 6.424359
393 6.450794
394 6.458684
395 6.470521
396 6.478070
397 6.473954
398 6.499845
399 6.511220
400 6.522810
401 6.537955
402 6.525573
403 6.537261
404 6.572561
405 6.587455
406 6.575733
407 6.586677
408 6.601760
409 6.600675
410 6.615325
411 6.634605
412 6.630317
413 6.649482
414 6.660951
415 6.660882
416 6.679802
417 6.718919
418 6.714217
419 6.721851
420 6.741225
421 6.759800
422 6.771550
423 6.767120
424 6.774701
425 6.785900
426 6.785652
427 6.819755
428 6.842164
429 6.845755
430 6.853380
431 6.869458
432 6.876885
433 6.892726
434 6.888384
435 6.896053
436 6.904226
437 6.903916
438 6.919080
439 6.902918
440 6.910115
441 6.913844
442 6.929182
443 6.948580
444 6.963547
445 6.978850
446 6.990324
447 6.990072
448 7.009401
449 7.016967
450 7.036372
451 7.044114
452 7.047694
453 7.059470
454 7.052100
455 7.071577
456 7.086793
457 7.090612
458 7.105329
459 7.108781
460 7.112312
461 7.120153
462 7.135577
463 7.138637
464 7.126773
465 7.130520
466 7.145338
467 7.141429
468 7.163524
469 7.186536
470 7.182090
471 7.200618
472 7.208752
473 7.212383
474 7.212270
475 7.208016
476 7.219111
477 7.215280
478 7.226801
479 7.234548
480 7.234522
481 7.241929
482 7.257269
483 7.272699
484 7.287820
485 7.290532
486 7.286493
487 7.282479
488 7.286019
489 7.301427
490 7.309145
491 7.324496
492 7.350516
493 7.350048
494 7.345958
495 7.346134
496 7.349833
497 7.353569
498 7.349264
499 7.368259
500 7.395150
501 7.410410
502 7.421454
503 7.444747
504 7.467194
505 7.482893
506 7.490632
507 7.501953
508 7.524543
509 7.519998
510 7.534900
511 7.538446
512 7.538901
513 7.538127
514 7.553393
515 7.548742
516 7.548152
517 7.540063
518 7.558545
519 7.584645
520 7.595501
521 7.579759
522 7.583949
523 7.595032
524 7.594318
525 7.601072
526 7.608545
527 7.619910
528 7.623658
529 7.627685
530 7.643256
531 7.666552
532 7.673520
533 7.680969
534 7.703706
535 7.726596
536 7.730735
537 7.738948
538 7.746681
539 7.750919
540 7.766775
541 7.763048
542 7.778373
543 7.793549
544 7.793425
545 7.812864
546 7.809185
547 7.812049
548 7.823836
549 7.839632
550 7.851023
551 7.847191
552 7.858650
553 7.881065
554 7.888720
555 7.892668
556 7.888225
557 7.896049
558 7.896082
559 7.913814
560 7.924951
561 7.928866
562 7.936221
563 7.951641
564 7.970640
565 7.985391
566 8.001037
567 7.989450
568 7.981249
569 7.977102
570 7.988771
571 8.004208
572 8.016090
573 8.011304
574 8.003764
575 8.011673
576 8.034229
577 8.037354
578 8.056305
579 8.082558
580 8.098656
581 8.114072
582 8.121888
583 8.122316
584 8.125303
585 8.140391
586 8.155361
587 8.170487
588 8.178447
589 8.186456
590 8.193890
591 8.194146
592 8.201635
593 8.209049
594 8.208970
595 8.223358
596 8.234644
597 8.234334
598 8.249861
599 8.260251
600 8.260541
601 8.287994
602 8.303104
603 8.302480
604 8.309434
605 8.320347
606 8.332214
607 8.347602
608 8.350999
609 8.369906
610 8.377631
611 8.392321
612 8.403882
613 8.400304
614 8.400220
615 8.400555
616 8.412302
617 8.435500
618 8.443219
619 8.454128
620 8.446552
621 8.469754
622 8.484565
623 8.491208
624 8.514503
625 8.526518
626 8.548924
627 8.553154
628 8.537470
629 8.529414
630 8.520904
631 8.524721
632 8.528102
633 8.539257
634 8.554980
635 8.551118
636 8.555342
637 8.554583
638 8.550477
639 8.542480
640 8.530729
641 8.534752
642 8.550081
643 8.557676
644 8.561548
645 8.583793
646 8.606618
647 8.618178
648 8.625645
649 8.617685
650 8.636690
651 8.655704
652 8.666843
653 8.674430
654 8.700201
655 8.707194
656 8.710608
657 8.705955
658 8.721073
659 8.728975
660 8.759804
661 8.755872
662 8.763317
663 8.770976
664 8.778705
665 8.790090
666 8.785466
667 8.781529
668 8.799937
669 8.806708
670 8.821378
671 8.836481
672 8.836154
673 8.850227
674 8.857889
675 8.869424
676 8.861969
677 8.884477
678 8.875997
679 8.875034
680 8.889732
681 8.905204
682 8.927529
683 8.942919
684 8.950584
685 8.945435
686 8.956599
687 8.948513
688 8.948645
689 8.963804
690 8.971410
691 8.978555
692 8.999930
693 8.987851
694 8.975777
695 8.964135
696 8.978787
697 8.978947
698 8.978598
699 8.993814
700 8.993358
701 8.996994
702 9.000557
703 9.004013
704 8.997002
705 8.993743
706 8.997563
707 9.001909
708 9.016858
709 9.016706
710 9.039667
711 9.065290
712 9.072303
713 9.076143
714 9.068551
715 9.071938
716 9.075909
717 9.060527
718 9.083302
719 9.080034
720 9.083806
721 9.095052
722 9.094179
723 9.086540
724 9.097809
725 9.105705
726 9.102080
727 9.109825
728 9.143226
729 9.143153
730 9.135079
731 9.126827
732 9.115396
733 9.134021
734 9.145396
735 9.149557
736 9.168881
737 9.172171
738 9.172193
739 9.179953
740 9.189830
741 9.189663
742 9.197455
743 9.209173
744 9.209601
745 9.198396
746 9.210054
747 9.206433
748 9.198962
749 9.210018
750 9.229346
751 9.260125
752 9.271126
753 9.271306
754 9.286342
755 9.274687
756 9.289739
757 9.297386
758 9.293393
759 9.296864
760 9.311874
761 9.327578
762 9.327066
763 9.331078
764 9.346285
765 9.354425
766 9.353801
767 9.342138
768 9.365580
769 9.373246
770 9.373127
771 9.387446
772 9.412534
773 9.423379
774 9.442326
775 9.445202
776 9.448804
777 9.449070
778 9.452295
779 9.455704
780 9.474990
781 9.470681
782 9.459131
783 9.458788
784 9.450843
785 9.447113
786 9.484627
787 9.480493
788 9.495637
789 9.495995
790 9.491631
791 9.498885
792 9.517240
793 9.543211
794 9.535597
795 9.531471
796 9.554550
797 9.566484
798 9.585139
799 9.584164
800 9.576944
801 9.584027
802 9.590725
803 9.598236
804 9.605433
805 9.613136
806 9.623944
807 9.635545
808 9.650662
809 9.658513
810 9.658070
811 9.654673
812 9.665959
813 9.681058
814 9.684474
815 9.681058
816 9.691913
817 9.691403
818 9.690976
819 9.702183
820 9.710130
821 9.722227
822 9.725661
823 9.756153
824 9.738001
825 9.756284
826 9.771647
827 9.775350
828 9.767133
829 9.756369
830 9.775425
831 9.775001
832 9.793556
833 9.804551
834 9.808498
835 9.807969
836 9.819331
837 9.822259
838 9.836852
839 9.847601
840 9.855604
841 9.851406
842 9.870349
843 9.862589
844 9.870413
845 9.874076
846 9.892579
847 9.901044
848 9.908341
849 9.900272
850 9.911393
851 9.925761
852 9.933004
853 9.932985
854 9.951643
855 9.959370
856 9.970821
857 9.967765
858 9.967789
859 9.971358
860 9.967026
861 9.962791
862 9.974377
863 9.997365
864 10.011569
865 10.011381
866 9.995954
867 9.999320
868 9.980406
869 9.972654
870 9.984100
871 9.980680
872 10.003826
873 9.999793
874 10.006961
875 10.030187
876 10.041509
877 10.045510
878 10.048741
879 10.064316
880 10.079396
881 10.071423
882 10.068036
883 10.090518
884 10.086410
885 10.074590
886 10.089327
887 10.111277
888 10.118103
889 10.116963
890 10.116753
891 10.138728
892 10.149599
893 10.159989
894 10.166867
895 10.169640
896 10.165294
897 10.168860
898 10.168732
899 10.168306
900 10.190458
901 10.204915
902 10.215907
903 10.212251
904 10.215819
905 10.238302
906 10.245600
907 10.251897
908 10.267694
909 10.271463
910 10.267343
911 10.286960
912 10.283072
913 10.286260
914 10.304809
915 10.308268
916 10.312070
917 10.315782
918 10.319389
919 10.319017
920 10.325184
921 10.332318
922 10.332248
923 10.323524
924 10.332863
925 10.344248
926 10.347136
927 10.346688
928 10.357029
929 10.379808
930 10.391366
931 10.394748
932 10.413836
933 10.432601
934 10.432763
935 10.444239
936 10.452398
937 10.452220
938 10.459497
939 10.462430
940 10.470057
941 10.474078
942 10.474282
943 10.451173
944 10.458243
945 10.466119
946 10.492954
947 10.504633
948 10.504419
949 10.522501
950 10.537102
951 10.554633
952 10.574065
953 10.578374
954 10.600488
955 10.607309
956 10.603752
957 10.618499
958 10.614727
959 10.618690
960 10.636678
961 10.647780
962 10.644758
963 10.656178
964 10.648297
965 10.642932
966 10.653885
967 10.638305
968 10.646476
969 10.642321
970 10.649295
971 10.660827
972 10.649524
973 10.657434
974 10.650074
975 10.653502
976 10.662384
977 10.681120
978 10.704378
979 10.707604
980 10.718982
981 10.733638
982 10.745119
983 10.756295
984 10.763732
985 10.767589
986 10.771124
987 10.766524
988 10.755453
989 10.762289
990 10.773288
991 10.773203
992 10.776626
993 10.780656
994 10.780502
995 10.803508
996 10.813988
997 10.813984
998 10.821998
999 10.829212
1000 10.833017
1001 10.859839
1002 10.870835
1003 10.885487
1004 10.883890
1005 10.914069
1006 10.920842
1007 10.927753
1008 10.925354
1009 10.935902
1010 10.947228
1011 10.944037
1012 10.946900
1013 10.938379
1014 10.950052
1015 10.942090
1016 10.953067
1017 10.960806
1018 10.956493
1019 10.987248
1020 11.010422
1021 11.018139
1022 11.018022
1023 11.018291
1024 11.025478
1025 11.029751
1026 11.040780
1027 11.040372
1028 11.032737
1029 11.044289
1030 11.040294
1031 11.048336
1032 11.058638
1033 11.073366
1034 11.088976
1035 11.088297
1036 11.072479
1037 11.087523
1038 11.091733
1039 11.095641
1040 11.102739
1041 11.099321
1042 11.098964
1043 11.098791
1044 11.090740
1045 11.109865
1046 11.120592
1047 11.132037
1048 11.136086
1049 11.127300
1050 11.145388
1051 11.174103
1052 11.166505
1053 11.155459
1054 11.163153
1055 11.163824
1056 11.178948
1057 11.181744
1058 11.197502
1059 11.193669
1060 11.197489
1061 11.212402
1062 11.231392
1063 11.226732
1064 11.237767
1065 11.256472
1066 11.252099
1067 11.260032
1068 11.279616
1069 11.301154
1070 11.312952
1071 11.309333
1072 11.323499
1073 11.343346
1074 11.351204
1075 11.355128
1076 11.358695
1077 11.355395
1078 11.358898
1079 11.385511
1080 11.370505
1081 11.355539
1082 11.347916
1083 11.339625
1084 11.346725
1085 11.339768
1086 11.357991
1087 11.357424
1088 11.385731
1089 11.397388
1090 11.412640
1091 11.413083
1092 11.435739
1093 11.432293
1094 11.446652
1095 11.447275
1096 11.454315
1097 11.479894
1098 11.472494
1099 11.456884
1100 11.453536
1101 11.461455
1102 11.483506
1103 11.487167
1104 11.502993
1105 11.499270
1106 11.491231
1107 11.506226
1108 11.513833
1109 11.514273
1110 11.510156
1111 11.517145
1112 11.516904
1113 11.524291
1114 11.542471
1115 11.535058
1116 11.542728
1117 11.547133
1118 11.557579
1119 11.546392
1120 11.545911
1121 11.535501
1122 11.527692
1123 11.539305
1124 11.550012
1125 11.553788
1126 11.546417
1127 11.546023
1128 11.552761
1129 11.560158
1130 11.563802
1131 11.572588
1132 11.579525
1133 11.579143
1134 11.579471
1135 11.572787
1136 11.584078
1137 11.588181
1138 11.606792
1139 11.610591
1140 11.621403
1141 11.636548
1142 11.644339
1143 11.640011
1144 11.636224
1145 11.628756
1146 11.639837
1147 11.650626
1148 11.661501
1149 11.676781
1150 11.691229
1151 11.710156
1152 11.702419
1153 11.709938
1154 11.725279
1155 11.721737
1156 11.722845
1157 11.722969
1158 11.718963
1159 11.716066
1160 11.719486
1161 11.745960
1162 11.741293
1163 11.737328
1164 11.752679
1165 11.767299
1166 11.777455
1167 11.788679
1168 11.770015
1169 11.766877
1170 11.767309
1171 11.766449
1172 11.785520
1173 11.800593
1174 11.785352
1175 11.773707
1176 11.777734
1177 11.804306
1178 11.818630
1179 11.806869
1180 11.814440
1181 11.794801
1182 11.798055
1183 11.798770
1184 11.787794
1185 11.794656
1186 11.791251
1187 11.802763
1188 11.795212
1189 11.816765
1190 11.820758
1191 11.809356
1192 11.815996
1193 11.834685
1194 11.830936
1195 11.846299
1196 11.842581
1197 11.860628
1198 11.855777
1199 11.863047
1200 11.869391
1201 11.870005
1202 11.865988
1203 11.870274
1204 11.878477
1205 11.886394
1206 11.893330
1207 11.889566
1208 11.919153
1209 11.922522
1210 11.910959
1211 11.921882
1212 11.928768
1213 11.929165
1214 11.917369
1215 11.929172
1216 11.933762
1217 11.937331
1218 11.959766
1219 11.952071
1220 11.947802
1221 11.935647
1222 11.931864
1223 11.924185
1224 11.931394
1225 11.935915
1226 11.947139
1227 11.955762
1228 11.955797
1229 11.970951
1230 11.978933
1231 11.971470
1232 11.990441
1233 11.998453
1234 12.001596
1235 12.007883
1236 11.999393
1237 11.991818
1238 11.991584
1239 12.003495
1240 12.010964
1241 12.026333
1242 12.041222
1243 12.049086
1244 12.033403
1245 12.039917
1246 12.043307
1247 12.062668
1248 12.058069
1249 12.064807
1250 12.072499
1251 12.068832
1252 12.064485
1253 12.068980
1254 12.069540
1255 12.086943
1256 12.064039
1257 12.075684
1258 12.078732
1259 12.097505
1260 12.104730
1261 12.108591
1262 12.115998
1263 12.124058
1264 12.116494
1265 12.124289
1266 12.116415
1267 12.130387
1268 12.141206
1269 12.148024
1270 12.143874
1271 12.155400
1272 12.162000
1273 12.154468
1274 12.153894
1275 12.146258
1276 12.164457
1277 12.175851
1278 12.156257
1279 12.159994
1280 12.163528
1281 12.159015
1282 12.173613
1283 12.184816
1284 12.181030
1285 12.200289
1286 12.184767
1287 12.177665
1288 12.188014
1289 12.168706
1290 12.168416
1291 12.156734
1292 12.140738
1293 12.158821
1294 12.146936
1295 12.140522
1296 12.132768
1297 12.144072
1298 12.147862
1299 12.140515
1300 12.151299
1301 12.157807
1302 12.163238
1303 12.163221
1304 12.174741
1305 12.167854
1306 12.179282
1307 12.183192
1308 12.202016
1309 12.198023
1310 12.220379
1311 12.242621
1312 12.257171
1313 12.283612
1314 12.271924
1315 12.272158
1316 12.272504
1317 12.284374
1318 12.280137
1319 12.291706
1320 12.294493
1321 12.309527
1322 12.316571
1323 12.331569
1324 12.346207
1325 12.375211
1326 12.397483
1327 12.416600
1328 12.420284
1329 12.417165
1330 12.413164
1331 12.416272
1332 12.421928
1333 12.433321
1334 12.418534
1335 12.429326
1336 12.440408
1337 12.436792
1338 12.425547
1339 12.433225
1340 12.447951
1341 12.450912
1342 12.470195
1343 12.458172
1344 12.476699
1345 12.465134
1346 12.473805
1347 12.469383
1348 12.472752
1349 12.486984
1350 12.493919
1351 12.493875
1352 12.508874
1353 12.518385
1354 12.521831
1355 12.524739
1356 12.528074
1357 12.524089
1358 12.536890
1359 12.532023
1360 12.535146
1361 12.553763
1362 12.552854
1363 12.567770
1364 12.571096
1365 12.578755
1366 12.589139
1367 12.588900
1368 12.603845
1369 12.589828
1370 12.597244
1371 12.608117
1372 12.614575
1373 12.611151
1374 12.629902
1375 12.656549
1376 12.686372
1377 12.686224
1378 12.690622
1379 12.690843
1380 12.694378
1381 12.697609
1382 12.693869
1383 12.694453
1384 12.703987
1385 12.714622
1386 12.722113
1387 12.737030
1388 12.737196
1389 12.745248
1390 12.760617
1391 12.756855
1392 12.775297
1393 12.778437
1394 12.796020
1395 12.800535
1396 12.792402
1397 12.796066
1398 12.813461
1399 12.828745
1400 12.832795
1401 12.846860
1402 12.854512
1403 12.849976
1404 12.856936
1405 12.852467
1406 12.855755
1407 12.844681
1408 12.863594
1409 12.862354
1410 12.855070
1411 12.866191
1412 12.870037
1413 12.883958
1414 12.890569
1415 12.875523
1416 12.889824
1417 12.893059
1418 12.899779
1419 12.911535
1420 12.926961
1421 12.933309
1422 12.947485
1423 12.954704
1424 12.972757
1425 12.995150
1426 12.997355
1427 13.004273
1428 13.004110
1429 13.015195
1430 13.033961
1431 13.037458
1432 13.052056
1433 13.072182
1434 13.068410
1435 13.084203
1436 13.091809
1437 13.095702
1438 13.088347
1439 13.094790
1440 13.105112
1441 13.112231
1442 13.121079
1443 13.117826
1444 13.124940
1445 13.125065
1446 13.143580
1447 13.143802
1448 13.138753
1449 13.137866
1450 13.137547
1451 13.152413
1452 13.141439
1453 13.152645
1454 13.152680
1455 13.144978
1456 13.159711
1457 13.156043
1458 13.159797
1459 13.163257
1460 13.165577
1461 13.176496
1462 13.183913
1463 13.186902
1464 13.192912
1465 13.203858
1466 13.189891
1467 13.189931
1468 13.204862
1469 13.215007
1470 13.222646
1471 13.229614
1472 13.237593
1473 13.249024
1474 13.244824
1475 13.251998
1476 13.263227
1477 13.303474
1478 13.314369
1479 13.332751
1480 13.344287
1481 13.344061
1482 13.355343
1483 13.366732
1484 13.371764
1485 13.363310
1486 13.375411
1487 13.393814
1488 13.378373
1489 13.366326
1490 13.374215
1491 13.371285
1492 13.363213
1493 13.366917
1494 13.367670
1495 13.355994
1496 13.357349
1497 13.349940
1498 13.359988
1499 13.382572
1500 13.389661
1501 13.389158
1502 13.412577
1503 13.420373
1504 13.422867
1505 13.423280
1506 13.422420
1507 13.425858
1508 13.422406
1509 13.410959
1510 13.403086
1511 13.403678
1512 13.425497
1513 13.419957
1514 13.434917
1515 13.416688
1516 13.415919
1517 13.401739
1518 13.396867
1519 13.411157
1520 13.422209
1521 13.426076
1522 13.429190
1523 13.418093
1524 13.433183
1525 13.441816
1526 13.452721
1527 13.448687
1528 13.458804
1529 13.458165
1530 13.457741
1531 13.477512
1532 13.474495
1533 13.488532
1534 13.491958
1535 13.495914
1536 13.496645
1537 13.504396
1538 13.511119
1539 13.532951
1540 13.543246
1541 13.558114
1542 13.550933
1543 13.550743
1544 13.564921
1545 13.568077
1546 13.564554
1547 13.575926
1548 13.572621
1549 13.575867
1550 13.574279
1551 13.573632
1552 13.589483
1553 13.590076
1554 13.601388
1555 13.601795
1556 13.612911
1557 13.602338
1558 13.593317
1559 13.592911
1560 13.584666
1561 13.595757
1562 13.602537
1563 13.583340
1564 13.593233
1565 13.593628
1566 13.611373
1567 13.608147
1568 13.606514
1569 13.602932
1570 13.620163
1571 13.626920
1572 13.619011
1573 13.625254
1574 13.631985
1575 13.629634
1576 13.628164
1577 13.635454
1578 13.649945
1579 13.657124
1580 13.660685
1581 13.656846
1582 13.672712
1583 13.661330
1584 13.665001
1585 13.664993
1586 13.667550
1587 13.675062
1588 13.701211
1589 13.709153
1590 13.715185
1591 13.708320
1592 13.726614
1593 13.737805
1594 13.740464
1595 13.733022
1596 13.742723
1597 13.748912
1598 13.767026
1599 13.776966
1600 13.787365
1601 13.785338
1602 13.777883
1603 13.789196
1604 13.796658
1605 13.787736
1606 13.783028
1607 13.782191
1608 13.775164
1609 13.770751
1610 13.776425
1611 13.771870
1612 13.767417
1613 13.756312
1614 13.755524
1615 13.774247
1616 13.774192
1617 13.773743
1618 13.784453
1619 13.783995
1620 13.798975
1621 13.810082
1622 13.805838
1623 13.813118
1624 13.810220
1625 13.806187
1626 13.799437
1627 13.811039
1628 13.810521
1629 13.817405
1630 13.820861
1631 13.820716
1632 13.831374
1633 13.835986
1634 13.839160
1635 13.847692
1636 13.839062
1637 13.838494
1638 13.841050
1639 13.862609
1640 13.857696
1641 13.857887
1642 13.851601
1643 13.848516
1644 13.844457
1645 13.854137
1646 13.850200
1647 13.843116
1648 13.842899
1649 13.853712
1650 13.871565
1651 13.860197
1652 13.859707
1653 13.862684
1654 13.869980
1655 13.888523
1656 13.888047
1657 13.897527
1658 13.886254
1659 13.903058
1660 13.910732
1661 13.907165
1662 13.910451
1663 13.916754
1664 13.908192
1665 13.915610
1666 13.916479
1667 13.920332
1668 13.920733
1669 13.921183
1670 13.920661
1671 13.928025
1672 13.946852
1673 13.960952
1674 13.972077
1675 13.986604
1676 13.993550
1677 13.993886
1678 13.998016
1679 13.993294
1680 14.008367
1681 14.005919
1682 14.007485
1683 14.018083
1684 14.028480
1685 14.039007
1686 14.046516
1687 14.044595
1688 14.067802
1689 14.071161
1690 14.085646
1691 14.103641
1692 14.099152
1693 14.106004
1694 14.106183
1695 14.112977
1696 14.119936
1697 14.119179
1698 14.136919
1699 14.142317
1700 14.144935
1701 14.186152
1702 14.199701
1703 14.203148
1704 14.203089
1705 14.212954
1706 14.201495
1707 14.197255
1708 14.210632
1709 14.204383
1710 14.222854
1711 14.216197
1712 14.219055
1713 14.240640
1714 14.235869
1715 14.235572
1716 14.223851
1717 14.219674
1718 14.230029
1719 14.239981
1720 14.251087
1721 14.239619
1722 14.246599
1723 14.248574
1724 14.244775
1725 14.281972
1726 14.289767
1727 14.297056
1728 14.304274
1729 14.311354
1730 14.321502
1731 14.336830
1732 14.332868
1733 14.344815
1734 14.363293
1735 14.365926
1736 14.387819
1737 14.396450
1738 14.400183
1739 14.406676
1740 14.417374
1741 14.417116
1742 14.441290
1743 14.460082
1744 14.466033
1745 14.477574
1746 14.485476
1747 14.494191
1748 14.503212
1749 14.487853
1750 14.494631
1751 14.520979
1752 14.528642
1753 14.534735
1754 14.544745
1755 14.548298
1756 14.551930
1757 14.556617
1758 14.558612
1759 14.572959
1760 14.571217
1761 14.574733
1762 14.588801
1763 14.603871
1764 14.611199
1765 14.614074
1766 14.599678
1767 14.591897
1768 14.602514
1769 14.628669
1770 14.620436
1771 14.634942
1772 14.641053
1773 14.652094
1774 14.675958
1775 14.686299
1776 14.671760
1777 14.677876
1778 14.681500
1779 14.691766
1780 14.698997
1781 14.698754
1782 14.689576
1783 14.700013
1784 14.700155
1785 14.695815
1786 14.702277
1787 14.709530
1788 14.716314
1789 14.745336
1790 14.740485
1791 14.739039
1792 14.762307
1793 14.766018
1794 14.777153
1795 14.785536
1796 14.800969
1797 14.801308
1798 14.819469
1799 14.822254
1800 14.815207
1801 14.814140
1802 14.810042
1803 14.816776
1804 14.813563
1805 14.810216
1806 14.816957
1807 14.835981
1808 14.854102
1809 14.853473
1810 14.847317
1811 14.857534
1812 14.868796
1813 14.883078
1814 14.897796
1815 14.905373
1816 14.889616
1817 14.889071
1818 14.899072
1819 14.905569
1820 14.909194
1821 14.911945
1822 14.911824
1823 14.922735
1824 14.944213
1825 14.959386
1826 14.983588
1827 14.971578
1828 14.976083
1829 14.971963
1830 14.985441
1831 14.989034
1832 14.988722
1833 14.991567
1834 15.014015
1835 15.025015
1836 15.021529
1837 15.013594
1838 15.006225
1839 15.016548
1840 15.023779
1841 15.044720
1842 15.047702
1843 15.057979
1844 15.069454
1845 15.072522
1846 15.072693
1847 15.078119
1848 15.087768
1849 15.087850
1850 15.095297
1851 15.109952
1852 15.117445
1853 15.113471
1854 15.102222
1855 15.103469
1856 15.121353
1857 15.127547
1858 15.113553
1859 15.132892
1860 15.140065
1861 15.132255
1862 15.136793
1863 15.136126
1864 15.151741
1865 15.148693
1866 15.170815
1867 15.171230
1868 15.167010
1869 15.170073
1870 15.173572
1871 15.174036
1872 15.180075
1873 15.181776
1874 15.193305
1875 15.201196
1876 15.211273
1877 15.215041
1878 15.214679
1879 15.224823
1880 15.237166
1881 15.248735
1882 15.239313
1883 15.230487
1884 15.241497
1885 15.237433
1886 15.224299
1887 15.224262
1888 15.224574
1889 15.221104
1890 15.225611
1891 15.232305
1892 15.239969
1893 15.224799
1894 15.227767
1895 15.242926
1896 15.242328
1897 15.245050
1898 15.243234
1899 15.236165
1900 15.246466
1901 15.249998
1902 15.260747
1903 15.264232
1904 15.256444
1905 15.260705
1906 15.252975
1907 15.261774
1908 15.263326
1909 15.256272
1910 15.261548
1911 15.242835
1912 15.250206
1913 15.260843
1914 15.267369
1915 15.263475
1916 15.279407
1917 15.291048
1918 15.290675
1919 15.287780
1920 15.283593
1921 15.283515
1922 15.291034
1923 15.308971
1924 15.298528
1925 15.298398
1926 15.267856
1927 15.273652
1928 15.266925
1929 15.289722
1930 15.285458
1931 15.252459
1932 15.246088
1933 15.249611
1934 15.238378
1935 15.225833
1936 15.241321
1937 15.230491
1938 15.225415
1939 15.226069
1940 15.247221
1941 15.246685
1942 15.236010
1943 15.252132
1944 15.261408
1945 15.261635
1946 15.268970
1947 15.283670
1948 15.293798
1949 15.301571
1950 15.286122
1951 15.293039
1952 15.281540
1953 15.287739
1954 15.283540
1955 15.291453
1956 15.294813
1957 15.298390
1958 15.316898
1959 15.317037
1960 15.339626
1961 15.351012
1962 15.346824
1963 15.367465
1964 15.366809
1965 15.366813
1966 15.367023
1967 15.362725
1968 15.366888
1969 15.363339
1970 15.353159
1971 15.353601
1972 15.372898
1973 15.366358
1974 15.362917
1975 15.362494
1976 15.395396
1977 15.398962
1978 15.387796
1979 15.391492
1980 15.391348
1981 15.399721
1982 15.403670
1983 15.406850
1984 15.409314
1985 15.408739
1986 15.409299
1987 15.427537
1988 15.394285
1989 15.390018
1990 15.396940
1991 15.404122
1992 15.393281
1993 15.392474
1994 15.384702
1995 15.380672
1996 15.388755
1997 15.391322
1998 15.398192
1999 15.398265
2000 15.402926
2001 15.387704
2002 15.366173
2003 15.373554
2004 15.366283
2005 15.369245
2006 15.371916
2007 15.375807
2008 15.382013
2009 15.386169
2010 15.377235
2011 15.374096
2012 15.363010
2013 15.355695
2014 15.355802
2015 15.371273
2016 15.367274
2017 15.363756
2018 15.363107
2019 15.359430
2020 15.380988
2021 15.369476
2022 15.357064
2023 15.357045
2024 15.384529
2025 15.387623
2026 15.403731
2027 15.408047
2028 15.396451
2029 15.421681
2030 15.429389
2031 15.443708
2032 15.446912
2033 15.447131
2034 15.465713
2035 15.468955
2036 15.465278
2037 15.443956
2038 15.436320
2039 15.449173
2040 15.445392
2041 15.446139
2042 15.450115
2043 15.455743
2044 15.445045
2045 15.459708
2046 15.438808
2047 15.427274
2048 15.445096
2049 15.451748
2050 15.456025
2051 15.452426
2052 15.455429
2053 15.440118
2054 15.451788
2055 15.455858
2056 15.436994
2057 15.437175
2058 15.467093
2059 15.468025
2060 15.460420
2061 15.434494
2062 15.416653
2063 15.417237
2064 15.427160
2065 15.418859
2066 15.417777
2067 15.425292
2068 15.417610
2069 15.427180
2070 15.433997
2071 15.448155
2072 15.452241
2073 15.447846
2074 15.455388
2075 15.461873
2076 15.461537
2077 15.468086
2078 15.465495
2079 15.490691
2080 15.490406
2081 15.490556
2082 15.479954
2083 15.487788
2084 15.501375
2085 15.500412
2086 15.515391
2087 15.537988
2088 15.526860
2089 15.523343
2090 15.541520
2091 15.533824
2092 15.541556
2093 15.547984
2094 15.555630
2095 15.562070
2096 15.572994
2097 15.577513
2098 15.581157
2099 15.565496
2100 15.584030
2101 15.589692
2102 15.586555
2103 15.582643
2104 15.585573
2105 15.586027
2106 15.588459
2107 15.584730
2108 15.591967
2109 15.607167
2110 15.617736
2111 15.628524
2112 15.639064
2113 15.630674
2114 15.634949
2115 15.641649
2116 15.635815
2117 15.650497
2118 15.661688
2119 15.650188
2120 15.659790
2121 15.648304
2122 15.656589
2123 15.641614
2124 15.652857
2125 15.645040
2126 15.652215
2127 15.663434
2128 15.670349
2129 15.676956
2130 15.695766
2131 15.704340
2132 15.710963
2133 15.692709
2134 15.707754
2135 15.715084
2136 15.737724
2137 15.737587
2138 15.738611
2139 15.738806
2140 15.743655
2141 15.763236
2142 15.777562
2143 15.777731
2144 15.799448
2145 15.810710
2146 15.822493
2147 15.811945
2148 15.828184
2149 15.846303
2150 15.863355
2151 15.863363
2152 15.870887
2153 15.892512
2154 15.861161
2155 15.872409
2156 15.883851
2157 15.876991
2158 15.887187
2159 15.887799
2160 15.912508
2161 15.930547
2162 15.941891
2163 15.938079
2164 15.924251
2165 15.931471
2166 15.939556
2167 15.931903
2168 15.951397
2169 15.951747
2170 15.948180
2171 15.962857
2172 15.947174
2173 15.939889
2174 15.955967
2175 15.955868
2176 15.959894
2177 15.953045
2178 15.974522
2179 15.971128
2180 15.974713
2181 15.981812
2182 15.980400
2183 15.966004
2184 15.969232
2185 15.972929
2186 15.987376
2187 15.978372
2188 15.955662
2189 15.953478
2190 15.949709
2191 15.964952
2192 15.953215
2193 15.964077
2194 15.964290
2195 15.971313
2196 15.980762
2197 15.981853
2198 15.999677
2199 15.999656
2200 16.007760
2201 16.029780
2202 16.048537
2203 16.030931
2204 16.039143
2205 16.035355
2206 16.034744
2207 16.056926
2208 16.061065
2209 16.056672
2210 16.063934
2211 16.074166
2212 16.082289
2213 16.081435
2214 16.084576
2215 16.080480
2216 16.083165
2217 16.092548
2218 16.104334
2219 16.104528
2220 16.117589
2221 16.115147
2222 16.128096
2223 16.133533
2224 16.133915
2225 16.155029
2226 16.159882
2227 16.159146
2228 16.166390
2229 16.166996
2230 16.154463
2231 16.159240
2232 16.167024
2233 16.162580
2234 16.162639
2235 16.169224
2236 16.172602
2237 16.183829
2238 16.161158
2239 16.160892
2240 16.174858
2241 16.174966
2242 16.184405
2243 16.192103
2244 16.189694
2245 16.187062
2246 16.183310
2247 16.186877
2248 16.215768
2249 16.216372
2250 16.234346
2251 16.240272
2252 16.236161
2253 16.236265
2254 16.228676
2255 16.225076
2256 16.224209
2257 16.238964
2258 16.231825
2259 16.235761
2260 16.232525
2261 16.237540
2262 16.234694
2263 16.247996
2264 16.248334
2265 16.255155
2266 16.259877
2267 16.264242
2268 16.286475
2269 16.283045
2270 16.279977
2271 16.306430
2272 16.327920
2273 16.342555
2274 16.335278
2275 16.357404
2276 16.353636
2277 16.364585
2278 16.374861
2279 16.381165
2280 16.381956
2281 16.370610
2282 16.385787
2283 16.361546
2284 16.353970
2285 16.346124
2286 16.350054
2287 16.363735
2288 16.364085
2289 16.373957
2290 16.373506
2291 16.366726
2292 16.385472
2293 16.396939
2294 16.410774
2295 16.411258
2296 16.415331
2297 16.407606
2298 16.408504
2299 16.438870
2300 16.458741
2301 16.455128
2302 16.457918
2303 16.463689
2304 16.474255
2305 16.474260
2306 16.473471
2307 16.482926
2308 16.499680
2309 16.514108
2310 16.535521
2311 16.526202
2312 16.519445
2313 16.537661
2314 16.529960
2315 16.537589
2316 16.544141
2317 16.555421
2318 16.574113
2319 16.552546
2320 16.551650
2321 16.555897
2322 16.555903
2323 16.548622
2324 16.558789
2325 16.551108
2326 16.553921
2327 16.557000
2328 16.552391
2329 16.545588
2330 16.535218
2331 16.539251
2332 16.540476
2333 16.545604
2334 16.549532
2335 16.548593
2336 16.549125
2337 16.555305
2338 16.539289
2339 16.549451
2340 16.550463
2341 16.560990
2342 16.561442
2343 16.564781
2344 16.567430
2345 16.566668
2346 16.564196
2347 16.565016
2348 16.576184
2349 16.591033
2350 16.601025
2351 16.603357
2352 16.602557
2353 16.608537
2354 16.608209
2355 16.614574
2356 16.628724
2357 16.621894
2358 16.621957
2359 16.633583
2360 16.633237
2361 16.623842
2362 16.628081
2363 16.628676
2364 16.628946
2365 16.636515
2366 16.630223
2367 16.622419
2368 16.625521
2369 16.625124
2370 16.623669
2371 16.631731
2372 16.635766
2373 16.657282
2374 16.653947
2375 16.653762
2376 16.650063
2377 16.656744
2378 16.653498
2379 16.669313
2380 16.675446
2381 16.668362
2382 16.678704
2383 16.685517
2384 16.670044
2385 16.668528
2386 16.679860
2387 16.672271
2388 16.687124
2389 16.701669
2390 16.705878
2391 16.701482
2392 16.688697
2393 16.674358
2394 16.675620
2395 16.695284
2396 16.694927
2397 16.710930
2398 16.703560
2399 16.706806
2400 16.710922
2401 16.711326
2402 16.715550
2403 16.711625
2404 16.704117
2405 16.715488
2406 16.732467
2407 16.732868
2408 16.717680
2409 16.722778
2410 16.726600
2411 16.741511
2412 16.748357
2413 16.763696
2414 16.755436
2415 16.754744
2416 16.750812
2417 16.775909
2418 16.779603
2419 16.790477
2420 16.809954
2421 16.820501
2422 16.828095
2423 16.834956
2424 16.835760
2425 16.848030
2426 16.850610
2427 16.857827
2428 16.854072
2429 16.848880
2430 16.867608
2431 16.876996
2432 16.872050
2433 16.874950
2434 16.878268
2435 16.889306
2436 16.881489
2437 16.896603
2438 16.898824
2439 16.904594
2440 16.913199
2441 16.915672
2442 16.933473
2443 16.926163
2444 16.924236
2445 16.924044
2446 16.918767
2447 16.909841
2448 16.917679
2449 16.937523
2450 16.940385
2451 16.947863
2452 16.974250
2453 16.973534
2454 16.982440
2455 16.967328
2456 16.973704
2457 16.984445
2458 16.979835
2459 16.997993
2460 17.009128
2461 17.016914
2462 17.023724
2463 17.044667
2464 17.055544
2465 17.059504
2466 17.085088
2467 17.078591
2468 17.096181
2469 17.094708
2470 17.086045
2471 17.082162
2472 17.079371
2473 17.089678
2474 17.081990
2475 17.077212
2476 17.084578
2477 17.096151
2478 17.095344
2479 17.095364
2480 17.101973
2481 17.102363
2482 17.105567
2483 17.119281
2484 17.104570
2485 17.113433
2486 17.108924
2487 17.113425
2488 17.113532
2489 17.120635
2490 17.123701
2491 17.130478
2492 17.136086
2493 17.146643
2494 17.154997
2495 17.161258
2496 17.157041
2497 17.167428
2498 17.177478
2499 17.159195
2500 17.158361
2501 17.144331
2502 17.139552
2503 17.135143
2504 17.135770
2505 17.146111
2506 17.144941
2507 17.155031
2508 17.176668
2509 17.180238
2510 17.172231
2511 17.175196
2512 17.167097
2513 17.176558
2514 17.183251
2515 17.196611
2516 17.188004
2517 17.176325
2518 17.181328
2519 17.192500
2520 17.199188
2521 17.222308
2522 17.218932
2523 17.233236
2524 17.244977
2525 17.252331
2526 17.256051
2527 17.251740
2528 17.233415
2529 17.222652
2530 17.219784
2531 17.212117
2532 17.201991
2533 17.193368
2534 17.182438
2535 17.213294
2536 17.224279
2537 17.235814
2538 17.214535
2539 17.214450
2540 17.224999
2541 17.221200
2542 17.221874
2543 17.209582
2544 17.206320
2545 17.206403
2546 17.220118
2547 17.212243
2548 17.224563
2549 17.224111
2550 17.228108
2551 17.235645
2552 17.217061
2553 17.222243
2554 17.222054
2555 17.218819
2556 17.222685
2557 17.225751
2558 17.239801
2559 17.234338
2560 17.244675
2561 17.244799
2562 17.251726
2563 17.233622
2564 17.234595
2565 17.238755
2566 17.239223
2567 17.235019
2568 17.227973
2569 17.235724
2570 17.253886
2571 17.257885
2572 17.261928
2573 17.272412
2574 17.272191
2575 17.268311
2576 17.259981
2577 17.282070
2578 17.287507
2579 17.279249
2580 17.270873
2581 17.270035
2582 17.294780
2583 17.301783
2584 17.311680
2585 17.322661
2586 17.333070
2587 17.343054
2588 17.346845
2589 17.345864
2590 17.359496
2591 17.352435
2592 17.377247
2593 17.376302
2594 17.384464
2595 17.373916
2596 17.377773
2597 17.380526
2598 17.382905
2599 17.390333
2600 17.382287
2601 17.393595
2602 17.390887
2603 17.374441
2604 17.362066
2605 17.365168
2606 17.365857
2607 17.368899
2608 17.379585
2609 17.386786
2610 17.379596
2611 17.378670
2612 17.376917
2613 17.387954
2614 17.389245
2615 17.397356
2616 17.389580
2617 17.399987
2618 17.406931
2619 17.411020
2620 17.414551
2621 17.418269
2622 17.395975
2623 17.412835
2624 17.411635
2625 17.417760
2626 17.420519
2627 17.430622
2628 17.441939
2629 17.448808
2630 17.437577
2631 17.440768
2632 17.451764
2633 17.440787
2634 17.472667
2635 17.473231
2636 17.469212
2637 17.473655
2638 17.465655
2639 17.458491
2640 17.461148
2641 17.482572
2642 17.488630
2643 17.478555
2644 17.488248
2645 17.477282
2646 17.466188
2647 17.473044
2648 17.473657
2649 17.483984
2650 17.472527
2651 17.482015
2652 17.480537
2653 17.483238
2654 17.490412
2655 17.473480
2656 17.469780
2657 17.495032
2658 17.506060
2659 17.516856
2660 17.535156
2661 17.530549
2662 17.544726
2663 17.541821
2664 17.545673
2665 17.567086
2666 17.567137
2667 17.561386
2668 17.547615
2669 17.543912
2670 17.538632
2671 17.541885
2672 17.537988
2673 17.548870
2674 17.548464
2675 17.562522
2676 17.560127
2677 17.562636
2678 17.562812
2679 17.566983
2680 17.581700
2681 17.581682
2682 17.604896
2683 17.626448
2684 17.640686
2685 17.644591
2686 17.654981
2687 17.655166
2688 17.653696
2689 17.667616
2690 17.663620
2691 17.666779
2692 17.666974
2693 17.674285
2694 17.667214
2695 17.664064
2696 17.664389
2697 17.667195
2698 17.677851
2699 17.687958
2700 17.698711
2701 17.698790
2702 17.683886
2703 17.702672
2704 17.701286
2705 17.703845
2706 17.700584
2707 17.696249
2708 17.707403
2709 17.718207
2710 17.718655
2711 17.710979
2712 17.702324
2713 17.723729
2714 17.723587
2715 17.727095
2716 17.741280
2717 17.733730
2718 17.748605
2719 17.738304
2720 17.727235
2721 17.713770
2722 17.711502
2723 17.721179
2724 17.738139
2725 17.748384
2726 17.747196
2727 17.760913
2728 17.761301
2729 17.771751
2730 17.787362
2731 17.787516
2732 17.807199
2733 17.811063
2734 17.822415
2735 17.823224
2736 17.844414
2737 17.859017
2738 17.862317
2739 17.862018
2740 17.868853
2741 17.872894
2742 17.886553
2743 17.879470
2744 17.879515
2745 17.888435
2746 17.878239
2747 17.892723
2748 17.889260
2749 17.896791
2750 17.900531
2751 17.904892
2752 17.894806
2753 17.911697
2754 17.922569
2755 17.922709
2756 17.918291
2757 17.909405
2758 17.895421
2759 17.901894
2760 17.906321
2761 17.888023
2762 17.884920
2763 17.888896
2764 17.884959
2765 17.888172
2766 17.887759
2767 17.894076
2768 17.897794
2769 17.902017
2770 17.905917
2771 17.913468
2772 17.901947
2773 17.921811
2774 17.922758
2775 17.925611
2776 17.924571
2777 17.923885
2778 17.929464
2779 17.919028
2780 17.930018
2781 17.933149
2782 17.953633
2783 17.949287
2784 17.952776
2785 17.956116
2786 17.956251
2787 17.970046
2788 17.970482
2789 17.970655
2790 17.977434
2791 17.977588
2792 17.972733
2793 17.976708
2794 17.975423
2795 17.975278
2796 17.993511
2797 18.012740
2798 18.015898
2799 18.011563
2800 18.019217
2801 18.019623
2802 18.018126
2803 18.012076
2804 18.020127
2805 18.016278
2806 18.021816
2807 18.017410
2808 18.015797
2809 18.019563
2810 18.023000
2811 18.022098
2812 18.028824
2813 18.028246
2814 18.017998
2815 18.031926
2816 18.041193
2817 18.057922
2818 18.049849
2819 18.049774
2820 18.047639
2821 18.064874
2822 18.090859
2823 18.107403
2824 18.116888
2825 18.126586
2826 18.133406
2827 18.143738
2828 18.157289
2829 18.160090
2830 18.165752
2831 18.158257
2832 18.155912
2833 18.159167
2834 18.169580
2835 18.178148
2836 18.178444
2837 18.179015
2838 18.183430
2839 18.176755
2840 18.179270
2841 18.183022
2842 18.203539
2843 18.217307
2844 18.220367
2845 18.231248
2846 18.242671
2847 18.249217
2848 18.255170
2849 18.265395
2850 18.262935
2851 18.280402
2852 18.290850
2853 18.293780
2854 18.309287
2855 18.315367
2856 18.304750
2857 18.307121
2858 18.334694
2859 18.349424
2860 18.343334
2861 18.351404
2862 18.358304
2863 18.369227
2864 18.377078
2865 18.368802
2866 18.386812
2867 18.393039
2868 18.388963
2869 18.393203
2870 18.389040
2871 18.398749
2872 18.418081
2873 18.429552
2874 18.418605
2875 18.400720
2876 18.404184
2877 18.417958
2878 18.424358
2879 18.420022
2880 18.425561
2881 18.429841
2882 18.420502
2883 18.433340
2884 18.436215
2885 18.456771
2886 18.456430
2887 18.444898
2888 18.457719
2889 18.449646
2890 18.438472
2891 18.435056
2892 18.437813
2893 18.434435
2894 18.433367
2895 18.439187
2896 18.436870
2897 18.442875
2898 18.455849
2899 18.459204
2900 18.476612
2901 18.473304
2902 18.483222
2903 18.469225
2904 18.479424
2905 18.483568
2906 18.497391
2907 18.501157
2908 18.507953
2909 18.512395
2910 18.494600
2911 18.501316
2912 18.505133
2913 18.524476
2914 18.538859
2915 18.542417
2916 18.534159
2917 18.516696
2918 18.515145
2919 18.525077
2920 18.524332
2921 18.528120
2922 18.514833
2923 18.528583
2924 18.537880
2925 18.531538
2926 18.541455
2927 18.545262
2928 18.563909
2929 18.570738
2930 18.563959
2931 18.562080
2932 18.565795
2933 18.559128
2934 18.546181
2935 18.553695
2936 18.557442
2937 18.570115
2938 18.565771
2939 18.577007
2940 18.578395
2941 18.586799
2942 18.610581
2943 18.623333
2944 18.637609
2945 18.626688
2946 18.629920
2947 18.624683
2948 18.636933
2949 18.644047
2950 18.646814
2951 18.663851
2952 18.664055
2953 18.668928
2954 18.680244
2955 18.691383
2956 18.694200
2957 18.693621
2958 18.690431
2959 18.698346
2960 18.709179
2961 18.707711
2962 18.718503
2963 18.717165
2964 18.720859
2965 18.745931
2966 18.730193
2967 18.740552
2968 18.744661
2969 18.750028
2970 18.735971
2971 18.739479
2972 18.728214
2973 18.745616
2974 18.748833
2975 18.744943
2976 18.741733
2977 18.737027
2978 18.735434
2979 18.740334
2980 18.742368
2981 18.756107
2982 18.757017
2983 18.764837
2984 18.765523
2985 18.761361
2986 18.782349
2987 18.779646
2988 18.779787
2989 18.793865
2990 18.801347
2991 18.811587
2992 18.814712
2993 18.806725
2994 18.802567
2995 18.787303
2996 18.788500
2997 18.796273
2998 18.790425
2999 18.800149
