Iterción Dcm
0 0.034617
1 0.048988
2 0.087315
3 0.116050
4 0.135207
5 0.159149
6 0.202238
7 0.240497
8 0.269199
9 0.312239
10 0.336124
11 0.364804
12 0.393457
13 0.417344
14 0.445987
15 0.479441
16 0.498558
17 0.517671
18 0.551096
19 0.574964
20 0.598810
21 0.617872
22 0.636948
23 0.660791
24 0.679855
25 0.689376
26 0.713185
27 0.737024
28 0.765619
29 0.779921
30 0.803777
31 0.827617
32 0.837149
33 0.860984
34 0.880048
35 0.913413
36 0.941942
37 0.946638
38 0.975264
39 0.994280
40 1.008514
41 1.036990
42 1.046540
43 1.079815
44 1.127454
45 1.156014
46 1.170256
47 1.198701
48 1.208192
49 1.217673
50 1.231950
51 1.270024
52 1.298596
53 1.322345
54 1.374547
55 1.407762
56 1.426767
57 1.440961
58 1.450467
59 1.493022
60 1.507218
61 1.530849
62 1.568703
63 1.601931
64 1.625557
65 1.658664
66 1.663343
67 1.706010
68 1.739147
69 1.758077
70 1.781659
71 1.795748
72 1.814657
73 1.843021
74 1.880923
75 1.913952
76 1.947015
77 1.975388
78 1.999083
79 2.022645
80 2.036745
81 2.065064
82 2.078943
83 2.116782
84 2.140464
85 2.149952
86 2.173565
87 2.187719
88 2.206615
89 2.211214
90 2.249083
91 2.267931
92 2.282062
93 2.315222
94 2.329303
95 2.371865
96 2.386051
97 2.400166
98 2.395280
99 2.414181
100 2.451743
101 2.475409
102 2.475268
103 2.489314
104 2.498814
105 2.522536
106 2.531854
107 2.569667
108 2.583837
109 2.593197
110 2.611926
111 2.644597
112 2.653842
113 2.668043
114 2.691407
115 2.700617
116 2.724324
117 2.729006
118 2.766537
119 2.790103
120 2.813780
121 2.846519
122 2.879515
123 2.921655
124 2.959218
125 2.991821
126 3.015415
127 3.034245
128 3.052978
129 3.081177
130 3.095301
131 3.104437
132 3.132572
133 3.136956
134 3.155853
135 3.174530
136 3.188480
137 3.216763
138 3.226126
139 3.240109
140 3.268321
141 3.315245
142 3.343414
143 3.357263
144 3.380826
145 3.423245
146 3.446892
147 3.460908
148 3.484333
149 3.479549
150 3.479424
151 3.498052
152 3.535934
153 3.549912
154 3.578151
155 3.601602
156 3.615668
157 3.620356
158 3.634467
159 3.657878
160 3.657786
161 3.652861
162 3.680597
163 3.680280
164 3.684837
165 3.684463
166 3.698412
167 3.712114
168 3.744793
169 3.786529
170 3.786224
171 3.805044
172 3.832896
173 3.851656
174 3.865594
175 3.879492
176 3.884258
177 3.898242
178 3.907431
179 3.911861
180 3.944574
181 3.972890
182 4.000918
183 4.010368
184 4.019586
185 4.024157
186 4.023777
187 4.037669
188 4.047047
189 4.051523
190 4.060663
191 4.079607
192 4.093392
193 4.102500
194 4.111671
195 4.153555
196 4.134503
197 4.157718
198 4.162368
199 4.176460
200 4.195266
201 4.213809
202 4.223175
203 4.237246
204 4.274553
205 4.274240
206 4.288135
207 4.283074
208 4.292350
209 4.315702
210 4.329637
211 4.348111
212 4.352766
213 4.361867
214 4.371272
215 4.371319
216 4.366511
217 4.371248
218 4.371127
219 4.385355
220 4.390128
221 4.409011
222 4.432513
223 4.455465
224 4.478738
225 4.492380
226 4.506477
227 4.520059
228 4.557304
229 4.580885
230 4.599505
231 4.631754
232 4.650445
233 4.660254
234 4.674343
235 4.692691
236 4.702026
237 4.706685
238 4.715954
239 4.725029
240 4.734131
241 4.752850
242 4.766326
243 4.775060
244 4.789046
245 4.812532
246 4.826180
247 4.848857
248 4.857756
249 4.885723
250 4.908968
251 4.923191
252 4.932579
253 4.936934
254 4.941324
255 4.941263
256 4.941240
257 4.964491
258 4.991874
259 5.000842
260 5.014960
261 5.015102
262 5.043135
263 5.066605
264 5.085315
265 5.094902
266 5.127150
267 5.150085
268 5.145317
269 5.154578
270 5.163606
271 5.196130
272 5.195889
273 5.200141
274 5.214050
275 5.223353
276 5.242065
277 5.255916
278 5.255800
279 5.269417
280 5.273909
281 5.264631
282 5.278107
283 5.277921
284 5.277791
285 5.300468
286 5.309798
287 5.314098
288 5.346810
289 5.374628
290 5.388311
291 5.383509
292 5.411171
293 5.415693
294 5.429343
295 5.424489
296 5.443121
297 5.456927
298 5.461225
299 5.470009
300 5.483901
301 5.483671
302 5.478860
303 5.507004
304 5.502292
305 5.506551
306 5.543565
307 5.548005
308 5.575619
309 5.561694
310 5.575533
311 5.612579
312 5.630913
313 5.644978
314 5.658773
315 5.653885
316 5.658364
317 5.662692
318 5.685632
319 5.690243
320 5.699014
321 5.713048
322 5.717619
323 5.726655
324 5.730887
325 5.744489
326 5.749019
327 5.772276
328 5.776779
329 5.781566
330 5.791093
331 5.818962
332 5.823608
333 5.832908
334 5.842269
335 5.847109
336 5.851899
337 5.847198
338 5.837696
339 5.837085
340 5.832365
341 5.851082
342 5.845820
343 5.855080
344 5.859363
345 5.877668
346 5.886744
347 5.909545
348 5.913965
349 5.927578
350 5.941941
351 5.951262
352 5.960335
353 5.974553
354 5.992850
355 6.006848
356 6.034940
357 6.039362
358 6.052871
359 6.057293
360 6.071033
361 6.080068
362 6.113027
363 6.112987
364 6.121936
365 6.122070
366 6.144972
367 6.163456
368 6.172955
369 6.168234
370 6.167984
371 6.162908
372 6.176657
373 6.203522
374 6.180002
375 6.189514
376 6.202931
377 6.203044
378 6.221477
379 6.244892
380 6.249632
381 6.277695
382 6.272727
383 6.267844
384 6.295721
385 6.309566
386 6.323465
387 6.318364
388 6.323009
389 6.341252
390 6.350417
391 6.373699
392 6.392245
393 6.406398
394 6.410699
395 6.414745
396 6.428575
397 6.451543
398 6.442389
399 6.475124
400 6.489495
401 6.497802
402 6.511793
403 6.539073
404 6.543123
405 6.556800
406 6.570269
407 6.588940
408 6.611679
409 6.639529
410 6.648500
411 6.648532
412 6.657933
413 6.689848
414 6.703735
415 6.702646
416 6.693193
417 6.692797
418 6.714871
419 6.723283
420 6.732529
421 6.746542
422 6.746232
423 6.750330
424 6.750204
425 6.764665
426 6.764761
427 6.778566
428 6.787131
429 6.786949
430 6.800740
431 6.805204
432 6.809933
433 6.823752
434 6.833411
435 6.847081
436 6.856689
437 6.875715
438 6.903029
439 6.916975
440 6.949268
441 6.949042
442 6.948676
443 6.967207
444 6.962416
445 6.971669
446 6.971612
447 6.989793
448 7.012588
449 7.035865
450 7.040468
451 7.054017
452 7.063269
453 7.072351
454 7.081534
455 7.109304
456 7.109201
457 7.118002
458 7.113285
459 7.108278
460 7.112520
461 7.139955
462 7.148864
463 7.162461
464 7.195079
465 7.204476
466 7.222969
467 7.218159
468 7.204013
469 7.221903
470 7.239923
471 7.244195
472 7.239623
473 7.249125
474 7.253601
475 7.271454
476 7.262067
477 7.271128
478 7.265751
479 7.279772
480 7.292802
481 7.306111
482 7.301064
483 7.338217
484 7.369538
485 7.388360
486 7.379119
487 7.379075
488 7.365241
489 7.364917
490 7.383622
491 7.388054
492 7.396315
493 7.410462
494 7.409831
495 7.413653
496 7.422419
497 7.440779
498 7.454488
499 7.486702
500 7.486649
501 7.486310
502 7.518476
503 7.532325
504 7.518274
505 7.504231
506 7.490189
507 7.508378
508 7.535174
509 7.535449
510 7.540002
511 7.549488
512 7.581872
513 7.571864
514 7.575548
515 7.589168
516 7.602997
517 7.612220
518 7.607695
519 7.621333
520 7.621305
521 7.620869
522 7.612235
523 7.634932
524 7.629590
525 7.634444
526 7.638853
527 7.643503
528 7.666864
529 7.675373
530 7.702750
531 7.721147
532 7.730521
533 7.734888
534 7.738892
535 7.743348
536 7.742783
537 7.733673
538 7.733469
539 7.752013
540 7.765623
541 7.760979
542 7.779857
543 7.765794
544 7.779213
545 7.797542
546 7.805981
547 7.806186
548 7.815256
549 7.800808
550 7.809808
551 7.818303
552 7.804285
553 7.804253
554 7.827069
555 7.827159
556 7.835760
557 7.840507
558 7.854114
559 7.876998
560 7.890700
561 7.899564
562 7.890248
563 7.880434
564 7.889460
565 7.888974
566 7.898416
567 7.920982
568 7.920687
569 7.929147
570 7.933692
571 7.942796
572 7.952387
573 7.980608
574 7.999080
575 7.999257
576 8.022169
577 8.026847
578 8.044987
579 8.049750
580 8.082981
581 8.073722
582 8.078270
583 8.073536
584 8.101079
585 8.087205
586 8.105295
587 8.114764
588 8.128036
589 8.114175
590 8.136687
591 8.132649
592 8.145569
593 8.150680
594 8.173479
595 8.178112
596 8.187013
597 8.205279
598 8.181836
599 8.191680
600 8.200648
601 8.200422
602 8.219013
603 8.215167
604 8.233694
605 8.247246
606 8.251695
607 8.250560
608 8.255212
609 8.269135
610 8.296685
611 8.314786
612 8.333006
613 8.355438
614 8.354980
615 8.372964
616 8.400456
617 8.404682
618 8.409127
619 8.418013
620 8.427210
621 8.440941
622 8.458713
623 8.449214
624 8.457860
625 8.434477
626 8.443511
627 8.429662
628 8.438742
629 8.447502
630 8.442810
631 8.456685
632 8.470491
633 8.470546
634 8.470700
635 8.475555
636 8.475349
637 8.498393
638 8.507369
639 8.507508
640 8.493830
641 8.503503
642 8.498837
643 8.493989
644 8.540292
645 8.558532
646 8.563203
647 8.586090
648 8.600271
649 8.605035
650 8.609369
651 8.635823
652 8.644858
653 8.666853
654 8.676146
655 8.680499
656 8.670921
657 8.675389
658 8.675526
659 8.707280
660 8.730514
661 8.758306
662 8.789752
663 8.794291
664 8.789084
665 8.789079
666 8.793260
667 8.802784
668 8.826099
669 8.811943
670 8.825350
671 8.848198
672 8.843316
673 8.848093
674 8.839330
675 8.871867
676 8.885579
677 8.885522
678 8.899679
679 8.904030
680 8.925949
681 8.935241
682 8.948699
683 8.975836
684 8.989535
685 9.012993
686 9.026534
687 9.031263
688 9.053886
689 9.076456
690 9.095154
691 9.100180
692 9.109434
693 9.100149
694 9.104624
695 9.099950
696 9.103485
697 9.121575
698 9.144110
699 9.153298
700 9.148649
701 9.148418
702 9.153035
703 9.180079
704 9.184493
705 9.203180
706 9.207079
707 9.220189
708 9.224849
709 9.224797
710 9.224664
711 9.233722
712 9.237696
713 9.260188
714 9.268559
715 9.277321
716 9.268392
717 9.290837
718 9.327552
719 9.345433
720 9.359017
721 9.363454
722 9.349465
723 9.349839
724 9.363215
725 9.362453
726 9.371849
727 9.376048
728 9.403703
729 9.426423
730 9.435651
731 9.421768
732 9.411831
733 9.416483
734 9.421199
735 9.425905
736 9.444458
737 9.453442
738 9.471868
739 9.508104
740 9.503781
741 9.503191
742 9.517335
743 9.535806
744 9.544656
745 9.548648
746 9.557616
747 9.566348
748 9.580236
749 9.580135
750 9.593896
751 9.593815
752 9.612066
753 9.602990
754 9.603008
755 9.603033
756 9.634647
757 9.662499
758 9.703976
759 9.704090
760 9.703824
761 9.703808
762 9.717233
763 9.716542
764 9.720552
765 9.716009
766 9.725049
767 9.711154
768 9.705888
769 9.715095
770 9.746362
771 9.741785
772 9.755983
773 9.742788
774 9.752009
775 9.770439
776 9.779498
777 9.779303
778 9.797546
779 9.828781
780 9.842706
781 9.842083
782 9.823179
783 9.818862
784 9.822429
785 9.822478
786 9.825951
787 9.816533
788 9.843810
789 9.843966
790 9.862189
791 9.866735
792 9.876228
793 9.889949
794 9.866486
795 9.902306
796 9.925431
797 9.948297
798 9.920639
799 9.939166
800 9.943574
801 9.943481
802 9.946803
803 9.956473
804 9.951569
805 9.933225
806 9.937968
807 9.961146
808 9.951521
809 9.942174
810 9.955054
811 9.950292
812 9.972953
813 9.949764
814 9.953920
815 9.967509
816 9.976629
817 9.981206
818 9.980385
819 9.980241
820 9.994040
821 9.988997
822 9.979599
823 9.974890
824 9.979391
825 9.978802
826 9.996618
827 10.010367
828 10.010404
829 10.033667
830 10.024416
831 10.028498
832 10.046020
833 10.045751
834 10.036392
835 10.045191
836 10.058596
837 10.062516
838 10.085481
839 10.094688
840 10.118032
841 10.121592
842 10.135066
843 10.131083
844 10.149258
845 10.144813
846 10.144660
847 10.154029
848 10.143687
849 10.152708
850 10.166447
851 10.165655
852 10.179397
853 10.141876
854 10.141783
855 10.141798
856 10.149659
857 10.153662
858 10.162967
859 10.167214
860 10.166924
861 10.198920
862 10.212416
863 10.230573
864 10.244282
865 10.239472
866 10.243289
867 10.239294
868 10.234781
869 10.239581
870 10.239426
871 10.261626
872 10.256993
873 10.256440
874 10.274081
875 10.287823
876 10.274193
877 10.292375
878 10.296836
879 10.306266
880 10.305973
881 10.296327
882 10.296455
883 10.305742
884 10.291431
885 10.295228
886 10.299798
887 10.317224
888 10.356958
889 10.360757
890 10.369709
891 10.381990
892 10.395074
893 10.399698
894 10.408669
895 10.413363
896 10.427429
897 10.440570
898 10.445527
899 10.445454
900 10.449383
901 10.466775
902 10.480452
903 10.484745
904 10.465340
905 10.474794
906 10.465561
907 10.487625
908 10.487775
909 10.505962
910 10.501438
911 10.496206
912 10.500400
913 10.513801
914 10.509054
915 10.505034
916 10.505002
917 10.519016
918 10.528231
919 10.532333
920 10.523147
921 10.531941
922 10.549649
923 10.545302
924 10.567108
925 10.585479
926 10.590138
927 10.585815
928 10.603421
929 10.598048
930 10.602451
931 10.625117
932 10.656458
933 10.669302
934 10.650824
935 10.636826
936 10.655612
937 10.642361
938 10.642880
939 10.659881
940 10.650190
941 10.650422
942 10.668065
943 10.676926
944 10.686030
945 10.690459
946 10.685783
947 10.681029
948 10.689733
949 10.708274
950 10.722053
951 10.753254
952 10.744366
953 10.776526
954 10.753268
955 10.767359
956 10.753286
957 10.748758
958 10.744145
959 10.752724
960 10.738821
961 10.738612
962 10.755443
963 10.769020
964 10.768782
965 10.759327
966 10.777659
967 10.773277
968 10.782763
969 10.782209
970 10.786969
971 10.796058
972 10.805295
973 10.814008
974 10.818738
975 10.827463
976 10.827546
977 10.836867
978 10.836870
979 10.832060
980 10.831666
981 10.863562
982 10.859085
983 10.867175
984 10.880704
985 10.884649
986 10.901359
987 10.915108
988 10.955956
989 10.964299
990 10.973432
991 10.986887
992 10.996457
993 11.005314
994 11.032433
995 11.068742
996 11.073294
997 11.082711
998 11.087247
999 11.087107
1000 11.086838
1001 11.091839
1002 11.100078
1003 11.099875
1004 11.093768
1005 11.094088
1006 11.085196
1007 11.112758
1008 11.112685
1009 11.130905
1010 11.131132
1011 11.131630
1012 11.136054
1013 11.145170
1014 11.140540
1015 11.145602
1016 11.136193
1017 11.141132
1018 11.158907
1019 11.172320
1020 11.181048
1021 11.184270
1022 11.207333
1023 11.214963
1024 11.237785
1025 11.246970
1026 11.233020
1027 11.228357
1028 11.228299
1029 11.237574
1030 11.259593
1031 11.259459
1032 11.264441
1033 11.269091
1034 11.269071
1035 11.269142
1036 11.268197
1037 11.277553
1038 11.286158
1039 11.304137
1040 11.313143
1041 11.327025
1042 11.321508
1043 11.334927
1044 11.343980
1045 11.339177
1046 11.339468
1047 11.334732
1048 11.329782
1049 11.343651
1050 11.343130
1051 11.342490
1052 11.346761
1053 11.337593
1054 11.360752
1055 11.374349
1056 11.374516
1057 11.378611
1058 11.351710
1059 11.365385
1060 11.360687
1061 11.351064
1062 11.337782
1063 11.328211
1064 11.323385
1065 11.322439
1066 11.327436
1067 11.331813
1068 11.326980
1069 11.340757
1070 11.344883
1071 11.342766
1072 11.356238
1073 11.342623
1074 11.337947
1075 11.337540
1076 11.336916
1077 11.323128
1078 11.305130
1079 11.337194
1080 11.346252
1081 11.346416
1082 11.355112
1083 11.359873
1084 11.359166
1085 11.368434
1086 11.372876
1087 11.368297
1088 11.367803
1089 11.353673
1090 11.371231
1091 11.367081
1092 11.370690
1093 11.361306
1094 11.383635
1095 11.374678
1096 11.355520
1097 11.355508
1098 11.360042
1099 11.396732
1100 11.392281
1101 11.400857
1102 11.400515
1103 11.405699
1104 11.395192
1105 11.394743
1106 11.399368
1107 11.403957
1108 11.399214
1109 11.390046
1110 11.384827
1111 11.375274
1112 11.366653
1113 11.375126
1114 11.378338
1115 11.382950
1116 11.391414
1117 11.405337
1118 11.414362
1119 11.427387
1120 11.431888
1121 11.444564
1122 11.453831
1123 11.462246
1124 11.466519
1125 11.462195
1126 11.453380
1127 11.448550
1128 11.443630
1129 11.457779
1130 11.471373
1131 11.470858
1132 11.461887
1133 11.457153
1134 11.470115
1135 11.488308
1136 11.497548
1137 11.483387
1138 11.497072
1139 11.497068
1140 11.492488
1141 11.487737
1142 11.496851
1143 11.510420
1144 11.524166
1145 11.518877
1146 11.537163
1147 11.537169
1148 11.522746
1149 11.531415
1150 11.531059
1151 11.535561
1152 11.539620
1153 11.548110
1154 11.552645
1155 11.580061
1156 11.570404
1157 11.577852
1158 11.595776
1159 11.609483
1160 11.605332
1161 11.618548
1162 11.612272
1163 11.594239
1164 11.608012
1165 11.626178
1166 11.629767
1167 11.629910
1168 11.621173
1169 11.612701
1170 11.616616
1171 11.625812
1172 11.634464
1173 11.638641
1174 11.652799
1175 11.661865
1176 11.680000
1177 11.674571
1178 11.669506
1179 11.673824
1180 11.687741
1181 11.697365
1182 11.697558
1183 11.688536
1184 11.701967
1185 11.715650
1186 11.715592
1187 11.738868
1188 11.752902
1189 11.748472
1190 11.748913
1191 11.730143
1192 11.739948
1193 11.744949
1194 11.767381
1195 11.753237
1196 11.757475
1197 11.780357
1198 11.793323
1199 11.802685
1200 11.811566
1201 11.820652
1202 11.824635
1203 11.834092
1204 11.857124
1205 11.874077
1206 11.905492
1207 11.886919
1208 11.886874
1209 11.900651
1210 11.901014
1211 11.905427
1212 11.910218
1213 11.924057
1214 11.924230
1215 11.919279
1216 11.923716
1217 11.927679
1218 11.931454
1219 11.922376
1220 11.917792
1221 11.927085
1222 11.935900
1223 11.936218
1224 11.931610
1225 11.940670
1226 11.953859
1227 11.985662
1228 11.962902
1229 11.958449
1230 11.966696
1231 11.979717
1232 11.984109
1233 11.965808
1234 11.997834
1235 11.996641
1236 12.000198
1237 11.995836
1238 12.001156
1239 12.000397
1240 11.987184
1241 11.996282
1242 12.005155
1243 12.023425
1244 12.036236
1245 12.040763
1246 12.032319
1247 12.032341
1248 12.041400
1249 12.040972
1250 12.054800
1251 12.062347
1252 12.057742
1253 12.075158
1254 12.075887
1255 12.071223
1256 12.070882
1257 12.075421
1258 12.047623
1259 12.061195
1260 12.070396
1261 12.088722
1262 12.101612
1263 12.114895
1264 12.133270
1265 12.142363
1266 12.146998
1267 12.147044
1268 12.164143
1269 12.178106
1270 12.172982
1271 12.173318
1272 12.178322
1273 12.178568
1274 12.182635
1275 12.191268
1276 12.210122
1277 12.214745
1278 12.223865
1279 12.219144
1280 12.205851
1281 12.201258
1282 12.210181
1283 12.205526
1284 12.206209
1285 12.211125
1286 12.210568
1287 12.205446
1288 12.205867
1289 12.215323
1290 12.210520
1291 12.210306
1292 12.218915
1293 12.219822
1294 12.224150
1295 12.232191
1296 12.227157
1297 12.231466
1298 12.249478
1299 12.253450
1300 12.275293
1301 12.293129
1302 12.288624
1303 12.279732
1304 12.283599
1305 12.284035
1306 12.288915
1307 12.280161
1308 12.298261
1309 12.302335
1310 12.288271
1311 12.310937
1312 12.288058
1313 12.301148
1314 12.310757
1315 12.328717
1316 12.333467
1317 12.347212
1318 12.360988
1319 12.369837
1320 12.374190
1321 12.389307
1322 12.394635
1323 12.403213
1324 12.403050
1325 12.412104
1326 12.411784
1327 12.402947
1328 12.393938
1329 12.402652
1330 12.398415
1331 12.402936
1332 12.407833
1333 12.420427
1334 12.438281
1335 12.433468
1336 12.432998
1337 12.450789
1338 12.477938
1339 12.472654
1340 12.458264
1341 12.477302
1342 12.503682
1343 12.513143
1344 12.513318
1345 12.508874
1346 12.498834
1347 12.504779
1348 12.527524
1349 12.558579
1350 12.558505
1351 12.563226
1352 12.582134
1353 12.590791
1354 12.603995
1355 12.627768
1356 12.632508
1357 12.632241
1358 12.627452
1359 12.644561
1360 12.661486
1361 12.665778
1362 12.652545
1363 12.670373
1364 12.674833
1365 12.674865
1366 12.715340
1367 12.733797
1368 12.751706
1369 12.769739
1370 12.758595
1371 12.758610
1372 12.767522
1373 12.762136
1374 12.743482
1375 12.756820
1376 12.751816
1377 12.747438
1378 12.756802
1379 12.761451
1380 12.775014
1381 12.788332
1382 12.773354
1383 12.781381
1384 12.803906
1385 12.808432
1386 12.807548
1387 12.811541
1388 12.830250
1389 12.834345
1390 12.834635
1391 12.839808
1392 12.843713
1393 12.848277
1394 12.838515
1395 12.829296
1396 12.837998
1397 12.851640
1398 12.856395
1399 12.860344
1400 12.869540
1401 12.873971
1402 12.887655
1403 12.905478
1404 12.918810
1405 12.909991
1406 12.918914
1407 12.930726
1408 12.936287
1409 12.944668
1410 12.935317
1411 12.925702
1412 12.925598
1413 12.930194
1414 12.948184
1415 12.952411
1416 12.943066
1417 12.952528
1418 12.947883
1419 12.970215
1420 12.970073
1421 12.987312
1422 12.985912
1423 12.985861
1424 12.967491
1425 12.962936
1426 12.962992
1427 12.945537
1428 12.967601
1429 12.994709
1430 13.016926
1431 13.021378
1432 13.021218
1433 13.021148
1434 13.002714
1435 12.993818
1436 12.989471
1437 12.975423
1438 12.984878
1439 13.010022
1440 12.995444
1441 12.973012
1442 12.968030
1443 12.986188
1444 12.994746
1445 13.003427
1446 12.994858
1447 13.025412
1448 13.011235
1449 13.029136
1450 13.039129
1451 13.025724
1452 13.039139
1453 13.048558
1454 13.051858
1455 13.037802
1456 13.038459
1457 13.034682
1458 13.043736
1459 13.043514
1460 13.043681
1461 13.034090
1462 13.043145
1463 13.039436
1464 13.012920
1465 13.017133
1466 13.030136
1467 13.029632
1468 13.047996
1469 13.057619
1470 13.066727
1471 13.093203
1472 13.097544
1473 13.114275
1474 13.118604
1475 13.113644
1476 13.123078
1477 13.132933
1478 13.137701
1479 13.132969
1480 13.145391
1481 13.145510
1482 13.149029
1483 13.139940
1484 13.144251
1485 13.149982
1486 13.162548
1487 13.157691
1488 13.147267
1489 13.161049
1490 13.165405
1491 13.151673
1492 13.151350
1493 13.173164
1494 13.173143
1495 13.209094
1496 13.209142
1497 13.204432
1498 13.204162
1499 13.213496
1500 13.194558
1501 13.212551
1502 13.216454
1503 13.211447
1504 13.229308
1505 13.247802
1506 13.244028
1507 13.247755
1508 13.265139
1509 13.267582
1510 13.276808
1511 13.272947
1512 13.291224
1513 13.304831
1514 13.304920
1515 13.295454
1516 13.308728
1517 13.312110
1518 13.324827
1519 13.329506
1520 13.334303
1521 13.334444
1522 13.338815
1523 13.334260
1524 13.344465
1525 13.352812
1526 13.353121
1527 13.366312
1528 13.364303
1529 13.350846
1530 13.355102
1531 13.364014
1532 13.399947
1533 13.400724
1534 13.391211
1535 13.409399
1536 13.381468
1537 13.398839
1538 13.408952
1539 13.400087
1540 13.417280
1541 13.430387
1542 13.430335
1543 13.435063
1544 13.440076
1545 13.444714
1546 13.462624
1547 13.462432
1548 13.453468
1549 13.456868
1550 13.466233
1551 13.461271
1552 13.461174
1553 13.451509
1554 13.437779
1555 13.434021
1556 13.446908
1557 13.465777
1558 13.475211
1559 13.479316
1560 13.469737
1561 13.478658
1562 13.482954
1563 13.473613
1564 13.464025
1565 13.473266
1566 13.487318
1567 13.469589
1568 13.487057
1569 13.503053
1570 13.507272
1571 13.517047
1572 13.516469
1573 13.520289
1574 13.520258
1575 13.533567
1576 13.542426
1577 13.537766
1578 13.533839
1579 13.533018
1580 13.550053
1581 13.558698
1582 13.585736
1583 13.607978
1584 13.598106
1585 13.606140
1586 13.610996
1587 13.620048
1588 13.620182
1589 13.629834
1590 13.638926
1591 13.648703
1592 13.658057
1593 13.671478
1594 13.670808
1595 13.684013
1596 13.678918
1597 13.683332
1598 13.706453
1599 13.710796
1600 13.715384
1601 13.719832
1602 13.702155
1603 13.688423
1604 13.697859
1605 13.689315
1606 13.684972
1607 13.675243
1608 13.679018
1609 13.701334
1610 13.701230
1611 13.696638
1612 13.704732
1613 13.718553
1614 13.731816
1615 13.726733
1616 13.721507
1617 13.721931
1618 13.738015
1619 13.742522
1620 13.737917
1621 13.733792
1622 13.720088
1623 13.712150
1624 13.697831
1625 13.695997
1626 13.696146
1627 13.686918
1628 13.682362
1629 13.682268
1630 13.690665
1631 13.707945
1632 13.715354
1633 13.724288
1634 13.724621
1635 13.724684
1636 13.738017
1637 13.733771
1638 13.729162
1639 13.710483
1640 13.724270
1641 13.728679
1642 13.738064
1643 13.747357
1644 13.759486
1645 13.749075
1646 13.766327
1647 13.775588
1648 13.788384
1649 13.792309
1650 13.791100
1651 13.799286
1652 13.803062
1653 13.810238
1654 13.818742
1655 13.818281
1656 13.835990
1657 13.831807
1658 13.867880
1659 13.880782
1660 13.899409
1661 13.896325
1662 13.913634
1663 13.922687
1664 13.917587
1665 13.927482
1666 13.953638
1667 13.944162
1668 13.962523
1669 13.971800
1670 13.989634
1671 14.006305
1672 14.010563
1673 14.005419
1674 14.005020
1675 14.022986
1676 14.031701
1677 14.035477
1678 14.035400
1679 14.035879
1680 14.040584
1681 14.053657
1682 14.070820
1683 14.070445
1684 14.077770
1685 14.081686
1686 14.076701
1687 14.085858
1688 14.100007
1689 14.100045
1690 14.126994
1691 14.117382
1692 14.130335
1693 14.130279
1694 14.144302
1695 14.148410
1696 14.161847
1697 14.166150
1698 14.179331
1699 14.170412
1700 14.161472
1701 14.147022
1702 14.156040
1703 14.187153
1704 14.200514
1705 14.214281
1706 14.209851
1707 14.222973
1708 14.240379
1709 14.249142
1710 14.262015
1711 14.266518
1712 14.288527
1713 14.297803
1714 14.288374
1715 14.287303
1716 14.291058
1717 14.300004
1718 14.299815
1719 14.308483
1720 14.308580
1721 14.331315
1722 14.352861
1723 14.357489
1724 14.361567
1725 14.351870
1726 14.339374
1727 14.361167
1728 14.374205
1729 14.361036
1730 14.356678
1731 14.365350
1732 14.391624
1733 14.395602
1734 14.414061
1735 14.417621
1736 14.422063
1737 14.430849
1738 14.426090
1739 14.416953
1740 14.430668
1741 14.434367
1742 14.452817
1743 14.434493
1744 14.451865
1745 14.468475
1746 14.458775
1747 14.467981
1748 14.479390
1749 14.493098
1750 14.490913
1751 14.495024
1752 14.476640
1753 14.480077
1754 14.516658
1755 14.524295
1756 14.524254
1757 14.509965
1758 14.523009
1759 14.508994
1760 14.500349
1761 14.487348
1762 14.496970
1763 14.492130
1764 14.510360
1765 14.511057
1766 14.511921
1767 14.529386
1768 14.533321
1769 14.528779
1770 14.556147
1771 14.568775
1772 14.564686
1773 14.560303
1774 14.564979
1775 14.578596
1776 14.577209
1777 14.585680
1778 14.589772
1779 14.611775
1780 14.624985
1781 14.624478
1782 14.628661
1783 14.628025
1784 14.605099
1785 14.617912
1786 14.626196
1787 14.617172
1788 14.626493
1789 14.630997
1790 14.629605
1791 14.643162
1792 14.638732
1793 14.642560
1794 14.641858
1795 14.623603
1796 14.628181
1797 14.640963
1798 14.645345
1799 14.641034
1800 14.677296
1801 14.667905
1802 14.658345
1803 14.680718
1804 14.698637
1805 14.721431
1806 14.713075
1807 14.721968
1808 14.708026
1809 14.717554
1810 14.721867
1811 14.717519
1812 14.708126
1813 14.708127
1814 14.703240
1815 14.720711
1816 14.715279
1817 14.720279
1818 14.734567
1819 14.748219
1820 14.752350
1821 14.765653
1822 14.752083
1823 14.754706
1824 14.771874
1825 14.784462
1826 14.767518
1827 14.781263
1828 14.767633
1829 14.775618
1830 14.788734
1831 14.775277
1832 14.788724
1833 14.780200
1834 14.767049
1835 14.770942
1836 14.766157
1837 14.782885
1838 14.800297
1839 14.800784
1840 14.814794
1841 14.805427
1842 14.809398
1843 14.822534
1844 14.812980
1845 14.803994
1846 14.799048
1847 14.812491
1848 14.817550
1849 14.835558
1850 14.853751
1851 14.858901
1852 14.854398
1853 14.867106
1854 14.857752
1855 14.857018
1856 14.861606
1857 14.875749
1858 14.888731
1859 14.888997
1860 14.897526
1861 14.910949
1862 14.924638
1863 14.915140
1864 14.928665
1865 14.933112
1866 14.932366
1867 14.936412
1868 14.939781
1869 14.960485
1870 14.973830
1871 14.977591
1872 15.000125
1873 14.994827
1874 15.001843
1875 15.007289
1876 15.030029
1877 15.046975
1878 15.042237
1879 15.041510
1880 15.037303
1881 15.029192
1882 15.055670
1883 15.072624
1884 15.063293
1885 15.062503
1886 15.050205
1887 15.048309
1888 15.038191
1889 15.052177
1890 15.040287
1891 15.040331
1892 15.044324
1893 15.044456
1894 15.067631
1895 15.058263
1896 15.061058
1897 15.082587
1898 15.093015
1899 15.091602
1900 15.095470
1901 15.103915
1902 15.100363
1903 15.087218
1904 15.091740
1905 15.096787
1906 15.096349
1907 15.095453
1908 15.099367
1909 15.112507
1910 15.112033
1911 15.117528
1912 15.130927
1913 15.144128
1914 15.149107
1915 15.171174
1916 15.188033
1917 15.183410
1918 15.187903
1919 15.182625
1920 15.182530
1921 15.204446
1922 15.208171
1923 15.216613
1924 15.224624
1925 15.237960
1926 15.219923
1927 15.228712
1928 15.229509
1929 15.233948
1930 15.242922
1931 15.238489
1932 15.251843
1933 15.260678
1934 15.264321
1935 15.254268
1936 15.262675
1937 15.270999
1938 15.275032
1939 15.284409
1940 15.261824
1941 15.261603
1942 15.287985
1943 15.314020
1944 15.327364
1945 15.354308
1946 15.360840
1947 15.365338
1948 15.378529
1949 15.386713
1950 15.378219
1951 15.390841
1952 15.426420
1953 15.449187
1954 15.457745
1955 15.456982
1956 15.469210
1957 15.472946
1958 15.458820
1959 15.449345
1960 15.467004
1961 15.480435
1962 15.492869
1963 15.493571
1964 15.506582
1965 15.525371
1966 15.511637
1967 15.508597
1968 15.499989
1969 15.498883
1970 15.507318
1971 15.501805
1972 15.519090
1973 15.522888
1974 15.510062
1975 15.501576
1976 15.520765
1977 15.510975
1978 15.500774
1979 15.514315
1980 15.509190
1981 15.522095
1982 15.520137
1983 15.534010
1984 15.561085
1985 15.565249
1986 15.569582
1987 15.573494
1988 15.582156
1989 15.594148
1990 15.619404
1991 15.618393
1992 15.627200
1993 15.662773
1994 15.675432
1995 15.675459
1996 15.679523
1997 15.693533
1998 15.707110
1999 15.720719
2000 15.724760
2001 15.729398
2002 15.726064
2003 15.730334
2004 15.734420
2005 15.734733
2006 15.737754
2007 15.737760
2008 15.760813
2009 15.752627
2010 15.768658
2011 15.762183
2012 15.772080
2013 15.780877
2014 15.798256
2015 15.797661
2016 15.806495
2017 15.810840
2018 15.815251
2019 15.801559
2020 15.801500
2021 15.811022
2022 15.810730
2023 15.796876
2024 15.782473
2025 15.773882
2026 15.778956
2027 15.784143
2028 15.789184
2029 15.793475
2030 15.802473
2031 15.802724
2032 15.803253
2033 15.798236
2034 15.781507
2035 15.790628
2036 15.782432
2037 15.768286
2038 15.772413
2039 15.790477
2040 15.772374
2041 15.773023
2042 15.793008
2043 15.797844
2044 15.807394
2045 15.806456
2046 15.793202
2047 15.811399
2048 15.801527
2049 15.819042
2050 15.818390
2051 15.835545
2052 15.849549
2053 15.862997
2054 15.867822
2055 15.873233
2056 15.859601
2057 15.859620
2058 15.864019
2059 15.885740
2060 15.895263
2061 15.903740
2062 15.899306
2063 15.913040
2064 15.913403
2065 15.913351
2066 15.912751
2067 15.921094
2068 15.930044
2069 15.948799
2070 15.931914
2071 15.936243
2072 15.949328
2073 15.949031
2074 15.957012
2075 15.948303
2076 15.952607
2077 15.961355
2078 15.975159
2079 15.974826
2080 15.988110
2081 15.996884
2082 15.983416
2083 15.983046
2084 15.960217
2085 15.970601
2086 15.961282
2087 15.933908
2088 15.933159
2089 15.933467
2090 15.956007
2091 15.951371
2092 15.949813
2093 15.963680
2094 15.960659
2095 15.973733
2096 15.986741
2097 15.986550
2098 16.009319
2099 16.004688
2100 16.013663
2101 16.026943
2102 16.027422
2103 16.027661
2104 16.039832
2105 16.030746
2106 16.034345
2107 16.030348
2108 16.022666
2109 16.027544
2110 16.031864
2111 16.045384
2112 16.036043
2113 16.022878
2114 16.013913
2115 16.013642
2116 16.012178
2117 16.002745
2118 16.015023
2119 16.026851
2120 16.022106
2121 16.026392
2122 16.018610
2123 16.023901
2124 16.018445
2125 16.031261
2126 16.016997
2127 16.012476
2128 16.007965
2129 16.038992
2130 16.033379
2131 16.042559
2132 16.047006
2133 16.047000
2134 16.055194
2135 16.064438
2136 16.068759
2137 16.077629
2138 16.078044
2139 16.092425
2140 16.092190
2141 16.079594
2142 16.073292
2143 16.086646
2144 16.091224
2145 16.099563
2146 16.104776
2147 16.109122
2148 16.104675
2149 16.099455
2150 16.112105
2151 16.122232
2152 16.130892
2153 16.130968
2154 16.144147
2155 16.143750
2156 16.157182
2157 16.174849
2158 16.179536
2159 16.202179
2160 16.206527
2161 16.206477
2162 16.202127
2163 16.202405
2164 16.202507
2165 16.211187
2166 16.229494
2167 16.207814
2168 16.202512
2169 16.209220
2170 16.222975
2171 16.228017
2172 16.229435
2173 16.232818
2174 16.232722
2175 16.255216
2176 16.255177
2177 16.250266
2178 16.254434
2179 16.263007
2180 16.280190
2181 16.284249
2182 16.279379
2183 16.273510
2184 16.278170
2185 16.300158
2186 16.314608
2187 16.326745
2188 16.312886
2189 16.304623
2190 16.296477
2191 16.304340
2192 16.290796
2193 16.291387
2194 16.303933
2195 16.340990
2196 16.332199
2197 16.323146
2198 16.323472
2199 16.328166
2200 16.336885
2201 16.345860
2202 16.349007
2203 16.367462
2204 16.385225
2205 16.403281
2206 16.397848
2207 16.380197
2208 16.406746
2209 16.424283
2210 16.424336
2211 16.428961
2212 16.432887
2213 16.436440
2214 16.441134
2215 16.445973
2216 16.462716
2217 16.471265
2218 16.467027
2219 16.470666
2220 16.481820
2221 16.473282
2222 16.464482
2223 16.465529
2224 16.474412
2225 16.465211
2226 16.468328
2227 16.463588
2228 16.463543
2229 16.454591
2230 16.467866
2231 16.463171
2232 16.462493
2233 16.471514
2234 16.470764
2235 16.462031
2236 16.470615
2237 16.475086
2238 16.470817
2239 16.470434
2240 16.478154
2241 16.491235
2242 16.468264
2243 16.484310
2244 16.484684
2245 16.497514
2246 16.499090
2247 16.499314
2248 16.503366
2249 16.506160
2250 16.510934
2251 16.523719
2252 16.531434
2253 16.541078
2254 16.532591
2255 16.527933
2256 16.528530
2257 16.524038
2258 16.523836
2259 16.514469
2260 16.514149
2261 16.524156
2262 16.519669
2263 16.506171
2264 16.509854
2265 16.491494
2266 16.496933
2267 16.523459
2268 16.541088
2269 16.562036
2270 16.574680
2271 16.576145
2272 16.567112
2273 16.575755
2274 16.567422
2275 16.567277
2276 16.576870
2277 16.572318
2278 16.576841
2279 16.585663
2280 16.606385
2281 16.610260
2282 16.617921
2283 16.622123
2284 16.639422
2285 16.629583
2286 16.633369
2287 16.645242
2288 16.667755
2289 16.681692
2290 16.685489
2291 16.708682
2292 16.713468
2293 16.713475
2294 16.717478
2295 16.717102
2296 16.735154
2297 16.736151
2298 16.774868
2299 16.769607
2300 16.778501
2301 16.764628
2302 16.759950
2303 16.769140
2304 16.772304
2305 16.767589
2306 16.780344
2307 16.766565
2308 16.775312
2309 16.792530
2310 16.809944
2311 16.809952
2312 16.808765
2313 16.822653
2314 16.817086
2315 16.808848
2316 16.799816
2317 16.803854
2318 16.817505
2319 16.831295
2320 16.830742
2321 16.839890
2322 16.839431
2323 16.838775
2324 16.833351
2325 16.819414
2326 16.810705
2327 16.820302
2328 16.820012
2329 16.846857
2330 16.852047
2331 16.860468
2332 16.872029
2333 16.889477
2334 16.898054
2335 16.893412
2336 16.902753
2337 16.921018
2338 16.952335
2339 16.957272
2340 16.957655
2341 16.966477
2342 16.988414
2343 16.988821
2344 16.993248
2345 16.997382
2346 17.019037
2347 17.024103
2348 17.018833
2349 17.027137
2350 17.031565
2351 17.022779
2352 17.040855
2353 17.036471
2354 17.049508
2355 17.048677
2356 17.071051
2357 17.061029
2358 17.066248
2359 17.079253
2360 17.092604
2361 17.104209
2362 17.094320
2363 17.088642
2364 17.093295
2365 17.106960
2366 17.097926
2367 17.107187
2368 17.125591
2369 17.126772
2370 17.140319
2371 17.148113
2372 17.152550
2373 17.165816
2374 17.169430
2375 17.177376
2376 17.181907
2377 17.195248
2378 17.186777
2379 17.182191
2380 17.191662
2381 17.178431
2382 17.186789
2383 17.200188
2384 17.200521
2385 17.209943
2386 17.205826
2387 17.213864
2388 17.245892
2389 17.244843
2390 17.249023
2391 17.275799
2392 17.285016
2393 17.293777
2394 17.310853
2395 17.310616
2396 17.309733
2397 17.305017
2398 17.319377
2399 17.315888
2400 17.315586
2401 17.296347
2402 17.296594
2403 17.317306
2404 17.320234
2405 17.325079
2406 17.324835
2407 17.324754
2408 17.323801
2409 17.337786
2410 17.337161
2411 17.318502
2412 17.332533
2413 17.331898
2414 17.322745
2415 17.335435
2416 17.326115
2417 17.324742
2418 17.328987
2419 17.311776
2420 17.308268
2421 17.316869
2422 17.329652
2423 17.337716
2424 17.337362
2425 17.369179
2426 17.381477
2427 17.386095
2428 17.389934
2429 17.398450
2430 17.416319
2431 17.433317
2432 17.442109
2433 17.432944
2434 17.441783
2435 17.460324
2436 17.468199
2437 17.472765
2438 17.490875
2439 17.498808
2440 17.484496
2441 17.484230
2442 17.475438
2443 17.488292
2444 17.496732
2445 17.490515
2446 17.515080
2447 17.515062
2448 17.515148
2449 17.541264
2450 17.544684
2451 17.562412
2452 17.578961
2453 17.553315
2454 17.566460
2455 17.578034
2456 17.578056
2457 17.578009
2458 17.573728
2459 17.582658
2460 17.568708
2461 17.586779
2462 17.599324
2463 17.604090
2464 17.590142
2465 17.607181
2466 17.598347
2467 17.616990
2468 17.636882
2469 17.630939
2470 17.650725
2471 17.655127
2472 17.658282
2473 17.661804
2474 17.652303
2475 17.630053
2476 17.639239
2477 17.630457
2478 17.624899
2479 17.628069
2480 17.641648
2481 17.654344
2482 17.649515
2483 17.675097
2484 17.670257
2485 17.679852
2486 17.693768
2487 17.708438
2488 17.713470
2489 17.717953
2490 17.713835
2491 17.718524
2492 17.735698
2493 17.730598
2494 17.739793
2495 17.753264
2496 17.762168
2497 17.775943
2498 17.784709
2499 17.788315
2500 17.806088
2501 17.818392
2502 17.830562
2503 17.835046
2504 17.838026
2505 17.824476
2506 17.815223
2507 17.820141
2508 17.820558
2509 17.814371
2510 17.822209
2511 17.822161
2512 17.826473
2513 17.835026
2514 17.848828
2515 17.852967
2516 17.856055
2517 17.850042
2518 17.857561
2519 17.866664
2520 17.886252
2521 17.891376
2522 17.900066
2523 17.910064
2524 17.918913
2525 17.922760
2526 17.917352
2527 17.946281
2528 17.928629
2529 17.933045
2530 17.941473
2531 17.950658
2532 17.941297
2533 17.946599
2534 17.946852
2535 17.964698
2536 17.951687
2537 17.947623
2538 17.947599
2539 17.944443
2540 17.960061
2541 17.968137
2542 17.975735
2543 17.962665
2544 17.962772
2545 17.968101
2546 17.975679
2547 17.996810
2548 18.001620
2549 18.005840
2550 18.009908
2551 18.005393
2552 18.014188
2553 18.018848
2554 18.039127
2555 18.024432
2556 18.006289
2557 18.010069
2558 17.991043
2559 17.986548
2560 17.994387
2561 17.986009
2562 17.999629
2563 17.995183
2564 17.998432
2565 17.984952
2566 17.989566
2567 17.993392
2568 17.988550
2569 17.979824
2570 17.970783
2571 17.988205
2572 17.974701
2573 17.983040
2574 17.969241
2575 17.965267
2576 17.972559
2577 17.968064
2578 17.988196
2579 17.988834
2580 18.010434
2581 18.005500
2582 18.014223
2583 18.005757
2584 18.009520
2585 18.030362
2586 18.021531
2587 18.024853
2588 18.029319
2589 18.041408
2590 18.027269
2591 18.040218
2592 18.042942
2593 18.043042
2594 18.048693
2595 18.052199
2596 18.061288
2597 18.047744
2598 18.041397
2599 18.032635
2600 18.024182
2601 18.029051
2602 18.042452
2603 18.055668
2604 18.064437
2605 18.060657
2606 18.086627
2607 18.091406
2608 18.099179
2609 18.107485
2610 18.107634
2611 18.117329
2612 18.113694
2613 18.130874
2614 18.138331
2615 18.138299
2616 18.123976
2617 18.143509
2618 18.129935
2619 18.133279
2620 18.132906
2621 18.132345
2622 18.140750
2623 18.140313
2624 18.139979
2625 18.140230
2626 18.162145
2627 18.161650
2628 18.157424
2629 18.161138
2630 18.164457
2631 18.181771
2632 18.186506
2633 18.177534
2634 18.177583
2635 18.189759
2636 18.198292
2637 18.202240
2638 18.193824
2639 18.193552
2640 18.215681
2641 18.227836
2642 18.209186
2643 18.213442
2644 18.210118
2645 18.213675
2646 18.226213
2647 18.234353
2648 18.243779
2649 18.244061
2650 18.243454
2651 18.246485
2652 18.249598
2653 18.258332
2654 18.267050
2655 18.271571
2656 18.275139
2657 18.270527
2658 18.251396
2659 18.241437
2660 18.255050
2661 18.277163
2662 18.285185
2663 18.289635
2664 18.285095
2665 18.307465
2666 18.317042
2667 18.316343
2668 18.323557
2669 18.314228
2670 18.314730
2671 18.319336
2672 18.333071
2673 18.313911
2674 18.313498
2675 18.313649
2676 18.300644
2677 18.321489
2678 18.347271
2679 18.360260
2680 18.359501
2681 18.368962
2682 18.368606
2683 18.367526
2684 18.363089
2685 18.362811
2686 18.375704
2687 18.384561
2688 18.376513
2689 18.375149
2690 18.380106
2691 18.389642
2692 18.402756
2693 18.380320
2694 18.390256
2695 18.390424
2696 18.381067
2697 18.389278
2698 18.380527
2699 18.375782
2700 18.385314
2701 18.402761
2702 18.390775
2703 18.390212
2704 18.399418
2705 18.403104
2706 18.410647
2707 18.389095
2708 18.384507
2709 18.384019
2710 18.401642
2711 18.409662
2712 18.419376
2713 18.423619
2714 18.423591
2715 18.423201
2716 18.427765
2717 18.445804
2718 18.459626
2719 18.472336
2720 18.466494
2721 18.461962
2722 18.461187
2723 18.442680
2724 18.469671
2725 18.469276
2726 18.463961
2727 18.464337
2728 18.451960
2729 18.429625
2730 18.411485
2731 18.424263
2732 18.437872
2733 18.433245
2734 18.432589
2735 18.433178
2736 18.416003
2737 18.417041
2738 18.417373
2739 18.421165
2740 18.413083
2741 18.416506
2742 18.426007
2743 18.438808
2744 18.434767
2745 18.435288
2746 18.417345
2747 18.403018
2748 18.416806
2749 18.429238
2750 18.415964
2751 18.420056
2752 18.437075
2753 18.442032
2754 18.445910
2755 18.449508
2756 18.454097
2757 18.441710
2758 18.446498
2759 18.446287
2760 18.450536
2761 18.441929
2762 18.441997
2763 18.437898
2764 18.451739
2765 18.442435
2766 18.428633
2767 18.411676
2768 18.425440
2769 18.447726
2770 18.444757
2771 18.466210
2772 18.488580
2773 18.484271
2774 18.502268
2775 18.507001
2776 18.527480
2777 18.549867
2778 18.539877
2779 18.534255
2780 18.520255
2781 18.520520
2782 18.515919
2783 18.502404
2784 18.506009
2785 18.513962
2786 18.522892
2787 18.517284
2788 18.504838
2789 18.512307
2790 18.529202
2791 18.536782
2792 18.539189
2793 18.555844
2794 18.564168
2795 18.572536
2796 18.568835
2797 18.560412
2798 18.573669
2799 18.569130
2800 18.548366
2801 18.551305
2802 18.546753
2803 18.542776
2804 18.530147
2805 18.534506
2806 18.526191
2807 18.520827
2808 18.517732
2809 18.504989
2810 18.505104
2811 18.505462
2812 18.514711
2813 18.527925
2814 18.535812
2815 18.544391
2816 18.540056
2817 18.526174
2818 18.517035
2819 18.521715
2820 18.534778
2821 18.539339
2822 18.543137
2823 18.543759
2824 18.547357
2825 18.550953
2826 18.558814
2827 18.562576
2828 18.562011
2829 18.548622
2830 18.566057
2831 18.565677
2832 18.568998
2833 18.556058
2834 18.542610
2835 18.572054
2836 18.576081
2837 18.581731
2838 18.613746
2839 18.639124
2840 18.630602
2841 18.648673
2842 18.657432
2843 18.648983
2844 18.630925
2845 18.653824
2846 18.644540
2847 18.649296
2848 18.634346
2849 18.620439
2850 18.629122
2851 18.624368
2852 18.627360
2853 18.622776
2854 18.631855
2855 18.623595
2856 18.628012
2857 18.635557
2858 18.644306
2859 18.643854
2860 18.648378
2861 18.666786
2862 18.666656
2863 18.672443
2864 18.672479
2865 18.680928
2866 18.694370
2867 18.667668
2868 18.654509
2869 18.661729
2870 18.662176
2871 18.675238
2872 18.670622
2873 18.679903
2874 18.703278
2875 18.712343
2876 18.730267
2877 18.743425
2878 18.747263
2879 18.755572
2880 18.764227
2881 18.781011
2882 18.781221
2883 18.790626
2884 18.790578
2885 18.793704
2886 18.821006
2887 18.833898
2888 18.842323
2889 18.834799
2890 18.825713
2891 18.830330
2892 18.830114
2893 18.850989
2894 18.846165
2895 18.828653
2896 18.819483
2897 18.818739
2898 18.818692
2899 18.827131
2900 18.822739
2901 18.818579
2902 18.809995
2903 18.817654
2904 18.835708
2905 18.839631
2906 18.844325
2907 18.839983
2908 18.844765
2909 18.852354
2910 18.855737
2911 18.847900
2912 18.843125
2913 18.841512
2914 18.851034
2915 18.864620
2916 18.860689
2917 18.851317
2918 18.851894
2919 18.856216
2920 18.856418
2921 18.876029
2922 18.879950
2923 18.894521
2924 18.880522
2925 18.871612
2926 18.880979
2927 18.867181
2928 18.885650
2929 18.903425
2930 18.912327
2931 18.921335
2932 18.939433
2933 18.940424
2934 18.954439
2935 18.962165
2936 18.974845
2937 18.973273
2938 18.986402
2939 18.986531
2940 18.999339
2941 19.003182
2942 18.997328
2943 18.988498
2944 18.987613
2945 18.995409
2946 18.995271
2947 19.011317
2948 19.011272
2949 19.006992
2950 19.006574
2951 19.020013
2952 19.024609
2953 19.008009
2954 19.007802
2955 19.007785
2956 19.016141
2957 19.019107
2958 19.026433
2959 19.024706
2960 19.035376
2961 19.028768
2962 19.028602
2963 19.011390
2964 19.007050
2965 19.033892
2966 19.059445
2967 19.073160
2968 19.047237
2969 19.038287
2970 19.042746
2971 19.051483
2972 19.064930
2973 19.060173
2974 19.081709
2975 19.084989
2976 19.067199
2977 19.058112
2978 19.053741
2979 19.061560
2980 19.061267
2981 19.061252
2982 19.068109
2983 19.080398
2984 19.080326
2985 19.094685
2986 19.090321
2987 19.108534
2988 19.117354
2989 19.125959
2990 19.109447
2991 19.102137
2992 19.107447
2993 19.098209
2994 19.098064
2995 19.089451
2996 19.071784
2997 19.083421
2998 19.091675
2999 19.095727
