Iterción Dcm
0 0.029029
1 0.068546
2 0.114644
3 0.147570
4 0.193644
5 0.233124
6 0.292308
7 0.351514
8 0.404143
9 0.450158
10 0.489602
11 0.542154
12 0.588081
13 0.620918
14 0.673397
15 0.706210
16 0.771810
17 0.791499
18 0.830903
19 0.870273
20 0.909664
21 0.942482
22 0.962145
23 0.968729
24 1.021081
25 1.060460
26 1.112855
27 1.152095
28 1.204473
29 1.237221
30 1.276541
31 1.328867
32 1.381147
33 1.433474
34 1.479194
35 1.498758
36 1.550952
37 1.609596
38 1.642187
39 1.694429
40 1.746634
41 1.759672
42 1.785747
43 1.824699
44 1.863857
45 1.909496
46 1.954986
47 2.026822
48 2.046444
49 2.111357
50 2.137262
51 2.182939
52 2.202562
53 2.267615
54 2.300013
55 2.326029
56 2.404094
57 2.436740
58 2.488554
59 2.520913
60 2.560021
61 2.638045
62 2.677056
63 2.703211
64 2.748460
65 2.780906
66 2.826334
67 2.839387
68 2.865315
69 2.910896
70 2.975805
71 3.040593
72 3.073070
73 3.112143
74 3.144530
75 3.176618
76 3.208935
77 3.241356
78 3.280123
79 3.306034
80 3.370961
81 3.403083
82 3.461628
83 3.519885
84 3.545864
85 3.591205
86 3.629986
87 3.655790
88 3.688104
89 3.700948
90 3.758920
91 3.803858
92 3.842431
93 3.880909
94 3.932479
95 3.945390
96 4.003119
97 4.016100
98 4.048390
99 4.099453
100 4.131713
101 4.202688
102 4.215435
103 4.253930
104 4.331308
105 4.376622
106 4.402300
107 4.472868
108 4.536560
109 4.568343
110 4.600665
111 4.677921
112 4.716482
113 4.755107
114 4.793871
115 4.877119
116 4.922329
117 4.980474
118 4.999766
119 5.044786
120 5.127797
121 5.179289
122 5.217888
123 5.250109
124 5.282014
125 5.294618
126 5.358324
127 5.422233
128 5.460558
129 5.505213
130 5.550460
131 5.575626
132 5.639008
133 5.702462
134 5.734513
135 5.772735
136 5.798710
137 5.862567
138 5.881566
139 5.945500
140 5.996347
141 6.041174
142 6.105060
143 6.149504
144 6.168673
145 6.206820
146 6.290112
147 6.322200
148 6.334965
149 6.359773
150 6.384987
151 6.441138
152 6.466584
153 6.505067
154 6.543137
155 6.581152
156 6.625473
157 6.675948
158 6.707682
159 6.739475
160 6.777498
161 6.822310
162 6.872554
163 6.884829
164 6.916582
165 6.960868
166 7.018204
167 7.055765
168 7.093976
169 7.119062
170 7.150604
171 7.188669
172 7.258056
173 7.314451
174 7.358693
175 7.371270
176 7.409008
177 7.446377
178 7.471610
179 7.528561
180 7.540331
181 7.552966
182 7.602986
183 7.627849
184 7.678532
185 7.741689
186 7.791853
187 7.836016
188 7.841878
189 7.892080
190 7.904462
191 7.949259
192 8.032420
193 8.076540
194 8.126962
195 8.183260
196 8.201910
197 8.221141
198 8.265886
199 8.297394
200 8.309381
201 8.353423
202 8.372338
203 8.397163
204 8.459483
205 8.503827
206 8.522257
207 8.541254
208 8.585453
209 8.609758
210 8.647233
211 8.690379
212 8.702772
213 8.753548
214 8.784869
215 8.822909
216 8.860681
217 8.885243
218 8.922692
219 8.965831
220 9.015976
221 9.034292
222 9.059737
223 9.097562
224 9.153713
225 9.179116
226 9.216403
227 9.241810
228 9.278255
229 9.283506
230 9.359161
231 9.409597
232 9.447001
233 9.490801
234 9.533082
235 9.557444
236 9.608173
237 9.632032
238 9.656994
239 9.694031
240 9.737625
241 9.792688
242 9.829811
243 9.860979
244 9.885865
245 9.903011
246 9.953568
247 9.972242
248 10.003570
249 10.066412
250 10.115077
251 10.158688
252 10.202236
253 10.265129
254 10.271459
255 10.321044
256 10.365395
257 10.408515
258 10.450748
259 10.476333
260 10.475808
261 10.513577
262 10.543705
263 10.574047
264 10.617406
265 10.655918
266 10.680746
267 10.692201
268 10.716476
269 10.734684
270 10.746799
271 10.772055
272 10.790859
273 10.803104
274 10.821841
275 10.859650
276 10.897465
277 10.908742
278 10.958240
279 10.983549
280 10.995271
281 11.039403
282 11.070319
283 11.119958
284 11.137440
285 11.181102
286 11.205303
287 11.268564
288 11.292912
289 11.311825
290 11.354936
291 11.373788
292 11.373265
293 11.404405
294 11.404421
295 11.423109
296 11.435913
297 11.441161
298 11.466638
299 11.484598
300 11.503018
301 11.527481
302 11.552560
303 11.607785
304 11.626392
305 11.651407
306 11.688865
307 11.736806
308 11.779962
309 11.804971
310 11.823756
311 11.848436
312 11.873351
313 11.885492
314 11.928372
315 11.972327
316 11.969943
317 11.969573
318 12.000117
319 12.030517
320 12.055285
321 12.092140
322 12.135862
323 12.154917
324 12.204521
325 12.247816
326 12.297878
327 12.365408
328 12.445588
329 12.507985
330 12.537899
331 12.562578
332 12.581683
333 12.606066
334 12.637097
335 12.655560
336 12.693168
337 12.680214
338 12.718070
339 12.749326
340 12.748499
341 12.754716
342 12.785812
343 12.804422
344 12.871663
345 12.877664
346 12.921328
347 12.945531
348 12.989091
349 13.045417
350 13.058074
351 13.076340
352 13.082646
353 13.113526
354 13.180917
355 13.200071
356 13.205718
357 13.217688
358 13.230251
359 13.291965
360 13.322480
361 13.353963
362 13.383739
363 13.402437
364 13.444943
365 13.468778
366 13.468344
367 13.518053
368 13.530841
369 13.555151
370 13.555067
371 13.616966
372 13.628693
373 13.628723
374 13.646318
375 13.670895
376 13.707852
377 13.743111
378 13.768015
379 13.789969
380 13.796373
381 13.808850
382 13.838531
383 13.879754
384 13.891878
385 13.928996
386 13.940944
387 13.946615
388 13.970620
389 13.994373
390 14.018652
391 14.024682
392 14.061625
393 14.086479
394 14.117702
395 14.140890
396 14.183535
397 14.208493
398 14.251007
399 14.256345
400 14.286466
401 14.297052
402 14.321004
403 14.325518
404 14.357039
405 14.400114
406 14.411558
407 14.430378
408 14.447629
409 14.459970
410 14.483556
411 14.489685
412 14.505929
413 14.518277
414 14.505405
415 14.536330
416 14.535879
417 14.509841
418 14.532933
419 14.556871
420 14.600171
421 14.636074
422 14.677515
423 14.689331
424 14.707721
425 14.742718
426 14.779162
427 14.808147
428 14.850243
429 14.872952
430 14.879020
431 14.915126
432 14.971446
433 14.989559
434 15.006486
435 15.048188
436 15.084396
437 15.103429
438 15.134084
439 15.139781
440 15.171736
441 15.196235
442 15.231777
443 15.275202
444 15.280353
445 15.304987
446 15.348812
447 15.384390
448 15.415035
449 15.445520
450 15.476528
451 15.498679
452 15.535611
453 15.565002
454 15.601197
455 15.599927
456 15.630573
457 15.660968
458 15.697405
459 15.726791
460 15.725992
461 15.781011
462 15.812108
463 15.843099
464 15.886146
465 15.924120
466 15.929716
467 15.965626
468 15.983535
469 16.033019
470 16.069554
471 16.093416
472 16.086593
473 16.146913
474 16.164471
475 16.194077
476 16.236065
477 16.259504
478 16.289705
479 16.318946
480 16.330429
481 16.347059
482 16.432228
483 16.449658
484 16.455151
485 16.502988
486 16.557405
487 16.600175
488 16.639654
489 16.663507
490 16.694216
491 16.699677
492 16.738696
493 16.774156
494 16.779805
495 16.803657
496 16.828613
497 16.876259
498 16.887085
499 16.909187
500 16.938649
501 16.962435
502 16.998381
503 17.062475
504 17.091834
505 17.115049
506 17.127233
507 17.151282
508 17.169237
509 17.186924
510 17.216405
511 17.228539
512 17.228087
513 17.209069
514 17.231326
515 17.256681
516 17.274830
517 17.267067
518 17.296715
519 17.309558
520 17.321301
521 17.358675
522 17.395161
523 17.459488
524 17.500709
525 17.524782
526 17.555900
527 17.562176
528 17.583990
529 17.613492
530 17.630230
531 17.648432
532 17.678991
533 17.672205
534 17.737603
535 17.793190
536 17.810217
537 17.827440
538 17.826591
539 17.845823
540 17.882305
541 17.894480
542 17.906664
543 17.933939
544 17.946173
545 17.949545
546 17.977653
547 17.994058
548 18.010444
549 18.031380
550 18.037114
551 18.056111
552 18.043931
553 18.066941
554 18.084096
555 18.095673
556 18.138110
557 18.179942
558 18.178239
559 18.219067
560 18.248943
561 18.278936
562 18.307447
563 18.331655
564 18.344193
565 18.374153
566 18.408740
567 18.438335
568 18.456977
569 18.487516
570 18.499487
571 18.528395
572 18.582863
573 18.595638
574 18.594876
575 18.625098
576 18.649785
577 18.673362
578 18.697383
579 18.727407
580 18.751475
581 18.751499
582 18.770106
583 18.769473
584 18.781487
585 18.774245
586 18.768056
587 18.804156
588 18.840621
589 18.857650
590 18.899518
591 18.948726
592 18.942163
593 18.936245
594 18.971335
595 18.981017
596 19.004053
597 19.039857
598 19.057237
599 19.104428
600 19.122914
601 19.139489
602 19.143796
603 19.160696
604 19.178224
605 19.202557
606 19.212442
607 19.243745
608 19.267457
609 19.309379
610 19.339895
611 19.364390
612 19.386045
613 19.416467
614 19.432811
615 19.457287
616 19.487897
617 19.486623
618 19.503936
619 19.521352
620 19.544452
621 19.588916
622 19.617667
623 19.623856
624 19.666586
625 19.747743
626 19.754502
627 19.742336
628 19.777359
629 19.819337
630 19.854786
631 19.890157
632 19.902847
633 19.932247
634 19.961141
635 19.984894
636 20.007425
637 20.013720
638 20.019812
639 20.061209
640 20.071103
641 20.125309
642 20.137179
643 20.176234
644 20.216707
645 20.257212
646 20.250940
647 20.299122
648 20.305429
649 20.323822
650 20.353556
651 20.377587
652 20.403579
653 20.421850
654 20.451053
655 20.480080
656 20.491519
657 20.514833
658 20.531924
659 20.567315
660 20.595838
661 20.647513
662 20.688529
663 20.718562
664 20.734851
665 20.759988
666 20.778508
667 20.815386
668 20.821011
669 20.827706
670 20.839719
671 20.868350
672 20.867993
673 20.890746
674 20.901416
675 20.924399
676 20.954519
677 20.959371
678 20.989414
679 21.017527
680 21.039633
681 21.092548
682 21.121387
683 21.133683
684 21.169172
685 21.182748
686 21.211144
687 21.240480
688 21.259222
689 21.287278
690 21.286942
691 21.310859
692 21.317462
693 21.314253
694 21.325565
695 21.349913
696 21.362132
697 21.373074
698 21.378398
699 21.420917
700 21.425735
701 21.461402
702 21.491036
703 21.501127
704 21.554631
705 21.565928
706 21.576717
707 21.585953
708 21.602732
709 21.643172
710 21.677107
711 21.692013
712 21.716853
713 21.747178
714 21.781008
715 21.785674
716 21.802087
717 21.794872
718 21.829305
719 21.842446
720 21.866742
721 21.914361
722 21.937922
723 21.973559
724 22.033197
725 22.055811
726 22.097063
727 22.119954
728 22.118337
729 22.148218
730 22.139910
731 22.163013
732 22.177662
733 22.219861
734 22.259819
735 22.268222
736 22.278219
737 22.284537
738 22.289132
739 22.319325
740 22.318997
741 22.358542
742 22.393281
743 22.439062
744 22.437531
745 22.461659
746 22.489521
747 22.495373
748 22.500513
749 22.524346
750 22.558179
751 22.589266
752 22.601383
753 22.582314
754 22.605856
755 22.617482
756 22.628590
757 22.638359
758 22.637149
759 22.642996
760 22.667396
761 22.711753
762 22.703352
763 22.726992
764 22.762629
765 22.784847
766 22.795364
767 22.824795
768 22.860293
769 22.877417
770 22.907439
771 22.931191
772 22.972956
773 23.018867
774 23.061388
775 23.066272
776 23.083591
777 23.114004
778 23.137464
779 23.129622
780 23.145806
781 23.163368
782 23.186699
783 23.220077
784 23.236296
785 23.250939
786 23.282615
787 23.300433
788 23.298049
789 23.338855
790 23.345270
791 23.355863
792 23.373177
793 23.365792
794 23.393865
795 23.391954
796 23.415405
797 23.439357
798 23.457898
799 23.474354
800 23.473048
801 23.490605
802 23.512376
803 23.531898
804 23.560565
805 23.572158
806 23.588082
807 23.609246
808 23.617170
809 23.621424
810 23.626472
811 23.650992
812 23.663012
813 23.699453
814 23.748829
815 23.772912
816 23.796529
817 23.807222
818 23.829720
819 23.833489
820 23.869586
821 23.883352
822 23.921252
823 23.914439
824 23.932657
825 23.943542
826 23.965713
827 23.977635
828 24.010523
829 24.037505
830 24.047822
831 24.088586
832 24.076888
833 24.083422
834 24.142065
835 24.151707
836 24.155660
837 24.184154
838 24.184358
839 24.196128
840 24.206739
841 24.224392
842 24.218208
843 24.265376
844 24.287853
845 24.306471
846 24.317803
847 24.340950
848 24.384223
849 24.407177
850 24.416085
851 24.457811
852 24.464624
853 24.475953
854 24.487514
855 24.497178
856 24.500025
857 24.510335
858 24.540451
859 24.562816
860 24.555462
861 24.559072
862 24.576748
863 24.606460
864 24.635472
865 24.665359
866 24.665030
867 24.670531
868 24.691251
869 24.703207
870 24.725860
871 24.748587
872 24.735770
873 24.747084
874 24.777849
875 24.818843
876 24.822997
877 24.863750
878 24.850130
879 24.849357
880 24.831462
881 24.824961
882 24.822741
883 24.850112
884 24.862117
885 24.877160
886 24.901160
887 24.917331
888 24.944798
889 24.994880
890 25.022626
891 25.046751
892 25.091955
893 25.118748
894 25.165325
895 25.193681
896 25.228497
897 25.222668
898 25.252015
899 25.286596
900 25.298446
901 25.309422
902 25.320728
903 25.329742
904 25.346168
905 25.371091
906 25.389526
907 25.406090
908 25.412387
909 25.439155
910 25.474839
911 25.472958
912 25.513788
913 25.521177
914 25.544679
915 25.572747
916 25.572134
917 25.597017
918 25.609572
919 25.621975
920 25.607520
921 25.607064
922 25.635448
923 25.644445
924 25.654704
925 25.660115
926 25.675780
927 25.685626
928 25.702650
929 25.714698
930 25.750875
931 25.761637
932 25.772528
933 25.800374
934 25.856913
935 25.872800
936 25.915473
937 25.918806
938 25.941337
939 25.971683
940 25.974496
941 26.014974
942 26.035291
943 26.045513
944 26.048353
945 26.052410
946 26.045423
947 26.066444
948 26.071483
949 26.100043
950 26.121946
951 26.119798
952 26.142416
953 26.160158
954 26.174225
955 26.180569
956 26.192676
957 26.240128
958 26.282352
959 26.318627
960 26.349006
961 26.378410
962 26.399278
963 26.410108
964 26.413369
965 26.428812
966 26.471325
967 26.489361
968 26.521122
969 26.531076
970 26.524310
971 26.553211
972 26.568322
973 26.580786
974 26.598229
975 26.632099
976 26.644338
977 26.679291
978 26.664626
979 26.667999
980 26.667990
981 26.648943
982 26.659908
983 26.643853
984 26.660804
985 26.696682
986 26.709503
987 26.775085
988 26.795237
989 26.812183
990 26.835657
991 26.858426
992 26.866064
993 26.872007
994 26.882584
995 26.895425
996 26.906628
997 26.923005
998 26.945988
999 26.976679
1000 26.962112
1001 26.972008
1002 27.013238
1003 27.043416
1004 27.060375
1005 27.109210
1006 27.106274
1007 27.094108
1008 27.123669
1009 27.158910
1010 27.158402
1011 27.157330
1012 27.181018
1013 27.238456
1014 27.268097
1015 27.289898
1016 27.295724
1017 27.331819
1018 27.355765
1019 27.377449
1020 27.389046
1021 27.396806
1022 27.420279
1023 27.438531
1024 27.479604
1025 27.484781
1026 27.507808
1027 27.520626
1028 27.531287
1029 27.578243
1030 27.595818
1031 27.606800
1032 27.612822
1033 27.617267
1034 27.650953
1035 27.667141
1036 27.662420
1037 27.693626
1038 27.727763
1039 27.755563
1040 27.764180
1041 27.786535
1042 27.800862
1043 27.811389
1044 27.876330
1045 27.870217
1046 27.887815
1047 27.886921
1048 27.892186
1049 27.914852
1050 27.926867
1051 27.958429
1052 27.956406
1053 27.961890
1054 27.983992
1055 27.983190
1056 27.996212
1057 27.989497
1058 28.022044
1059 28.045000
1060 28.044053
1061 28.054051
1062 28.081214
1063 28.116646
1064 28.136932
1065 28.177892
1066 28.176319
1067 28.216972
1068 28.221436
1069 28.238777
1070 28.261985
1071 28.279657
1072 28.315862
1073 28.332278
1074 28.336826
1075 28.357051
1076 28.383731
1077 28.382851
1078 28.381129
1079 28.407493
1080 28.399326
1081 28.397878
1082 28.403752
1083 28.397428
1084 28.414636
1085 28.431634
1086 28.449028
1087 28.475366
1088 28.478047
1089 28.492621
1090 28.527683
1091 28.548563
1092 28.534839
1093 28.565012
1094 28.566900
1095 28.591254
1096 28.653709
1097 28.667194
1098 28.680157
1099 28.689212
1100 28.698152
1101 28.716192
1102 28.749940
1103 28.750844
1104 28.777068
1105 28.792632
1106 28.797866
1107 28.821302
1108 28.842716
1109 28.811766
1110 28.832228
1111 28.843314
1112 28.837863
1113 28.854589
1114 28.847681
1115 28.893624
1116 28.897184
1117 28.937290
1118 28.931219
1119 28.932351
1120 28.954480
1121 28.970367
1122 28.975572
1123 28.987840
1124 29.021360
1125 29.013864
1126 29.021235
1127 29.037570
1128 29.058538
1129 29.070641
1130 29.095045
1131 29.096014
1132 29.119134
1133 29.124270
1134 29.145675
1135 29.151544
1136 29.177409
1137 29.199121
1138 29.231929
1139 29.254143
1140 29.274412
1141 29.272950
1142 29.311688
1143 29.315518
1144 29.327318
1145 29.336916
1146 29.359813
1147 29.359799
1148 29.379313
1149 29.423519
1150 29.433178
1151 29.409455
1152 29.425146
1153 29.430350
1154 29.475571
1155 29.495119
1156 29.519056
1157 29.551790
1158 29.558121
1159 29.565071
1160 29.613307
1161 29.635979
1162 29.654429
1163 29.688152
1164 29.703809
1165 29.719419
1166 29.758052
1167 29.764161
1168 29.773648
1169 29.803677
1170 29.814906
1171 29.809851
1172 29.808691
1173 29.814884
1174 29.805278
1175 29.810989
1176 29.815153
1177 29.817263
1178 29.818657
1179 29.830019
1180 29.840798
1181 29.867417
1182 29.904074
1183 29.944378
1184 29.964730
1185 30.012142
1186 30.040565
1187 30.038345
1188 30.060790
1189 30.073114
1190 30.073734
1191 30.082462
1192 30.101126
1193 30.112418
1194 30.111296
1195 30.126121
1196 30.132112
1197 30.140997
1198 30.134603
1199 30.142251
1200 30.131519
1201 30.144453
1202 30.171355
1203 30.177572
1204 30.189592
1205 30.208150
1206 30.236712
1207 30.256231
1208 30.283854
1209 30.294393
1210 30.318940
1211 30.333535
1212 30.342724
1213 30.376532
1214 30.390737
1215 30.430923
1216 30.458484
1217 30.460606
1218 30.470209
1219 30.482160
1220 30.481681
1221 30.491629
1222 30.507560
1223 30.506136
1224 30.523097
1225 30.535378
1226 30.552235
1227 30.568831
1228 30.591061
1229 30.612921
1230 30.618477
1231 30.600802
1232 30.635298
1233 30.661566
1234 30.713426
1235 30.705894
1236 30.731941
1237 30.746784
1238 30.763391
1239 30.776032
1240 30.788504
1241 30.810581
1242 30.823912
1243 30.843783
1244 30.867022
1245 30.897718
1246 30.937454
1247 30.936476
1248 30.946345
1249 30.945538
1250 30.938763
1251 30.954682
1252 31.009969
1253 31.025214
1254 31.048155
1255 31.053288
1256 31.071055
1257 31.093844
1258 31.092582
1259 31.127653
1260 31.124992
1261 31.129855
1262 31.146163
1263 31.181622
1264 31.194714
1265 31.206576
1266 31.222701
1267 31.232249
1268 31.276455
1269 31.300215
1270 31.305036
1271 31.340360
1272 31.339459
1273 31.362508
1274 31.375206
1275 31.401472
1276 31.420728
1277 31.431218
1278 31.453307
1279 31.480823
1280 31.494201
1281 31.522311
1282 31.563784
1283 31.563682
1284 31.569215
1285 31.587371
1286 31.604420
1287 31.627772
1288 31.627118
1289 31.652066
1290 31.670029
1291 31.692921
1292 31.692642
1293 31.721497
1294 31.745834
1295 31.799822
1296 31.827541
1297 31.844738
1298 31.861275
1299 31.916022
1300 31.924873
1301 31.918013
1302 31.951442
1303 31.950355
1304 31.971949
1305 32.019140
1306 32.027710
1307 32.056087
1308 32.065041
1309 32.123985
1310 32.154903
1311 32.147868
1312 32.191678
1313 32.207517
1314 32.240645
1315 32.269788
1316 32.297243
1317 32.316413
1318 32.321952
1319 32.313800
1320 32.328160
1321 32.320305
1322 32.332578
1323 32.332703
1324 32.332077
1325 32.353676
1326 32.364906
1327 32.405763
1328 32.427905
1329 32.465423
1330 32.458753
1331 32.464202
1332 32.492375
1333 32.508686
1334 32.544599
1335 32.560330
1336 32.581675
1337 32.586275
1338 32.607166
1339 32.618815
1340 32.631775
1341 32.629689
1342 32.632933
1343 32.624169
1344 32.624613
1345 32.652446
1346 32.685332
1347 32.707076
1348 32.707274
1349 32.741041
1350 32.757018
1351 32.755719
1352 32.761483
1353 32.757128
1354 32.777025
1355 32.787727
1356 32.792007
1357 32.790028
1358 32.825999
1359 32.837787
1360 32.866290
1361 32.879068
1362 32.904774
1363 32.918429
1364 32.930008
1365 32.938240
1366 32.943061
1367 32.953803
1368 33.002661
1369 33.017651
1370 33.034490
1371 33.033070
1372 33.049057
1373 33.058520
1374 33.087238
1375 33.097790
1376 33.106718
1377 33.116154
1378 33.115100
1379 33.123436
1380 33.136375
1381 33.159274
1382 33.188469
1383 33.204632
1384 33.221171
1385 33.226200
1386 33.217692
1387 33.243667
1388 33.241104
1389 33.250517
1390 33.259951
1391 33.287043
1392 33.303063
1393 33.303655
1394 33.331152
1395 33.366350
1396 33.365984
1397 33.390832
1398 33.372300
1399 33.386995
1400 33.394266
1401 33.406387
1402 33.415326
1403 33.407074
1404 33.439603
1405 33.464105
1406 33.473145
1407 33.502062
1408 33.512424
1409 33.532316
1410 33.555985
1411 33.571508
1412 33.602385
1413 33.604921
1414 33.610077
1415 33.625898
1416 33.658401
1417 33.649730
1418 33.666059
1419 33.692081
1420 33.705668
1421 33.709616
1422 33.727632
1423 33.738143
1424 33.746165
1425 33.745282
1426 33.757385
1427 33.785561
1428 33.805926
1429 33.811698
1430 33.839829
1431 33.835850
1432 33.829135
1433 33.831883
1434 33.861109
1435 33.829761
1436 33.866071
1437 33.860481
1438 33.900120
1439 33.890370
1440 33.916372
1441 33.954109
1442 33.946309
1443 33.950519
1444 33.950486
1445 33.970354
1446 33.977208
1447 33.981795
1448 33.995455
1449 34.013091
1450 34.031313
1451 34.052595
1452 34.070858
1453 34.102140
1454 34.113700
1455 34.150446
1456 34.156206
1457 34.143739
1458 34.176850
1459 34.192492
1460 34.222889
1461 34.222651
1462 34.230853
1463 34.221008
1464 34.258653
1465 34.286315
1466 34.296530
1467 34.285121
1468 34.312776
1469 34.309628
1470 34.321293
1471 34.328856
1472 34.353826
1473 34.383475
1474 34.400068
1475 34.426752
1476 34.431437
1477 34.430828
1478 34.411097
1479 34.411449
1480 34.427210
1481 34.449937
1482 34.443143
1483 34.438537
1484 34.454224
1485 34.470579
1486 34.479566
1487 34.496917
1488 34.513815
1489 34.512724
1490 34.527428
1491 34.561326
1492 34.582093
1493 34.589855
1494 34.608979
1495 34.637590
1496 34.672934
1497 34.707831
1498 34.730450
1499 34.760779
1500 34.768304
1501 34.760974
1502 34.778806
1503 34.764995
1504 34.764969
1505 34.788825
1506 34.825078
1507 34.828512
1508 34.840280
1509 34.871554
1510 34.871178
1511 34.885535
1512 34.907418
1513 34.922988
1514 34.967113
1515 34.977113
1516 34.990799
1517 34.991127
1518 35.024432
1519 35.022656
1520 35.027188
1521 35.055651
1522 35.082767
1523 35.094770
1524 35.080689
1525 35.097987
1526 35.097294
1527 35.115574
1528 35.115187
1529 35.110320
1530 35.128740
1531 35.150015
1532 35.143937
1533 35.164662
1534 35.180355
1535 35.188800
1536 35.199401
1537 35.204010
1538 35.209890
1539 35.198352
1540 35.203977
1541 35.234727
1542 35.243510
1543 35.264199
1544 35.286384
1545 35.278656
1546 35.301392
1547 35.329062
1548 35.339276
1549 35.358714
1550 35.367323
1551 35.395851
1552 35.405879
1553 35.413310
1554 35.443119
1555 35.454822
1556 35.461246
1557 35.480717
1558 35.492670
1559 35.509327
1560 35.529487
1561 35.573843
1562 35.601905
1563 35.606938
1564 35.622859
1565 35.650352
1566 35.667437
1567 35.679025
1568 35.680403
1569 35.670625
1570 35.674728
1571 35.666530
1572 35.664572
1573 35.656424
1574 35.659404
1575 35.671668
1576 35.690429
1577 35.696042
1578 35.712570
1579 35.728128
1580 35.764468
1581 35.777911
1582 35.777523
1583 35.775443
1584 35.774091
1585 35.788888
1586 35.792938
1587 35.827126
1588 35.845395
1589 35.881162
1590 35.889590
1591 35.913470
1592 35.920734
1593 35.918549
1594 35.924233
1595 35.968608
1596 36.007489
1597 36.016560
1598 36.005448
1599 36.043263
1600 36.085127
1601 36.079846
1602 36.088398
1603 36.093029
1604 36.099073
1605 36.103221
1606 36.108149
1607 36.150059
1608 36.165017
1609 36.172851
1610 36.180171
1611 36.199250
1612 36.199286
1613 36.196425
1614 36.191588
1615 36.204803
1616 36.213019
1617 36.215398
1618 36.238529
1619 36.269611
1620 36.294757
1621 36.302755
1622 36.336949
1623 36.357658
1624 36.391030
1625 36.405421
1626 36.420726
1627 36.432334
1628 36.432748
1629 36.422940
1630 36.453750
1631 36.463953
1632 36.467830
1633 36.479526
1634 36.464563
1635 36.468558
1636 36.472872
1637 36.479613
1638 36.512674
1639 36.513224
1640 36.534486
1641 36.544610
1642 36.573917
1643 36.610875
1644 36.645685
1645 36.651042
1646 36.656668
1647 36.677179
1648 36.689217
1649 36.699874
1650 36.716303
1651 36.715125
1652 36.714799
1653 36.737452
1654 36.756115
1655 36.771014
1656 36.770266
1657 36.786025
1658 36.801490
1659 36.799777
1660 36.819673
1661 36.816472
1662 36.842099
1663 36.845773
1664 36.873085
1665 36.889097
1666 36.880824
1667 36.872510
1668 36.890349
1669 36.925895
1670 36.933859
1671 36.933040
1672 36.927437
1673 36.938224
1674 36.959296
1675 36.976979
1676 36.992109
1677 37.002514
1678 37.014034
1679 37.036553
1680 37.053297
1681 37.050055
1682 37.061284
1683 37.059839
1684 37.047397
1685 37.074451
1686 37.127307
1687 37.115131
1688 37.124515
1689 37.146284
1690 37.162847
1691 37.179130
1692 37.193283
1693 37.222813
1694 37.255382
1695 37.269061
1696 37.287298
1697 37.288510
1698 37.314128
1699 37.310170
1700 37.332834
1701 37.339592
1702 37.339532
1703 37.356525
1704 37.366420
1705 37.398930
1706 37.403981
1707 37.418927
1708 37.447381
1709 37.433080
1710 37.451932
1711 37.469896
1712 37.474465
1713 37.476147
1714 37.512183
1715 37.504907
1716 37.513592
1717 37.560313
1718 37.572473
1719 37.601482
1720 37.623569
1721 37.628082
1722 37.662866
1723 37.665842
1724 37.676608
1725 37.700908
1726 37.688335
1727 37.707319
1728 37.715857
1729 37.744131
1730 37.743139
1731 37.756224
1732 37.761792
1733 37.772152
1734 37.798181
1735 37.819760
1736 37.822614
1737 37.837340
1738 37.843532
1739 37.831968
1740 37.830366
1741 37.821456
1742 37.826891
1743 37.831704
1744 37.846598
1745 37.853637
1746 37.871789
1747 37.871928
1748 37.908930
1749 37.899906
1750 37.902985
1751 37.902402
1752 37.924413
1753 37.918396
1754 37.911950
1755 37.916623
1756 37.935869
1757 37.944587
1758 37.938729
1759 37.971620
1760 37.988261
1761 37.999975
1762 38.025228
1763 38.058347
1764 38.045238
1765 38.072587
1766 38.077159
1767 38.101539
1768 38.116844
1769 38.156022
1770 38.185333
1771 38.217764
1772 38.227604
1773 38.228462
1774 38.221321
1775 38.246634
1776 38.274585
1777 38.301970
1778 38.328988
1779 38.355839
1780 38.398772
1781 38.410073
1782 38.414822
1783 38.418102
1784 38.439984
1785 38.462942
1786 38.470922
1787 38.493316
1788 38.486610
1789 38.479638
1790 38.478421
1791 38.484002
1792 38.481299
1793 38.481404
1794 38.506525
1795 38.523803
1796 38.509081
1797 38.521960
1798 38.535350
1799 38.557018
1800 38.544594
1801 38.553210
1802 38.568625
1803 38.553013
1804 38.546399
1805 38.540229
1806 38.542587
1807 38.559962
1808 38.553836
1809 38.547516
1810 38.561946
1811 38.560795
1812 38.565474
1813 38.600700
1814 38.611132
1815 38.617146
1816 38.629196
1817 38.659293
1818 38.670434
1819 38.666148
1820 38.669099
1821 38.684595
1822 38.671722
1823 38.695501
1824 38.708587
1825 38.736237
1826 38.733058
1827 38.743863
1828 38.743804
1829 38.769671
1830 38.773940
1831 38.785985
1832 38.838183
1833 38.861769
1834 38.865611
1835 38.849005
1836 38.865635
1837 38.866957
1838 38.867260
1839 38.864995
1840 38.882561
1841 38.896645
1842 38.914500
1843 38.939892
1844 38.950169
1845 38.968516
1846 38.987805
1847 38.997962
1848 38.986612
1849 38.998757
1850 39.042654
1851 39.068330
1852 39.089428
1853 39.077047
1854 39.068968
1855 39.106598
1856 39.110529
1857 39.109110
1858 39.128517
1859 39.133786
1860 39.129137
1861 39.151173
1862 39.161565
1863 39.160658
1864 39.178498
1865 39.186621
1866 39.205844
1867 39.181627
1868 39.186744
1869 39.179701
1870 39.197194
1871 39.240905
1872 39.250881
1873 39.275537
1874 39.262999
1875 39.280702
1876 39.287309
1877 39.281621
1878 39.273764
1879 39.306654
1880 39.323750
1881 39.345587
1882 39.344927
1883 39.343825
1884 39.344969
1885 39.355558
1886 39.380800
1887 39.396164
1888 39.428307
1889 39.466563
1890 39.472767
1891 39.504852
1892 39.534253
1893 39.530114
1894 39.560928
1895 39.606465
1896 39.625989
1897 39.622838
1898 39.639812
1899 39.660349
1900 39.676278
1901 39.679773
1902 39.691890
1903 39.674164
1904 39.677200
1905 39.681713
1906 39.675544
1907 39.682278
1908 39.685437
1909 39.704198
1910 39.706436
1911 39.724405
1912 39.750952
1913 39.793646
1914 39.819058
1915 39.825039
1916 39.831805
1917 39.829748
1918 39.846952
1919 39.859619
1920 39.880772
1921 39.885396
1922 39.872550
1923 39.887611
1924 39.905094
1925 39.922053
1926 39.958920
1927 39.952073
1928 39.951100
1929 39.950855
1930 39.960249
1931 39.975767
1932 39.984318
1933 39.975840
1934 39.970419
1935 40.003657
1936 39.996038
1937 39.993898
1938 40.006186
1939 40.024081
1940 40.028056
1941 40.037881
1942 40.053354
1943 40.069471
1944 40.090266
1945 40.106155
1946 40.114839
1947 40.123916
1948 40.143704
1949 40.129203
1950 40.130169
1951 40.135605
1952 40.135482
1953 40.173905
1954 40.201428
1955 40.218582
1956 40.222541
1957 40.256767
1958 40.295114
1959 40.308265
1960 40.314726
1961 40.320623
1962 40.343376
1963 40.372603
1964 40.379331
1965 40.398575
1966 40.400217
1967 40.433672
1968 40.463016
1969 40.473815
1970 40.466256
1971 40.464610
1972 40.500300
1973 40.516169
1974 40.520331
1975 40.546583
1976 40.562435
1977 40.552056
1978 40.541715
1979 40.558920
1980 40.569990
1981 40.578828
1982 40.588781
1983 40.592737
1984 40.608598
1985 40.654193
1986 40.707588
1987 40.708791
1988 40.693746
1989 40.731446
1990 40.693147
1991 40.725784
1992 40.742842
1993 40.767285
1994 40.763823
1995 40.798473
1996 40.816823
1997 40.836084
1998 40.853648
1999 40.865581
2000 40.870730
2001 40.881277
2002 40.887953
2003 40.864750
2004 40.895723
2005 40.893884
2006 40.923038
2007 40.936124
2008 40.943730
2009 40.936637
2010 40.939993
2011 40.972712
2012 40.988959
2013 41.009385
2014 41.008848
2015 41.008528
2016 40.981718
2017 40.992955
2018 41.006713
2019 41.003458
2020 41.005211
2021 40.998054
2022 41.005753
2023 41.010857
2024 41.019210
2025 40.990458
2026 40.998763
2027 40.991184
2028 41.007205
2029 41.043669
2030 41.058627
2031 41.072327
2032 41.115057
2033 41.101331
2034 41.118133
2035 41.138903
2036 41.174018
2037 41.206412
2038 41.220190
2039 41.253382
2040 41.261682
2041 41.261710
2042 41.283396
2043 41.306215
2044 41.338680
2045 41.342546
2046 41.361596
2047 41.368702
2048 41.370579
2049 41.382825
2050 41.377143
2051 41.381087
2052 41.386562
2053 41.400770
2054 41.423917
2055 41.457281
2056 41.462702
2057 41.484473
2058 41.503807
2059 41.500885
2060 41.511742
2061 41.514286
2062 41.538083
2063 41.556313
2064 41.548675
2065 41.579092
2066 41.622261
2067 41.620039
2068 41.597890
2069 41.602242
2070 41.608497
2071 41.621198
2072 41.635684
2073 41.661322
2074 41.683890
2075 41.688673
2076 41.688466
2077 41.704089
2078 41.709630
2079 41.732582
2080 41.760089
2081 41.780099
2082 41.805726
2083 41.819538
2084 41.810214
2085 41.810179
2086 41.814814
2087 41.829218
2088 41.840749
2089 41.849027
2090 41.830069
2091 41.827145
2092 41.838279
2093 41.866439
2094 41.875226
2095 41.903426
2096 41.937901
2097 41.966532
2098 41.987162
2099 42.016416
2100 42.012287
2101 42.025780
2102 42.017296
2103 42.037212
2104 42.034317
2105 42.053922
2106 42.050468
2107 42.071638
2108 42.084065
2109 42.082526
2110 42.088644
2111 42.083649
2112 42.105378
2113 42.122034
2114 42.123785
2115 42.124083
2116 42.125199
2117 42.148484
2118 42.166915
2119 42.199067
2120 42.192703
2121 42.186944
2122 42.173530
2123 42.197104
2124 42.207741
2125 42.209308
2126 42.214452
2127 42.243345
2128 42.253507
2129 42.217835
2130 42.199686
2131 42.205450
2132 42.223747
2133 42.248101
2134 42.246107
2135 42.246789
2136 42.261137
2137 42.267733
2138 42.288356
2139 42.305285
2140 42.315060
2141 42.324007
2142 42.318409
2143 42.304029
2144 42.324671
2145 42.338277
2146 42.332451
2147 42.343967
2148 42.371949
2149 42.375978
2150 42.394212
2151 42.405412
2152 42.409962
2153 42.416568
2154 42.410075
2155 42.411976
2156 42.426120
2157 42.435438
2158 42.466102
2159 42.474320
2160 42.470442
2161 42.485385
2162 42.485624
2163 42.488454
2164 42.494048
2165 42.504392
2166 42.503188
2167 42.499364
2168 42.487351
2169 42.496178
2170 42.510432
2171 42.497897
2172 42.493641
2173 42.509704
2174 42.523276
2175 42.547268
2176 42.557190
2177 42.554948
2178 42.546889
2179 42.563222
2180 42.542532
2181 42.542266
2182 42.547650
2183 42.532422
2184 42.544335
2185 42.527002
2186 42.549427
2187 42.559581
2188 42.594481
2189 42.644135
2190 42.644936
2191 42.643471
2192 42.646760
2193 42.657803
2194 42.667792
2195 42.684024
2196 42.724622
2197 42.728448
2198 42.751780
2199 42.755188
2200 42.773360
2201 42.765548
2202 42.776301
2203 42.798300
2204 42.801934
2205 42.833776
2206 42.883642
2207 42.897306
2208 42.907360
2209 42.921119
2210 42.946755
2211 42.949722
2212 42.957462
2213 42.962375
2214 42.975856
2215 42.978502
2216 42.995188
2217 43.011885
2218 43.020759
2219 43.012951
2220 43.011533
2221 43.012891
2222 43.054491
2223 43.066533
2224 43.054881
2225 43.055161
2226 43.070241
2227 43.086031
2228 43.079225
2229 43.091726
2230 43.113902
2231 43.102294
2232 43.116963
2233 43.132191
2234 43.151829
2235 43.178417
2236 43.196373
2237 43.207706
2238 43.217515
2239 43.223193
2240 43.207471
2241 43.232254
2242 43.248487
2243 43.262123
2244 43.261490
2245 43.274631
2246 43.288209
2247 43.287285
2248 43.310629
2249 43.327017
2250 43.342531
2251 43.365115
2252 43.372904
2253 43.399845
2254 43.402107
2255 43.402154
2256 43.435654
2257 43.446551
2258 43.450959
2259 43.456642
2260 43.474104
2261 43.486949
2262 43.491247
2263 43.491175
2264 43.519503
2265 43.501349
2266 43.503113
2267 43.511733
2268 43.521503
2269 43.547984
2270 43.542966
2271 43.554407
2272 43.551531
2273 43.581106
2274 43.630395
2275 43.617027
2276 43.631533
2277 43.642543
2278 43.639700
2279 43.657055
2280 43.667703
2281 43.651006
2282 43.666099
2283 43.682677
2284 43.691466
2285 43.695350
2286 43.676794
2287 43.713583
2288 43.716091
2289 43.728469
2290 43.730666
2291 43.737499
2292 43.723435
2293 43.712115
2294 43.739954
2295 43.771815
2296 43.789756
2297 43.799958
2298 43.814165
2299 43.831485
2300 43.843887
2301 43.863957
2302 43.859230
2303 43.864356
2304 43.881746
2305 43.889273
2306 43.895520
2307 43.923431
2308 43.940722
2309 43.955706
2310 43.944804
2311 43.949815
2312 43.967802
2313 43.956991
2314 43.944851
2315 43.977731
2316 43.987186
2317 43.962046
2318 43.967308
2319 43.976428
2320 43.986692
2321 44.020485
2322 44.030618
2323 44.057757
2324 44.072589
2325 44.083315
2326 44.106128
2327 44.105857
2328 44.116069
2329 44.116794
2330 44.129734
2331 44.129103
2332 44.133568
2333 44.133538
2334 44.143824
2335 44.163565
2336 44.170753
2337 44.186154
2338 44.191292
2339 44.201529
2340 44.191937
2341 44.210958
2342 44.210875
2343 44.220447
2344 44.235738
2345 44.209400
2346 44.218093
2347 44.233057
2348 44.248091
2349 44.274645
2350 44.295066
2351 44.303190
2352 44.301307
2353 44.324435
2354 44.326151
2355 44.302072
2356 44.308428
2357 44.311347
2358 44.331744
2359 44.337883
2360 44.340138
2361 44.347621
2362 44.363782
2363 44.374963
2364 44.384361
2365 44.419146
2366 44.404215
2367 44.402517
2368 44.413414
2369 44.429798
2370 44.454260
2371 44.469114
2372 44.495497
2373 44.491402
2374 44.472267
2375 44.478860
2376 44.509062
2377 44.516599
2378 44.533424
2379 44.559571
2380 44.573813
2381 44.595234
2382 44.602969
2383 44.628986
2384 44.649794
2385 44.666071
2386 44.673022
2387 44.669172
2388 44.669003
2389 44.675280
2390 44.685628
2391 44.681198
2392 44.695508
2393 44.718882
2394 44.692026
2395 44.687647
2396 44.685192
2397 44.712302
2398 44.705294
2399 44.717332
2400 44.752056
2401 44.755186
2402 44.741581
2403 44.756641
2404 44.768663
2405 44.781717
2406 44.786539
2407 44.793695
2408 44.806432
2409 44.811004
2410 44.840558
2411 44.830667
2412 44.821152
2413 44.850675
2414 44.845738
2415 44.842828
2416 44.839092
2417 44.873246
2418 44.884508
2419 44.890192
2420 44.912305
2421 44.935560
2422 44.940827
2423 44.947966
2424 44.959091
2425 44.956848
2426 44.967190
2427 44.980317
2428 44.966476
2429 44.966340
2430 44.995294
2431 45.012686
2432 45.011053
2433 45.029007
2434 45.034856
2435 45.036159
2436 45.051858
2437 45.082750
2438 45.104404
2439 45.098437
2440 45.110105
2441 45.114357
2442 45.135015
2443 45.144322
2444 45.148500
2445 45.158839
2446 45.165880
2447 45.186342
2448 45.175697
2449 45.153874
2450 45.158297
2451 45.170952
2452 45.194345
2453 45.208472
2454 45.222739
2455 45.228725
2456 45.245805
2457 45.276978
2458 45.265659
2459 45.255075
2460 45.291080
2461 45.310708
2462 45.338576
2463 45.348099
2464 45.354713
2465 45.362114
2466 45.373273
2467 45.382404
2468 45.400670
2469 45.414998
2470 45.403429
2471 45.414272
2472 45.439259
2473 45.470987
2474 45.475719
2475 45.470913
2476 45.479694
2477 45.488561
2478 45.500844
2479 45.519229
2480 45.537587
2481 45.560646
2482 45.560942
2483 45.559506
2484 45.575758
2485 45.581505
2486 45.589705
2487 45.604195
2488 45.613311
2489 45.621499
2490 45.622388
2491 45.604834
2492 45.616223
2493 45.644365
2494 45.653969
2495 45.657179
2496 45.655919
2497 45.688230
2498 45.701627
2499 45.733133
2500 45.757274
2501 45.755547
2502 45.777350
2503 45.777001
2504 45.783088
2505 45.754105
2506 45.767173
2507 45.785661
2508 45.796703
2509 45.772394
2510 45.789726
2511 45.790036
2512 45.804805
2513 45.820716
2514 45.837443
2515 45.854664
2516 45.836405
2517 45.837430
2518 45.830417
2519 45.854342
2520 45.867067
2521 45.883764
2522 45.901903
2523 45.881897
2524 45.875569
2525 45.872190
2526 45.864498
2527 45.879105
2528 45.894513
2529 45.900629
2530 45.898611
2531 45.919012
2532 45.942093
2533 45.947713
2534 45.972478
2535 45.963835
2536 45.968356
2537 45.982855
2538 46.006534
2539 45.981846
2540 45.993752
2541 45.996611
2542 45.991922
2543 46.022063
2544 46.031046
2545 46.050646
2546 46.043524
2547 46.051100
2548 46.041683
2549 46.044903
2550 46.038940
2551 46.074332
2552 46.083375
2553 46.104833
2554 46.123522
2555 46.120198
2556 46.131343
2557 46.134900
2558 46.129007
2559 46.141313
2560 46.137579
2561 46.149631
2562 46.152867
2563 46.151942
2564 46.145255
2565 46.162556
2566 46.181906
2567 46.193483
2568 46.219550
2569 46.235579
2570 46.239022
2571 46.236766
2572 46.261646
2573 46.284104
2574 46.295357
2575 46.305385
2576 46.321773
2577 46.341079
2578 46.355238
2579 46.351645
2580 46.404807
2581 46.422333
2582 46.396370
2583 46.398527
2584 46.397668
2585 46.413981
2586 46.445705
2587 46.450702
2588 46.457639
2589 46.466970
2590 46.490439
2591 46.490657
2592 46.503635
2593 46.525686
2594 46.525003
2595 46.537181
2596 46.528221
2597 46.542731
2598 46.515945
2599 46.520968
2600 46.523757
2601 46.523512
2602 46.514889
2603 46.537434
2604 46.556362
2605 46.537215
2606 46.571769
2607 46.584380
2608 46.572199
2609 46.551923
2610 46.562519
2611 46.552906
2612 46.572746
2613 46.580717
2614 46.598553
2615 46.617912
2616 46.634223
2617 46.644370
2618 46.636774
2619 46.642721
2620 46.668367
2621 46.661570
2622 46.671145
2623 46.706181
2624 46.726815
2625 46.715167
2626 46.738485
2627 46.746674
2628 46.740060
2629 46.746037
2630 46.754750
2631 46.770458
2632 46.772177
2633 46.765289
2634 46.759373
2635 46.759282
2636 46.769003
2637 46.792899
2638 46.803824
2639 46.797915
2640 46.804237
2641 46.825929
2642 46.825536
2643 46.832908
2644 46.824226
2645 46.827333
2646 46.840071
2647 46.870201
2648 46.893965
2649 46.897772
2650 46.913719
2651 46.923404
2652 46.916248
2653 46.922852
2654 46.904118
2655 46.910434
2656 46.923433
2657 46.942496
2658 46.963947
2659 46.953952
2660 46.979102
2661 46.973594
2662 47.000018
2663 46.984412
2664 46.992694
2665 47.020416
2666 47.020636
2667 47.029316
2668 47.027208
2669 47.027820
2670 47.056348
2671 47.047627
2672 47.060472
2673 47.071864
2674 47.072225
2675 47.108869
2676 47.113765
2677 47.122921
2678 47.117996
2679 47.142863
2680 47.136946
2681 47.133405
2682 47.150618
2683 47.150969
2684 47.168529
2685 47.187362
2686 47.197702
2687 47.210440
2688 47.230505
2689 47.248635
2690 47.262523
2691 47.288086
2692 47.278251
2693 47.292456
2694 47.318825
2695 47.328340
2696 47.331696
2697 47.355530
2698 47.369310
2699 47.387701
2700 47.405373
2701 47.397425
2702 47.423371
2703 47.452330
2704 47.451498
2705 47.445582
2706 47.469994
2707 47.464851
2708 47.459384
2709 47.471433
2710 47.474495
2711 47.467752
2712 47.484385
2713 47.516979
2714 47.542226
2715 47.560549
2716 47.560007
2717 47.563400
2718 47.595302
2719 47.621300
2720 47.617035
2721 47.623774
2722 47.634169
2723 47.639531
2724 47.636268
2725 47.640908
2726 47.647191
2727 47.657813
2728 47.666436
2729 47.674418
2730 47.696381
2731 47.694550
2732 47.713955
2733 47.733259
2734 47.736912
2735 47.777178
2736 47.801414
2737 47.802004
2738 47.806893
2739 47.806383
2740 47.817269
2741 47.845144
2742 47.858932
2743 47.876025
2744 47.872443
2745 47.887851
2746 47.876661
2747 47.873769
2748 47.859754
2749 47.863967
2750 47.856423
2751 47.871324
2752 47.862227
2753 47.884282
2754 47.899559
2755 47.919228
2756 47.954333
2757 47.971017
2758 47.970474
2759 47.981017
2760 47.993456
2761 47.992469
2762 48.041532
2763 48.056240
2764 48.062128
2765 48.100215
2766 48.096518
2767 48.123321
2768 48.123324
2769 48.130049
2770 48.149562
2771 48.142474
2772 48.172733
2773 48.197509
2774 48.198732
2775 48.178395
2776 48.173665
2777 48.167417
2778 48.159978
2779 48.171141
2780 48.190404
2781 48.201718
2782 48.222859
2783 48.244074
2784 48.269854
2785 48.271003
2786 48.303305
2787 48.286580
2788 48.300326
2789 48.315306
2790 48.308442
2791 48.335428
2792 48.318192
2793 48.340593
2794 48.378210
2795 48.383536
2796 48.404208
2797 48.407184
2798 48.403051
2799 48.422667
2800 48.413667
2801 48.413936
2802 48.423223
2803 48.439964
2804 48.431861
2805 48.447711
2806 48.427810
2807 48.443377
2808 48.464800
2809 48.499987
2810 48.521911
2811 48.517979
2812 48.517821
2813 48.539097
2814 48.537617
2815 48.547809
2816 48.582229
2817 48.574821
2818 48.581688
2819 48.598130
2820 48.586975
2821 48.581711
2822 48.597225
2823 48.632605
2824 48.628193
2825 48.630884
2826 48.635352
2827 48.646269
2828 48.628222
2829 48.630778
2830 48.652311
2831 48.662581
2832 48.672293
2833 48.677485
2834 48.679232
2835 48.704027
2836 48.698007
2837 48.695340
2838 48.713884
2839 48.709653
2840 48.704011
2841 48.701619
2842 48.709692
2843 48.708168
2844 48.707096
2845 48.717945
2846 48.732711
2847 48.733505
2848 48.743239
2849 48.754998
2850 48.783331
2851 48.767117
2852 48.749237
2853 48.759126
2854 48.752166
2855 48.772402
2856 48.768294
2857 48.751422
2858 48.756372
2859 48.773314
2860 48.787849
2861 48.793757
2862 48.801057
2863 48.804406
2864 48.800069
2865 48.803119
2866 48.816323
2867 48.813619
2868 48.805045
2869 48.810214
2870 48.823431
2871 48.813210
2872 48.830610
2873 48.815254
2874 48.831724
2875 48.848339
2876 48.852814
2877 48.870337
2878 48.875999
2879 48.892543
2880 48.912416
2881 48.908236
2882 48.935570
2883 48.928723
2884 48.933799
2885 48.945129
2886 48.949189
2887 48.923116
2888 48.916251
2889 48.923968
2890 48.945651
2891 48.944101
2892 48.933341
2893 48.965061
2894 48.955709
2895 48.956158
2896 48.955990
2897 48.964576
2898 48.961415
2899 48.988756
2900 48.990599
2901 48.980855
2902 48.967852
2903 48.989067
2904 48.972502
2905 48.968352
2906 48.982581
2907 48.984355
2908 49.008009
2909 48.973860
2910 48.993501
2911 49.009927
2912 49.018634
2913 49.026283
2914 49.026328
2915 49.019242
2916 49.025338
2917 49.061239
2918 49.073062
2919 49.095079
2920 49.101102
2921 49.115288
2922 49.135790
2923 49.163101
2924 49.180992
2925 49.201303
2926 49.207012
2927 49.222132
2928 49.237899
2929 49.227703
2930 49.242537
2931 49.234272
2932 49.229990
2933 49.236596
2934 49.228759
2935 49.228637
2936 49.223428
2937 49.251229
2938 49.268846
2939 49.304112
2940 49.326519
2941 49.320686
2942 49.312829
2943 49.315009
2944 49.326457
2945 49.341763
2946 49.338340
2947 49.325783
2948 49.321142
2949 49.312460
2950 49.317164
2951 49.335095
2952 49.349772
2953 49.339608
2954 49.354365
2955 49.361229
2956 49.349821
2957 49.360749
2958 49.378465
2959 49.390391
2960 49.415031
2961 49.414083
2962 49.419028
2963 49.429072
2964 49.434841
2965 49.459558
2966 49.478008
2967 49.485274
2968 49.470631
2969 49.476387
2970 49.487414
2971 49.496976
2972 49.534079
2973 49.540101
2974 49.544794
2975 49.557971
2976 49.548990
2977 49.567708
2978 49.605246
2979 49.612848
2980 49.611372
2981 49.605912
2982 49.621560
2983 49.619010
2984 49.604064
2985 49.618684
2986 49.612378
2987 49.623812
2988 49.627935
2989 49.655351
2990 49.677905
2991 49.680072
2992 49.718847
2993 49.716325
2994 49.732016
2995 49.741791
2996 49.757208
2997 49.765289
2998 49.783688
2999 49.792252
