0.010000 0.000000
0.020000 0.000000
0.030000 0.000000
0.040000 0.000000
0.050000 0.000000
0.060000 0.000000
0.070000 0.000000
0.080000 0.000000
0.090000 0.000000
0.100000 0.000000
0.110000 0.000000
0.120000 0.000000
0.130000 0.000000
0.140000 0.000000
0.150000 0.001388
0.160000 0.001388
0.170000 0.002776
0.180000 0.003817
0.190000 0.008328
0.200000 0.013879
0.210000 0.022207
0.220000 0.037127
0.230000 0.062110
0.240000 0.097155
0.250000 0.149202
0.260000 0.209230
0.270000 0.298404
0.280000 0.409785
0.290000 0.528105
0.300000 0.680083
0.310000 0.873352
0.320000 1.092297
0.330000 1.267176
0.340000 1.504164
0.350000 1.751908
0.360000 2.018737
0.370000 2.310895
0.380000 2.586745
0.390000 2.783831
0.400000 3.006246
0.410000 3.133935
0.420000 3.299098
0.430000 3.425052
0.440000 3.496183
0.450000 3.506940
0.460000 3.452464
0.470000 3.358779
0.480000 3.217557
0.490000 3.060722
0.500000 2.884455
0.510000 2.748092
0.520000 2.529147
0.530000 2.280014
0.540000 2.042332
0.550000 1.810201
0.560000 1.607564
0.570000 1.407009
0.580000 1.234212
0.590000 1.048577
0.600000 0.873005
0.610000 0.719292
0.620000 0.599584
0.630000 0.505899
0.640000 0.412561
0.650000 0.336572
0.660000 0.282096
0.670000 0.214781
0.680000 0.170715
0.690000 0.121443
0.700000 0.095073
0.710000 0.071478
0.720000 0.051006
0.730000 0.032616
0.740000 0.024983
0.750000 0.022207
0.760000 0.015267
0.770000 0.010756
0.780000 0.008328
0.790000 0.006593
0.800000 0.003470
0.810000 0.002082
0.820000 0.001388
0.830000 0.000694
0.839999 0.000347
0.849999 0.000694
0.859999 0.000694
0.869999 0.000694
0.879999 0.000347
0.889999 0.000000
0.899999 0.000000
0.909999 0.000000
0.919999 0.000000
0.929999 0.000000
0.939999 0.000000
0.949999 0.000000
0.959999 0.000000
0.969999 0.000000
0.979999 0.000000
0.989999 0.000000
0.999999 0.000000
0.257800
0.010000 0.000000
0.020000 0.000000
0.030000 0.000000
0.040000 0.000000
0.050000 0.000000
0.060000 0.000000
0.070000 0.000000
0.080000 0.000000
0.090000 0.000000
0.100000 0.000000
0.110000 0.000000
0.120000 0.000000
0.130000 0.000000
0.140000 0.000000
0.150000 0.001388
0.160000 0.001388
0.170000 0.002776
0.180000 0.003817
0.190000 0.008328
0.200000 0.013879
0.010000 0.000000
0.020000 0.000000
0.030000 0.000000
0.040000 0.000000
0.010000 0.000000
0.020000 0.000000
0.030000 0.000000
0.040000 0.000000
