0.010000 0.000000
0.020000 0.000000
0.030000 0.000000
0.040000 0.000000
0.050000 0.000000
0.060000 0.000000
0.070000 0.000000
0.080000 0.000194
0.090000 0.000000
0.100000 0.000194
0.110000 0.001166
0.120000 0.001943
0.130000 0.003498
0.140000 0.006024
0.150000 0.013020
0.160000 0.023902
0.170000 0.039642
0.180000 0.061213
0.190000 0.091722
0.200000 0.126117
0.210000 0.178197
0.220000 0.242324
0.230000 0.347066
0.240000 0.458414
0.250000 0.581811
0.260000 0.757287
0.270000 0.942868
0.280000 1.128061
0.290000 1.357754
0.300000 1.583171
0.310000 1.851924
0.320000 2.122425
0.330000 2.399922
0.340000 2.672950
0.350000 2.920132
0.360000 3.131753
0.370000 3.326079
0.380000 3.509328
0.390000 3.665177
0.400000 3.747765
0.410000 3.805286
0.420000 3.826079
0.430000 3.831325
0.440000 3.775165
0.450000 3.686553
0.460000 3.579091
0.470000 3.450836
0.480000 3.305480
0.490000 3.111154
0.500000 2.893704
0.510000 2.682472
0.520000 2.449087
0.530000 2.226195
0.540000 1.984648
0.550000 1.774582
0.560000 1.554411
0.570000 1.378158
0.580000 1.196075
0.590000 1.040420
0.600000 0.883210
0.610000 0.755733
0.620000 0.619705
0.630000 0.522930
0.640000 0.438982
0.650000 0.360863
0.660000 0.287019
0.670000 0.235911
0.680000 0.187719
0.690000 0.152351
0.700000 0.117178
0.710000 0.089001
0.720000 0.066654
0.730000 0.051885
0.740000 0.037505
0.750000 0.028372
0.760000 0.019433
0.770000 0.014574
0.780000 0.009328
0.790000 0.006218
0.800000 0.004858
0.810000 0.002332
0.820000 0.001749
0.830000 0.000972
0.839999 0.000777
0.849999 0.000389
0.859999 0.000000
0.869999 0.000000
0.879999 0.000000
0.889999 0.000194
0.899999 0.000194
0.909999 0.000000
0.919999 0.000000
0.929999 0.000000
0.939999 0.000000
0.949999 0.000000
0.959999 0.000000
0.969999 0.000000
0.979999 0.000000
0.989999 0.000000
0.999999 0.000000
0.297799
0.010000 0.000000
0.020000 0.000000
0.030000 0.000000
0.040000 0.000000
0.050000 0.000000
0.060000 0.000000
0.070000 0.000000
0.080000 0.000194
0.090000 0.000000
0.100000 0.000194
0.110000 0.001166
0.120000 0.001943
0.130000 0.003498
0.140000 0.006024
0.150000 0.013020
0.160000 0.023902
0.170000 0.039642
0.180000 0.061213
0.190000 0.091722
0.200000 0.126117
0.010000 0.000000
0.020000 0.000000
0.030000 0.000000
0.040000 0.000000
0.010000 0.000000
0.020000 0.000000
0.030000 0.000000
0.040000 0.000000
