0.010000 0.000000
0.020000 0.000000
0.030000 0.000000
0.040000 0.000000
0.050000 0.000000
0.060000 0.000000
0.070000 0.000136
0.080000 0.000272
0.090000 0.000681
0.100000 0.001770
0.110000 0.004086
0.120000 0.008716
0.130000 0.014572
0.140000 0.025739
0.150000 0.040038
0.160000 0.063870
0.170000 0.099823
0.180000 0.145445
0.190000 0.215307
0.200000 0.291843
0.210000 0.374234
0.220000 0.497208
0.230000 0.635571
0.240000 0.778837
0.250000 0.960234
0.260000 1.161378
0.270000 1.389759
0.280000 1.615825
0.290000 1.851968
0.300000 2.099142
0.310000 2.346997
0.320000 2.594444
0.330000 2.827455
0.340000 3.048890
0.350000 3.232739
0.360000 3.420809
0.370000 3.556584
0.380000 3.668392
0.390000 3.753507
0.400000 3.790004
0.410000 3.775296
0.420000 3.751328
0.430000 3.715920
0.440000 3.654092
0.450000 3.558763
0.460000 3.446684
0.470000 3.302601
0.480000 3.117118
0.490000 2.920196
0.500000 2.706932
0.510000 2.499932
0.520000 2.296200
0.530000 2.086068
0.540000 1.880022
0.550000 1.684189
0.560000 1.499796
0.570000 1.330383
0.580000 1.178674
0.590000 1.029143
0.600000 0.892551
0.610000 0.765355
0.620000 0.654909
0.630000 0.554269
0.640000 0.456081
0.650000 0.377094
0.660000 0.307504
0.670000 0.249625
0.680000 0.199510
0.690000 0.160833
0.700000 0.125562
0.710000 0.100504
0.720000 0.079259
0.730000 0.063462
0.740000 0.047120
0.750000 0.035953
0.760000 0.027509
0.770000 0.020700
0.780000 0.014436
0.790000 0.010895
0.800000 0.008852
0.810000 0.005856
0.820000 0.003813
0.830000 0.002587
0.839999 0.001362
0.849999 0.000817
0.859999 0.000545
0.869999 0.000272
0.879999 0.000136
0.889999 0.000136
0.899999 0.000136
0.909999 0.000136
0.919999 0.000136
0.929999 0.000000
0.939999 0.000000
0.949999 0.000000
0.959999 0.000000
0.969999 0.000000
0.979999 0.000000
0.989999 0.000000
0.999999 0.000000
-0.192200
0.010000 0.000000
0.020000 0.000000
0.030000 0.000000
0.040000 0.000000
0.050000 0.000000
0.060000 0.000000
0.070000 0.000136
0.080000 0.000272
0.090000 0.000681
0.100000 0.001770
0.110000 0.004086
0.120000 0.008716
0.130000 0.014572
0.140000 0.025739
0.150000 0.040038
0.160000 0.063870
0.170000 0.099823
0.180000 0.145445
0.190000 0.215307
0.200000 0.291843
0.010000 0.000000
0.020000 0.000000
0.030000 0.000000
0.040000 0.000000
0.010000 0.000000
0.020000 0.000000
0.030000 0.000000
0.040000 0.000000
