0.010000 0.000000
0.020000 0.000000
0.030000 0.000000
0.040000 0.000000
0.050000 0.000000
0.060000 0.000000
0.070000 0.000000
0.080000 0.000000
0.090000 0.000000
0.100000 0.000000
0.110000 0.000000
0.120000 0.000000
0.130000 0.000000
0.140000 0.000000
0.150000 0.000000
0.160000 0.000000
0.170000 0.000000
0.180000 0.001723
0.190000 0.002298
0.200000 0.002872
0.210000 0.002872
0.220000 0.002298
0.230000 0.006893
0.240000 0.020678
0.250000 0.024698
0.260000 0.043079
0.270000 0.064905
0.280000 0.098794
0.290000 0.158530
0.300000 0.231476
0.310000 0.306146
0.320000 0.434808
0.330000 0.573808
0.340000 0.750144
0.350000 0.931648
0.360000 1.150488
0.370000 1.353820
0.380000 1.582998
0.390000 1.864446
0.400000 2.140724
0.410000 2.406663
0.420000 2.614589
0.430000 2.779437
0.440000 2.923607
0.450000 3.054566
0.460000 3.168869
0.470000 3.167720
0.480000 3.115451
0.490000 3.017806
0.500000 2.933946
0.510000 2.744400
0.520000 2.521539
0.530000 2.373923
0.540000 2.148765
0.550000 1.919586
0.560000 1.659391
0.570000 1.449742
0.580000 1.250431
0.590000 1.036761
0.600000 0.860425
0.610000 0.716829
0.620000 0.577254
0.630000 0.477312
0.640000 0.381390
0.650000 0.300976
0.660000 0.221712
0.670000 0.175761
0.680000 0.140724
0.690000 0.107984
0.700000 0.077542
0.710000 0.055141
0.720000 0.039058
0.730000 0.025847
0.740000 0.020103
0.750000 0.017806
0.760000 0.016083
0.770000 0.007467
0.780000 0.006893
0.790000 0.002298
0.800000 0.002298
0.810000 0.002872
0.820000 0.002298
0.830000 0.002298
0.839999 0.001149
0.849999 0.001149
0.859999 0.000000
0.869999 0.000000
0.879999 0.000000
0.889999 0.000000
0.899999 0.000000
0.909999 0.000000
0.919999 0.000000
0.929999 0.000000
0.939999 0.000000
0.949999 0.000000
0.959999 0.000000
0.969999 0.000000
0.979999 0.000000
0.989999 0.000000
0.999999 0.000000
0.217800
0.010000 0.000000
0.020000 0.000000
0.030000 0.000000
0.040000 0.000000
0.050000 0.000000
0.060000 0.000000
0.070000 0.000000
0.080000 0.000000
0.090000 0.000000
0.100000 0.000000
0.110000 0.000000
0.120000 0.000000
0.130000 0.000000
0.140000 0.000000
0.150000 0.000000
0.160000 0.000000
0.170000 0.000000
0.180000 0.001723
0.190000 0.002298
0.200000 0.002872
0.010000 0.000000
0.020000 0.000000
0.030000 0.000000
0.040000 0.000000
0.010000 0.000000
0.020000 0.000000
0.030000 0.000000
0.040000 0.000000
