0.010000 0.000000
0.020000 0.000000
0.030000 0.000000
0.040000 0.000000
0.050000 0.000000
0.060000 0.000000
0.070000 0.000000
0.080000 0.000000
0.090000 0.000000
0.100000 0.000000
0.110000 0.000000
0.120000 0.000000
0.130000 0.000000
0.140000 0.000458
0.150000 0.000916
0.160000 0.000000
0.170000 0.000000
0.180000 0.000458
0.190000 0.000458
0.200000 0.002749
0.210000 0.007787
0.220000 0.013284
0.230000 0.027485
0.240000 0.041228
0.250000 0.063216
0.260000 0.088869
0.270000 0.133303
0.280000 0.211177
0.290000 0.280806
0.300000 0.381585
0.310000 0.513972
0.320000 0.675218
0.330000 0.879066
0.340000 1.092533
0.350000 1.321576
0.360000 1.576271
0.370000 1.824553
0.380000 2.071919
0.390000 2.327073
0.400000 2.596427
0.410000 2.809895
0.420000 3.051764
0.430000 3.178653
0.440000 3.245076
0.450000 3.309666
0.460000 3.307833
0.470000 3.234998
0.480000 3.189189
0.490000 3.092991
0.500000 2.971141
0.510000 2.778745
0.520000 2.571232
0.530000 2.291342
0.540000 2.065964
0.550000 1.814934
0.560000 1.610169
0.570000 1.397160
0.580000 1.205680
0.590000 1.052222
0.600000 0.872194
0.610000 0.691251
0.620000 0.561612
0.630000 0.466331
0.640000 0.391663
0.650000 0.312872
0.660000 0.258360
0.670000 0.207971
0.680000 0.156665
0.690000 0.116812
0.700000 0.085204
0.710000 0.063674
0.720000 0.047641
0.730000 0.032982
0.740000 0.025653
0.750000 0.016949
0.760000 0.011452
0.770000 0.007787
0.780000 0.007329
0.790000 0.002749
0.800000 0.002290
0.810000 0.001832
0.820000 0.001374
0.830000 0.001374
0.839999 0.000916
0.849999 0.000458
0.859999 0.000000
0.869999 0.000000
0.879999 0.000000
0.889999 0.000000
0.899999 0.000000
0.909999 0.000000
0.919999 0.000000
0.929999 0.000000
0.939999 0.000000
0.949999 0.000000
0.959999 0.000000
0.969999 0.000000
0.979999 0.000000
0.989999 0.000000
0.999999 0.000000
-0.142200
0.010000 0.000000
0.020000 0.000000
0.030000 0.000000
0.040000 0.000000
0.050000 0.000000
0.060000 0.000000
0.070000 0.000000
0.080000 0.000000
0.090000 0.000000
0.100000 0.000000
0.110000 0.000000
0.120000 0.000000
0.130000 0.000000
0.140000 0.000458
0.150000 0.000916
0.160000 0.000000
0.170000 0.000000
0.180000 0.000458
0.190000 0.000458
0.200000 0.002749
0.010000 0.000000
0.020000 0.000000
0.030000 0.000000
0.040000 0.000000
0.010000 0.000000
0.020000 0.000000
0.030000 0.000000
0.040000 0.000000
