0.010000 0.000000
0.020000 0.000000
0.030000 0.000000
0.040000 0.000000
0.050000 0.000000
0.060000 0.000000
0.070000 0.000166
0.080000 0.000166
0.090000 0.000497
0.100000 0.001325
0.110000 0.001491
0.120000 0.003478
0.130000 0.008943
0.140000 0.013581
0.150000 0.024677
0.160000 0.039583
0.170000 0.058463
0.180000 0.088440
0.190000 0.127194
0.200000 0.194104
0.210000 0.266645
0.220000 0.363365
0.230000 0.477973
0.240000 0.617092
0.250000 0.772607
0.260000 0.950977
0.270000 1.160484
0.280000 1.370487
0.290000 1.611461
0.300000 1.871315
0.310000 2.128023
0.320000 2.384730
0.330000 2.617423
0.340000 2.839682
0.350000 3.087777
0.360000 3.320305
0.370000 3.498675
0.380000 3.647731
0.390000 3.741471
0.400000 3.826101
0.410000 3.855747
0.420000 3.872474
0.430000 3.843657
0.440000 3.734515
0.450000 3.636469
0.460000 3.495363
0.470000 3.330242
0.480000 3.191785
0.490000 3.012421
0.500000 2.811693
0.510000 2.595893
0.520000 2.392845
0.530000 2.173236
0.540000 1.966048
0.550000 1.738324
0.560000 1.547532
0.570000 1.368996
0.580000 1.183339
0.590000 1.031799
0.600000 0.891189
0.610000 0.772607
0.620000 0.652037
0.630000 0.543061
0.640000 0.455283
0.650000 0.370156
0.660000 0.306558
0.670000 0.244121
0.680000 0.197582
0.690000 0.158827
0.700000 0.128354
0.710000 0.097714
0.720000 0.079165
0.730000 0.060285
0.740000 0.044551
0.750000 0.033455
0.760000 0.025505
0.770000 0.017721
0.780000 0.012753
0.790000 0.009606
0.800000 0.006459
0.810000 0.005465
0.820000 0.003644
0.830000 0.002484
0.839999 0.001822
0.849999 0.000994
0.859999 0.000662
0.869999 0.000331
0.879999 0.000497
0.889999 0.000000
0.899999 0.000000
0.909999 0.000000
0.919999 0.000000
0.929999 0.000000
0.939999 0.000000
0.949999 0.000000
0.959999 0.000000
0.969999 0.000000
0.979999 0.000000
0.989999 0.000000
0.999999 0.000000
0.287799
0.010000 0.000000
0.020000 0.000000
0.030000 0.000000
0.040000 0.000000
0.050000 0.000000
0.060000 0.000000
0.070000 0.000166
0.080000 0.000166
0.090000 0.000497
0.100000 0.001325
0.110000 0.001491
0.120000 0.003478
0.130000 0.008943
0.140000 0.013581
0.150000 0.024677
0.160000 0.039583
0.170000 0.058463
0.180000 0.088440
0.190000 0.127194
0.200000 0.194104
0.010000 0.000000
0.020000 0.000000
0.030000 0.000000
0.040000 0.000000
0.010000 0.000000
0.020000 0.000000
0.030000 0.000000
0.040000 0.000000
