0.010000 0.000000
0.020000 0.000000
0.030000 0.000000
0.040000 0.000000
0.050000 0.000000
0.060000 0.000000
0.070000 0.000000
0.080000 0.000000
0.090000 0.000000
0.100000 0.000000
0.110000 0.000635
0.120000 0.000846
0.130000 0.002116
0.140000 0.003808
0.150000 0.006135
0.160000 0.011001
0.170000 0.018828
0.180000 0.031521
0.190000 0.055849
0.200000 0.083563
0.210000 0.123334
0.220000 0.184261
0.230000 0.244976
0.240000 0.322826
0.250000 0.431352
0.260000 0.550878
0.270000 0.693040
0.280000 0.872012
0.290000 1.079120
0.300000 1.302941
0.310000 1.547282
0.320000 1.793315
0.330000 2.034694
0.340000 2.288978
0.350000 2.540935
0.360000 2.790776
0.370000 2.999154
0.380000 3.208377
0.390000 3.342924
0.400000 3.445737
0.410000 3.548339
0.420000 3.590438
0.430000 3.598900
0.440000 3.562936
0.450000 3.518722
0.460000 3.418447
0.470000 3.289190
0.480000 3.136662
0.490000 2.961498
0.500000 2.790142
0.510000 2.555109
0.520000 2.352020
0.530000 2.144066
0.540000 1.966787
0.550000 1.763063
0.560000 1.566533
0.570000 1.385445
0.580000 1.211128
0.590000 1.030886
0.600000 0.877301
0.610000 0.760525
0.620000 0.640999
0.630000 0.523165
0.640000 0.431140
0.650000 0.343347
0.660000 0.273958
0.670000 0.230802
0.680000 0.183414
0.690000 0.145335
0.700000 0.117199
0.710000 0.093717
0.720000 0.069812
0.730000 0.051195
0.740000 0.038291
0.750000 0.024751
0.760000 0.017559
0.770000 0.011847
0.780000 0.008462
0.790000 0.007827
0.800000 0.005712
0.810000 0.003173
0.820000 0.003173
0.830000 0.000846
0.839999 0.000635
0.849999 0.000212
0.859999 0.000212
0.869999 0.000000
0.879999 0.000000
0.889999 0.000000
0.899999 0.000000
0.909999 0.000000
0.919999 0.000000
0.929999 0.000000
0.939999 0.000000
0.949999 0.000000
0.959999 0.000000
0.969999 0.000000
0.979999 0.000000
0.989999 0.000000
0.999999 0.000000
-0.162200
0.010000 0.000000
0.020000 0.000000
0.030000 0.000000
0.040000 0.000000
0.050000 0.000000
0.060000 0.000000
0.070000 0.000000
0.080000 0.000000
0.090000 0.000000
0.100000 0.000000
0.110000 0.000635
0.120000 0.000846
0.130000 0.002116
0.140000 0.003808
0.150000 0.006135
0.160000 0.011001
0.170000 0.018828
0.180000 0.031521
0.190000 0.055849
0.200000 0.083563
0.010000 0.000000
0.020000 0.000000
0.030000 0.000000
0.040000 0.000000
0.010000 0.000000
0.020000 0.000000
0.030000 0.000000
0.040000 0.000000
