0.010000 0.000000
0.020000 0.000000
0.030000 0.000000
0.040000 0.000000
0.050000 0.000000
0.060000 0.000000
0.070000 0.000000
0.080000 0.000000
0.090000 0.000000
0.100000 0.000000
0.110000 0.000000
0.120000 0.000000
0.130000 0.000000
0.140000 0.000000
0.150000 0.000000
0.160000 0.000000
0.170000 0.000000
0.180000 0.000000
0.190000 0.000000
0.200000 0.000000
0.210000 0.000000
0.220000 0.000000
0.230000 0.000000
0.240000 0.000000
0.250000 0.002257
0.260000 0.004515
0.270000 0.004515
0.280000 0.003386
0.290000 0.012415
0.300000 0.018059
0.310000 0.047404
0.320000 0.080135
0.330000 0.101580
0.340000 0.167043
0.350000 0.239278
0.360000 0.343115
0.370000 0.480813
0.380000 0.637698
0.390000 0.855530
0.400000 1.044018
0.410000 1.317156
0.420000 1.563205
0.430000 1.764108
0.440000 2.121896
0.450000 2.330700
0.460000 2.510158
0.470000 2.597065
0.480000 2.715576
0.490000 2.707675
0.500000 2.656885
0.510000 2.486456
0.520000 2.419864
0.530000 2.264108
0.540000 2.100451
0.550000 1.843115
0.560000 1.613995
0.570000 1.422122
0.580000 1.273138
0.590000 1.045147
0.600000 0.827314
0.610000 0.667043
0.620000 0.490971
0.630000 0.369074
0.640000 0.309255
0.650000 0.258465
0.660000 0.209932
0.670000 0.133183
0.680000 0.102709
0.690000 0.081264
0.700000 0.051919
0.710000 0.039503
0.720000 0.027088
0.730000 0.028217
0.740000 0.016930
0.750000 0.007901
0.760000 0.005643
0.770000 0.003386
0.780000 0.002257
0.790000 0.001129
0.800000 0.001129
0.810000 0.001129
0.820000 0.000000
0.830000 0.001129
0.839999 0.000000
0.849999 0.000000
0.859999 0.000000
0.869999 0.000000
0.879999 0.000000
0.889999 0.000000
0.899999 0.000000
0.909999 0.000000
0.919999 0.000000
0.929999 0.000000
0.939999 0.000000
0.949999 0.000000
0.959999 0.000000
0.969999 0.000000
0.979999 0.000000
0.989999 0.000000
0.999999 0.000000
0.237800
0.010000 0.000000
0.020000 0.000000
0.030000 0.000000
0.040000 0.000000
0.050000 0.000000
0.060000 0.000000
0.070000 0.000000
0.080000 0.000000
0.090000 0.000000
0.100000 0.000000
0.110000 0.000000
0.120000 0.000000
0.130000 0.000000
0.140000 0.000000
0.150000 0.000000
0.160000 0.000000
0.170000 0.000000
0.180000 0.000000
0.190000 0.000000
0.200000 0.000000
0.010000 0.000000
0.020000 0.000000
0.030000 0.000000
0.040000 0.000000
0.010000 0.000000
0.020000 0.000000
0.030000 0.000000
0.040000 0.000000
