0.010000 0.000000
0.020000 0.000000
0.030000 0.000000
0.040000 0.000000
0.050000 0.000000
0.060000 0.000000
0.070000 0.000000
0.080000 0.000000
0.090000 0.000000
0.100000 0.000000
0.110000 0.000000
0.120000 0.000000
0.130000 0.000000
0.140000 0.000000
0.150000 0.000000
0.160000 0.000000
0.170000 0.000000
0.180000 0.000000
0.190000 0.000000
0.200000 0.000000
0.210000 0.000000
0.220000 0.000831
0.230000 0.002492
0.240000 0.003322
0.250000 0.002492
0.260000 0.009136
0.270000 0.021595
0.280000 0.033223
0.290000 0.053156
0.300000 0.074751
0.310000 0.107973
0.320000 0.144518
0.330000 0.242525
0.340000 0.341362
0.350000 0.480066
0.360000 0.646179
0.370000 0.808140
0.380000 1.035714
0.390000 1.232558
0.400000 1.510797
0.410000 1.774917
0.420000 2.030731
0.430000 2.280731
0.440000 2.475914
0.450000 2.679402
0.460000 2.852160
0.470000 2.841362
0.480000 2.901993
0.490000 2.821429
0.500000 2.781562
0.510000 2.602990
0.520000 2.483389
0.530000 2.324751
0.540000 2.048173
0.550000 1.828904
0.560000 1.638704
0.570000 1.389535
0.580000 1.204319
0.590000 1.031561
0.600000 0.889535
0.610000 0.715116
0.620000 0.560631
0.630000 0.426910
0.640000 0.344684
0.650000 0.285714
0.660000 0.221761
0.670000 0.145349
0.680000 0.112126
0.690000 0.091362
0.700000 0.076412
0.710000 0.058140
0.720000 0.033223
0.730000 0.018272
0.740000 0.010797
0.750000 0.007475
0.760000 0.003322
0.770000 0.003322
0.780000 0.003322
0.790000 0.001661
0.800000 0.002492
0.810000 0.002492
0.820000 0.000831
0.830000 0.000000
0.839999 0.000000
0.849999 0.000000
0.859999 0.000000
0.869999 0.000000
0.879999 0.000000
0.889999 0.000000
0.899999 0.000000
0.909999 0.000000
0.919999 0.000000
0.929999 0.000000
0.939999 0.000000
0.949999 0.000000
0.959999 0.000000
0.969999 0.000000
0.979999 0.000000
0.989999 0.000000
0.999999 0.000000
0.207800
0.010000 0.000000
0.020000 0.000000
0.030000 0.000000
0.040000 0.000000
0.050000 0.000000
0.060000 0.000000
0.070000 0.000000
0.080000 0.000000
0.090000 0.000000
0.100000 0.000000
0.110000 0.000000
0.120000 0.000000
0.130000 0.000000
0.140000 0.000000
0.150000 0.000000
0.160000 0.000000
0.170000 0.000000
0.180000 0.000000
0.190000 0.000000
0.200000 0.000000
0.010000 0.000000
0.020000 0.000000
0.030000 0.000000
0.040000 0.000000
0.010000 0.000000
0.020000 0.000000
0.030000 0.000000
0.040000 0.000000
