0.010000 0.000000
0.020000 0.000000
0.030000 0.000000
0.040000 0.000000
0.050000 0.000000
0.060000 0.000000
0.070000 0.000000
0.080000 0.000000
0.090000 0.000000
0.100000 0.000000
0.110000 0.000000
0.120000 0.000000
0.130000 0.000000
0.140000 0.000000
0.150000 0.000000
0.160000 0.000000
0.170000 0.000000
0.180000 0.000000
0.190000 0.000000
0.200000 0.000000
0.210000 0.000000
0.220000 0.001537
0.230000 0.000769
0.240000 0.000769
0.250000 0.004612
0.260000 0.013067
0.270000 0.023828
0.280000 0.031514
0.290000 0.051499
0.300000 0.087625
0.310000 0.131437
0.320000 0.199078
0.330000 0.285165
0.340000 0.399693
0.350000 0.527287
0.360000 0.694081
0.370000 0.920830
0.380000 1.086088
0.390000 1.327440
0.400000 1.617986
0.410000 1.823213
0.420000 2.017679
0.430000 2.338970
0.440000 2.535742
0.450000 2.647963
0.460000 2.711760
0.470000 2.803997
0.480000 2.812452
0.490000 2.762490
0.500000 2.691776
0.510000 2.553421
0.520000 2.437356
0.530000 2.249808
0.540000 2.073021
0.550000 1.892391
0.560000 1.624904
0.570000 1.353574
0.580000 1.199078
0.590000 1.051499
0.600000 0.821676
0.610000 0.684089
0.620000 0.534204
0.630000 0.456572
0.640000 0.342813
0.650000 0.260569
0.660000 0.202921
0.670000 0.163720
0.680000 0.113759
0.690000 0.082244
0.700000 0.055342
0.710000 0.044581
0.720000 0.026134
0.730000 0.017679
0.740000 0.011530
0.750000 0.007686
0.760000 0.004612
0.770000 0.006918
0.780000 0.004612
0.790000 0.003843
0.800000 0.003843
0.810000 0.000769
0.820000 0.000769
0.830000 0.000769
0.839999 0.000769
0.849999 0.000769
0.859999 0.000000
0.869999 0.000000
0.879999 0.000000
0.889999 0.000000
0.899999 0.000000
0.909999 0.000000
0.919999 0.000000
0.929999 0.000000
0.939999 0.000000
0.949999 0.000000
0.959999 0.000000
0.969999 0.000000
0.979999 0.000000
0.989999 0.000000
0.999999 0.000000
0.177800
0.010000 0.000000
0.020000 0.000000
0.030000 0.000000
0.040000 0.000000
0.050000 0.000000
0.060000 0.000000
0.070000 0.000000
0.080000 0.000000
0.090000 0.000000
0.100000 0.000000
0.110000 0.000000
0.120000 0.000000
0.130000 0.000000
0.140000 0.000000
0.150000 0.000000
0.160000 0.000000
0.170000 0.000000
0.180000 0.000000
0.190000 0.000000
0.200000 0.000000
0.010000 0.000000
0.020000 0.000000
0.030000 0.000000
0.040000 0.000000
0.010000 0.000000
0.020000 0.000000
0.030000 0.000000
0.040000 0.000000
