0.010000 0.000000
0.020000 0.000000
0.030000 0.000000
0.040000 0.000000
0.050000 0.000000
0.060000 0.000000
0.070000 0.000000
0.080000 0.000000
0.090000 0.000000
0.100000 0.000000
0.110000 0.000000
0.120000 0.000000
0.130000 0.000000
0.140000 0.000000
0.150000 0.000000
0.160000 0.000000
0.170000 0.000000
0.180000 0.000690
0.190000 0.001379
0.200000 0.002069
0.210000 0.002069
0.220000 0.004828
0.230000 0.009655
0.240000 0.013793
0.250000 0.018621
0.260000 0.030345
0.270000 0.045517
0.280000 0.066897
0.290000 0.099310
0.300000 0.164828
0.310000 0.255172
0.320000 0.300690
0.330000 0.415862
0.340000 0.591034
0.350000 0.799310
0.360000 1.050345
0.370000 1.264828
0.380000 1.513793
0.390000 1.781379
0.400000 1.993104
0.410000 2.327586
0.420000 2.577931
0.430000 2.778621
0.440000 2.941379
0.450000 3.069655
0.460000 3.119310
0.470000 3.171724
0.480000 3.132414
0.490000 3.038621
0.500000 2.934483
0.510000 2.870345
0.520000 2.715862
0.530000 2.435172
0.540000 2.147586
0.550000 1.945517
0.560000 1.721379
0.570000 1.474483
0.580000 1.273793
0.590000 1.037931
0.600000 0.834483
0.610000 0.726207
0.620000 0.564138
0.630000 0.466207
0.640000 0.380000
0.650000 0.290345
0.660000 0.217241
0.670000 0.184828
0.680000 0.148966
0.690000 0.104138
0.700000 0.091034
0.710000 0.062759
0.720000 0.046897
0.730000 0.027586
0.740000 0.014483
0.750000 0.014483
0.760000 0.009655
0.770000 0.005517
0.780000 0.002069
0.790000 0.000690
0.800000 0.001379
0.810000 0.001379
0.820000 0.000000
0.830000 0.000000
0.839999 0.000000
0.849999 0.000000
0.859999 0.000690
0.869999 0.000000
0.879999 0.000000
0.889999 0.000000
0.899999 0.000000
0.909999 0.000000
0.919999 0.000000
0.929999 0.000000
0.939999 0.000000
0.949999 0.000000
0.959999 0.000000
0.969999 0.000000
0.979999 0.000000
0.989999 0.000000
0.999999 0.000000
0.267799
0.010000 0.000000
0.020000 0.000000
0.030000 0.000000
0.040000 0.000000
0.050000 0.000000
0.060000 0.000000
0.070000 0.000000
0.080000 0.000000
0.090000 0.000000
0.100000 0.000000
0.110000 0.000000
0.120000 0.000000
0.130000 0.000000
0.140000 0.000000
0.150000 0.000000
0.160000 0.000000
0.170000 0.000000
0.180000 0.000690
0.190000 0.001379
0.200000 0.002069
0.010000 0.000000
0.020000 0.000000
0.030000 0.000000
0.040000 0.000000
0.010000 0.000000
0.020000 0.000000
0.030000 0.000000
0.040000 0.000000
