0.010000 0.000000
0.020000 0.000000
0.030000 0.000000
0.040000 0.000000
0.050000 0.000000
0.060000 0.000000
0.070000 0.000000
0.080000 0.000000
0.090000 0.000000
0.100000 0.000000
0.110000 0.000000
0.120000 0.000000
0.130000 0.000000
0.140000 0.000000
0.150000 0.000000
0.160000 0.000000
0.170000 0.000000
0.180000 0.000000
0.190000 0.000000
0.200000 0.000000
0.210000 0.000000
0.220000 0.000000
0.230000 0.000000
0.240000 0.002786
0.250000 0.007428
0.260000 0.009285
0.270000 0.015785
0.280000 0.028784
0.290000 0.038069
0.300000 0.065924
0.310000 0.108635
0.320000 0.155989
0.330000 0.201486
0.340000 0.320334
0.350000 0.448468
0.360000 0.595172
0.370000 0.791086
0.380000 0.989786
0.390000 1.250696
0.400000 1.503250
0.410000 1.782730
0.420000 2.048282
0.430000 2.322191
0.440000 2.544104
0.450000 2.716806
0.460000 2.843083
0.470000 2.947075
0.480000 2.896007
0.490000 2.947075
0.500000 2.902507
0.510000 2.831941
0.520000 2.605385
0.530000 2.446611
0.540000 2.262767
0.550000 1.971216
0.560000 1.751161
0.570000 1.522748
0.580000 1.298979
0.590000 1.050139
0.600000 0.860724
0.610000 0.717734
0.620000 0.585887
0.630000 0.468895
0.640000 0.373259
0.650000 0.299907
0.660000 0.222841
0.670000 0.179201
0.680000 0.126277
0.690000 0.091922
0.700000 0.057567
0.710000 0.038997
0.720000 0.025998
0.730000 0.020427
0.740000 0.012999
0.750000 0.010214
0.760000 0.009285
0.770000 0.006500
0.780000 0.000929
0.790000 0.001857
0.800000 0.001857
0.810000 0.000000
0.820000 0.001857
0.830000 0.000929
0.839999 0.000929
0.849999 0.000929
0.859999 0.000000
0.869999 0.000000
0.879999 0.000000
0.889999 0.000000
0.899999 0.000000
0.909999 0.000000
0.919999 0.000000
0.929999 0.000000
0.939999 0.000000
0.949999 0.000000
0.959999 0.000000
0.969999 0.000000
0.979999 0.000000
0.989999 0.000000
0.999999 0.000000
0.227800
0.010000 0.000000
0.020000 0.000000
0.030000 0.000000
0.040000 0.000000
0.050000 0.000000
0.060000 0.000000
0.070000 0.000000
0.080000 0.000000
0.090000 0.000000
0.100000 0.000000
0.110000 0.000000
0.120000 0.000000
0.130000 0.000000
0.140000 0.000000
0.150000 0.000000
0.160000 0.000000
0.170000 0.000000
0.180000 0.000000
0.190000 0.000000
0.200000 0.000000
0.010000 0.000000
0.020000 0.000000
0.030000 0.000000
0.040000 0.000000
0.010000 0.000000
0.020000 0.000000
0.030000 0.000000
0.040000 0.000000
