0.010000 0.000000
0.020000 0.000000
0.030000 0.000000
0.040000 0.000000
0.050000 0.000000
0.060000 0.000000
0.070000 0.000000
0.080000 0.000000
0.090000 0.000000
0.100000 0.000000
0.110000 0.000000
0.120000 0.000000
0.130000 0.000000
0.140000 0.000000
0.150000 0.000000
0.160000 0.000000
0.170000 0.000000
0.180000 0.000000
0.190000 0.000000
0.200000 0.000690
0.210000 0.001380
0.220000 0.001380
0.230000 0.002070
0.240000 0.007591
0.250000 0.013803
0.260000 0.019324
0.270000 0.029676
0.280000 0.041408
0.290000 0.069013
0.300000 0.113872
0.310000 0.190476
0.320000 0.287785
0.330000 0.374051
0.340000 0.481712
0.350000 0.583161
0.360000 0.775017
0.370000 0.991718
0.380000 1.265010
0.390000 1.572809
0.400000 1.810214
0.410000 1.990338
0.420000 2.240166
0.430000 2.478261
0.440000 2.658385
0.450000 2.907523
0.460000 2.956522
0.470000 2.953761
0.480000 2.944790
0.490000 2.906832
0.500000 2.787440
0.510000 2.690821
0.520000 2.457557
0.530000 2.260180
0.540000 2.025535
0.550000 1.850242
0.560000 1.567978
0.570000 1.392685
0.580000 1.193237
0.590000 1.029676
0.600000 0.868185
0.610000 0.712905
0.620000 0.575569
0.630000 0.430642
0.640000 0.333333
0.650000 0.280883
0.660000 0.218772
0.670000 0.145618
0.680000 0.113872
0.690000 0.097308
0.700000 0.069013
0.710000 0.050380
0.720000 0.037267
0.730000 0.024155
0.740000 0.016563
0.750000 0.008282
0.760000 0.011732
0.770000 0.007591
0.780000 0.004831
0.790000 0.002070
0.800000 0.000000
0.810000 0.000000
0.820000 0.000690
0.830000 0.000000
0.839999 0.000000
0.849999 0.000000
0.859999 0.000000
0.869999 0.000000
0.879999 0.000000
0.889999 0.000000
0.899999 0.000000
0.909999 0.000000
0.919999 0.000000
0.929999 0.000000
0.939999 0.000000
0.949999 0.000000
0.959999 0.000000
0.969999 0.000000
0.979999 0.000000
0.989999 0.000000
0.999999 0.000000
0.227800
0.010000 0.000000
0.020000 0.000000
0.030000 0.000000
0.040000 0.000000
0.050000 0.000000
0.060000 0.000000
0.070000 0.000000
0.080000 0.000000
0.090000 0.000000
0.100000 0.000000
0.110000 0.000000
0.120000 0.000000
0.130000 0.000000
0.140000 0.000000
0.150000 0.000000
0.160000 0.000000
0.170000 0.000000
0.180000 0.000000
0.190000 0.000000
0.200000 0.000690
0.010000 0.000000
0.020000 0.000000
0.030000 0.000000
0.040000 0.000000
0.010000 0.000000
0.020000 0.000000
0.030000 0.000000
0.040000 0.000000
