0.010000 0.000000
0.020000 0.000000
0.030000 0.000000
0.040000 0.000000
0.050000 0.000000
0.060000 0.000000
0.070000 0.000000
0.080000 0.000000
0.090000 0.000000
0.100000 0.000000
0.110000 0.000000
0.120000 0.000000
0.130000 0.000000
0.140000 0.000000
0.150000 0.000431
0.160000 0.000431
0.170000 0.000000
0.180000 0.000431
0.190000 0.003450
0.200000 0.007762
0.210000 0.014230
0.220000 0.020699
0.230000 0.036654
0.240000 0.056921
0.250000 0.102630
0.260000 0.131522
0.270000 0.196205
0.280000 0.261751
0.290000 0.364812
0.300000 0.506253
0.310000 0.634756
0.320000 0.824925
0.330000 1.046572
0.340000 1.269513
0.350000 1.515740
0.360000 1.744286
0.370000 1.996550
0.380000 2.290642
0.390000 2.554118
0.400000 2.808107
0.410000 3.028892
0.420000 3.238034
0.430000 3.331177
0.440000 3.451056
0.450000 3.511427
0.460000 3.501078
0.470000 3.395429
0.480000 3.324278
0.490000 3.141009
0.500000 2.967658
0.510000 2.823631
0.520000 2.571367
0.530000 2.363087
0.540000 2.120310
0.550000 1.902544
0.560000 1.693402
0.570000 1.468305
0.580000 1.236740
0.590000 1.037085
0.600000 0.878827
0.610000 0.746011
0.620000 0.640793
0.630000 0.519189
0.640000 0.415265
0.650000 0.331608
0.660000 0.260888
0.670000 0.202242
0.680000 0.154377
0.690000 0.118154
0.700000 0.091850
0.710000 0.071583
0.720000 0.049590
0.730000 0.034066
0.740000 0.026304
0.750000 0.017249
0.760000 0.014230
0.770000 0.010781
0.780000 0.006900
0.790000 0.005175
0.800000 0.002587
0.810000 0.000862
0.820000 0.001294
0.830000 0.001294
0.839999 0.000862
0.849999 0.000000
0.859999 0.000000
0.869999 0.000000
0.879999 0.000000
0.889999 0.000000
0.899999 0.000000
0.909999 0.000000
0.919999 0.000000
0.929999 0.000000
0.939999 0.000000
0.949999 0.000000
0.959999 0.000000
0.969999 0.000000
0.979999 0.000000
0.989999 0.000000
0.999999 0.000000
0.227800
0.010000 0.000000
0.020000 0.000000
0.030000 0.000000
0.040000 0.000000
0.050000 0.000000
0.060000 0.000000
0.070000 0.000000
0.080000 0.000000
0.090000 0.000000
0.100000 0.000000
0.110000 0.000000
0.120000 0.000000
0.130000 0.000000
0.140000 0.000000
0.150000 0.000431
0.160000 0.000431
0.170000 0.000000
0.180000 0.000431
0.190000 0.003450
0.200000 0.007762
0.010000 0.000000
0.020000 0.000000
0.030000 0.000000
0.040000 0.000000
0.010000 0.000000
0.020000 0.000000
0.030000 0.000000
0.040000 0.000000
