0.010000 0.000000
0.020000 0.000000
0.030000 0.000000
0.040000 0.000000
0.050000 0.000000
0.060000 0.000000
0.070000 0.000000
0.080000 0.000000
0.090000 0.000000
0.100000 0.000000
0.110000 0.000000
0.120000 0.000000
0.130000 0.000000
0.140000 0.000000
0.150000 0.000000
0.160000 0.000000
0.170000 0.000536
0.180000 0.000000
0.190000 0.001073
0.200000 0.001609
0.210000 0.002682
0.220000 0.005901
0.230000 0.015021
0.240000 0.019313
0.250000 0.032725
0.260000 0.047747
0.270000 0.073498
0.280000 0.135193
0.290000 0.210300
0.300000 0.291309
0.310000 0.399678
0.320000 0.494099
0.330000 0.646459
0.340000 0.814378
0.350000 1.030043
0.360000 1.258047
0.370000 1.510730
0.380000 1.780043
0.390000 2.023605
0.400000 2.293455
0.410000 2.594957
0.420000 2.802575
0.430000 2.919528
0.440000 3.051502
0.450000 3.192597
0.460000 3.245708
0.470000 3.240880
0.480000 3.215129
0.490000 3.013412
0.500000 2.891631
0.510000 2.744635
0.520000 2.584228
0.530000 2.395386
0.540000 2.115880
0.550000 1.853541
0.560000 1.641094
0.570000 1.425429
0.580000 1.224249
0.590000 1.020923
0.600000 0.845494
0.610000 0.689378
0.620000 0.569743
0.630000 0.465665
0.640000 0.378219
0.650000 0.292382
0.660000 0.233369
0.670000 0.178648
0.680000 0.133584
0.690000 0.096567
0.700000 0.082618
0.710000 0.063305
0.720000 0.044528
0.730000 0.030579
0.740000 0.021996
0.750000 0.015558
0.760000 0.014485
0.770000 0.009657
0.780000 0.004292
0.790000 0.002682
0.800000 0.002682
0.810000 0.001073
0.820000 0.000536
0.830000 0.000000
0.839999 0.000000
0.849999 0.000000
0.859999 0.000536
0.869999 0.000000
0.879999 0.000000
0.889999 0.000000
0.899999 0.000000
0.909999 0.000000
0.919999 0.000000
0.929999 0.000000
0.939999 0.000000
0.949999 0.000000
0.959999 0.000000
0.969999 0.000000
0.979999 0.000000
0.989999 0.000000
0.999999 0.000000
0.267799
0.010000 0.000000
0.020000 0.000000
0.030000 0.000000
0.040000 0.000000
0.050000 0.000000
0.060000 0.000000
0.070000 0.000000
0.080000 0.000000
0.090000 0.000000
0.100000 0.000000
0.110000 0.000000
0.120000 0.000000
0.130000 0.000000
0.140000 0.000000
0.150000 0.000000
0.160000 0.000000
0.170000 0.000536
0.180000 0.000000
0.190000 0.001073
0.200000 0.001609
0.010000 0.000000
0.020000 0.000000
0.030000 0.000000
0.040000 0.000000
0.010000 0.000000
0.020000 0.000000
0.030000 0.000000
0.040000 0.000000
