0.010000 0.000000
0.020000 0.000000
0.030000 0.000000
0.040000 0.000000
0.050000 0.000000
0.060000 0.000000
0.070000 0.000000
0.080000 0.000000
0.090000 0.000000
0.100000 0.000000
0.110000 0.000000
0.120000 0.000000
0.130000 0.000000
0.140000 0.000000
0.150000 0.000000
0.160000 0.000501
0.170000 0.001002
0.180000 0.001503
0.190000 0.000501
0.200000 0.001002
0.210000 0.003507
0.220000 0.011523
0.230000 0.015030
0.240000 0.030060
0.250000 0.039579
0.260000 0.071643
0.270000 0.107214
0.280000 0.166333
0.290000 0.225451
0.300000 0.313126
0.310000 0.436874
0.320000 0.585170
0.330000 0.755010
0.340000 0.957415
0.350000 1.158818
0.360000 1.446894
0.370000 1.699399
0.380000 1.927355
0.390000 2.228457
0.400000 2.509018
0.410000 2.739479
0.420000 2.936373
0.430000 3.189379
0.440000 3.298597
0.450000 3.312625
0.460000 3.339178
0.470000 3.391283
0.480000 3.243988
0.490000 3.135271
0.500000 3.016032
0.510000 2.844188
0.520000 2.595691
0.530000 2.351202
0.540000 2.124249
0.550000 1.852204
0.560000 1.655311
0.570000 1.451904
0.580000 1.222946
0.590000 1.040080
0.600000 0.879259
0.610000 0.744990
0.620000 0.591683
0.630000 0.466934
0.640000 0.353206
0.650000 0.276553
0.660000 0.221443
0.670000 0.177856
0.680000 0.138277
0.690000 0.105210
0.700000 0.079158
0.710000 0.057615
0.720000 0.052605
0.730000 0.039078
0.740000 0.025551
0.750000 0.016533
0.760000 0.011022
0.770000 0.006513
0.780000 0.005511
0.790000 0.004509
0.800000 0.003006
0.810000 0.001503
0.820000 0.001002
0.830000 0.000501
0.839999 0.000501
0.849999 0.001002
0.859999 0.000501
0.869999 0.000501
0.879999 0.000501
0.889999 0.000501
0.899999 0.000000
0.909999 0.000000
0.919999 0.000000
0.929999 0.000000
0.939999 0.000000
0.949999 0.000000
0.959999 0.000000
0.969999 0.000000
0.979999 0.000000
0.989999 0.000000
0.999999 0.000000
0.257800
0.010000 0.000000
0.020000 0.000000
0.030000 0.000000
0.040000 0.000000
0.050000 0.000000
0.060000 0.000000
0.070000 0.000000
0.080000 0.000000
0.090000 0.000000
0.100000 0.000000
0.110000 0.000000
0.120000 0.000000
0.130000 0.000000
0.140000 0.000000
0.150000 0.000000
0.160000 0.000501
0.170000 0.001002
0.180000 0.001503
0.190000 0.000501
0.200000 0.001002
0.010000 0.000000
0.020000 0.000000
0.030000 0.000000
0.040000 0.000000
0.010000 0.000000
0.020000 0.000000
0.030000 0.000000
0.040000 0.000000
