0.010000 0.000000
0.020000 0.000000
0.030000 0.000000
0.040000 0.000000
0.050000 0.000000
0.060000 0.000000
0.070000 0.000000
0.080000 0.000000
0.090000 0.000000
0.100000 0.000000
0.110000 0.000000
0.120000 0.000000
0.130000 0.000000
0.140000 0.000000
0.150000 0.000000
0.160000 0.000000
0.170000 0.000000
0.180000 0.000000
0.190000 0.000000
0.200000 0.000000
0.210000 0.000000
0.220000 0.000000
0.230000 0.000000
0.240000 0.000000
0.250000 0.003714
0.260000 0.004643
0.270000 0.009285
0.280000 0.024141
0.290000 0.038997
0.300000 0.056639
0.310000 0.069638
0.320000 0.129062
0.330000 0.199629
0.340000 0.263695
0.350000 0.409471
0.360000 0.540390
0.370000 0.732591
0.380000 0.901578
0.390000 1.073352
0.400000 1.348189
0.410000 1.583101
0.420000 1.870009
0.430000 2.062210
0.440000 2.389044
0.450000 2.560817
0.460000 2.687094
0.470000 2.822656
0.480000 2.840297
0.490000 2.812442
0.500000 2.613742
0.510000 2.578459
0.520000 2.483751
0.530000 2.284123
0.540000 2.053853
0.550000 1.861653
0.560000 1.605385
0.570000 1.394615
0.580000 1.224698
0.590000 1.034355
0.600000 0.853296
0.610000 0.688951
0.620000 0.565460
0.630000 0.430826
0.640000 0.362117
0.650000 0.251625
0.660000 0.210771
0.670000 0.171773
0.680000 0.121634
0.690000 0.080780
0.700000 0.060353
0.710000 0.041783
0.720000 0.027855
0.730000 0.020427
0.740000 0.013928
0.750000 0.008357
0.760000 0.002786
0.770000 0.003714
0.780000 0.004643
0.790000 0.000929
0.800000 0.000929
0.810000 0.000000
0.820000 0.000000
0.830000 0.000000
0.839999 0.000000
0.849999 0.000000
0.859999 0.000000
0.869999 0.000000
0.879999 0.000000
0.889999 0.000000
0.899999 0.000000
0.909999 0.000000
0.919999 0.000000
0.929999 0.000000
0.939999 0.000000
0.949999 0.000000
0.959999 0.000000
0.969999 0.000000
0.979999 0.000000
0.989999 0.000000
0.999999 0.000000
0.187800
0.010000 0.000000
0.020000 0.000000
0.030000 0.000000
0.040000 0.000000
0.050000 0.000000
0.060000 0.000000
0.070000 0.000000
0.080000 0.000000
0.090000 0.000000
0.100000 0.000000
0.110000 0.000000
0.120000 0.000000
0.130000 0.000000
0.140000 0.000000
0.150000 0.000000
0.160000 0.000000
0.170000 0.000000
0.180000 0.000000
0.190000 0.000000
0.200000 0.000000
0.010000 0.000000
0.020000 0.000000
0.030000 0.000000
0.040000 0.000000
0.010000 0.000000
0.020000 0.000000
0.030000 0.000000
0.040000 0.000000
