0.010000 0.000000
0.020000 0.000000
0.030000 0.000000
0.040000 0.000000
0.050000 0.000000
0.060000 0.000000
0.070000 0.000000
0.080000 0.000000
0.090000 0.000000
0.100000 0.000000
0.110000 0.000000
0.120000 0.000000
0.130000 0.000000
0.140000 0.000000
0.150000 0.000000
0.160000 0.000000
0.170000 0.000000
0.180000 0.000000
0.190000 0.000000
0.200000 0.000000
0.210000 0.000000
0.220000 0.001095
0.230000 0.001095
0.240000 0.001095
0.250000 0.000000
0.260000 0.002191
0.270000 0.004381
0.280000 0.012048
0.290000 0.021906
0.300000 0.044907
0.310000 0.074480
0.320000 0.098576
0.330000 0.179628
0.340000 0.240964
0.350000 0.369113
0.360000 0.488499
0.370000 0.616648
0.380000 0.801752
0.390000 1.063527
0.400000 1.268346
0.410000 1.495071
0.420000 1.787514
0.430000 2.058050
0.440000 2.350493
0.450000 2.520263
0.460000 2.738226
0.470000 2.852136
0.480000 2.888280
0.490000 2.884994
0.500000 2.820372
0.510000 2.703176
0.520000 2.634173
0.530000 2.392114
0.540000 2.185104
0.550000 2.009858
0.560000 1.626506
0.570000 1.443593
0.580000 1.247536
0.590000 1.046002
0.600000 0.880613
0.610000 0.716320
0.620000 0.565170
0.630000 0.423877
0.640000 0.391019
0.650000 0.297919
0.660000 0.207010
0.670000 0.138007
0.680000 0.115005
0.690000 0.089814
0.700000 0.066813
0.710000 0.040526
0.720000 0.032859
0.730000 0.015334
0.740000 0.013143
0.750000 0.009858
0.760000 0.009858
0.770000 0.007667
0.780000 0.003286
0.790000 0.002191
0.800000 0.002191
0.810000 0.002191
0.820000 0.001095
0.830000 0.000000
0.839999 0.000000
0.849999 0.000000
0.859999 0.000000
0.869999 0.000000
0.879999 0.000000
0.889999 0.000000
0.899999 0.000000
0.909999 0.000000
0.919999 0.000000
0.929999 0.000000
0.939999 0.000000
0.949999 0.000000
0.959999 0.000000
0.969999 0.000000
0.979999 0.000000
0.989999 0.000000
0.999999 0.000000
-0.112200
0.010000 0.000000
0.020000 0.000000
0.030000 0.000000
0.040000 0.000000
0.050000 0.000000
0.060000 0.000000
0.070000 0.000000
0.080000 0.000000
0.090000 0.000000
0.100000 0.000000
0.110000 0.000000
0.120000 0.000000
0.130000 0.000000
0.140000 0.000000
0.150000 0.000000
0.160000 0.000000
0.170000 0.000000
0.180000 0.000000
0.190000 0.000000
0.200000 0.000000
0.010000 0.000000
0.020000 0.000000
0.030000 0.000000
0.040000 0.000000
0.010000 0.000000
0.020000 0.000000
0.030000 0.000000
0.040000 0.000000
