0.010000 0.000000
0.020000 0.000000
0.030000 0.000000
0.040000 0.000000
0.050000 0.000000
0.060000 0.000000
0.070000 0.000000
0.080000 0.000000
0.090000 0.000000
0.100000 0.000000
0.110000 0.000000
0.120000 0.000000
0.130000 0.000000
0.140000 0.000000
0.150000 0.000000
0.160000 0.000000
0.170000 0.000000
0.180000 0.000000
0.190000 0.000000
0.200000 0.000000
0.210000 0.001040
0.220000 0.000000
0.230000 0.000000
0.240000 0.002079
0.250000 0.001040
0.260000 0.004158
0.270000 0.007277
0.280000 0.014553
0.290000 0.028067
0.300000 0.056133
0.310000 0.084200
0.320000 0.106029
0.330000 0.169439
0.340000 0.268191
0.350000 0.376299
0.360000 0.487526
0.370000 0.679834
0.380000 0.880457
0.390000 1.101871
0.400000 1.324324
0.410000 1.620582
0.420000 1.876299
0.430000 2.186071
0.440000 2.408524
0.450000 2.554054
0.460000 2.852391
0.470000 2.904366
0.480000 3.004158
0.490000 2.944907
0.500000 2.867983
0.510000 2.726611
0.520000 2.609148
0.530000 2.361746
0.540000 2.180873
0.550000 1.946986
0.560000 1.745322
0.570000 1.462578
0.580000 1.256757
0.590000 1.033264
0.600000 0.888773
0.610000 0.689189
0.620000 0.566528
0.630000 0.452183
0.640000 0.312890
0.650000 0.274428
0.660000 0.220374
0.670000 0.161123
0.680000 0.113306
0.690000 0.091476
0.700000 0.059252
0.710000 0.050936
0.720000 0.029106
0.730000 0.023909
0.740000 0.010395
0.750000 0.010395
0.760000 0.007277
0.770000 0.003119
0.780000 0.004158
0.790000 0.004158
0.800000 0.002079
0.810000 0.002079
0.820000 0.000000
0.830000 0.000000
0.839999 0.000000
0.849999 0.000000
0.859999 0.000000
0.869999 0.000000
0.879999 0.000000
0.889999 0.000000
0.899999 0.000000
0.909999 0.000000
0.919999 0.000000
0.929999 0.000000
0.939999 0.000000
0.949999 0.000000
0.959999 0.000000
0.969999 0.000000
0.979999 0.000000
0.989999 0.000000
0.999999 0.000000
0.187800
0.010000 0.000000
0.020000 0.000000
0.030000 0.000000
0.040000 0.000000
0.050000 0.000000
0.060000 0.000000
0.070000 0.000000
0.080000 0.000000
0.090000 0.000000
0.100000 0.000000
0.110000 0.000000
0.120000 0.000000
0.130000 0.000000
0.140000 0.000000
0.150000 0.000000
0.160000 0.000000
0.170000 0.000000
0.180000 0.000000
0.190000 0.000000
0.200000 0.000000
0.010000 0.000000
0.020000 0.000000
0.030000 0.000000
0.040000 0.000000
0.010000 0.000000
0.020000 0.000000
0.030000 0.000000
0.040000 0.000000
