0.010000 0.000000
0.020000 0.000000
0.030000 0.000000
0.040000 0.000000
0.050000 0.000000
0.060000 0.000000
0.070000 0.000000
0.080000 0.000000
0.090000 0.000000
0.100000 0.000000
0.110000 0.000000
0.120000 0.000281
0.130000 0.000281
0.140000 0.001122
0.150000 0.001683
0.160000 0.005049
0.170000 0.008135
0.180000 0.015989
0.190000 0.021879
0.200000 0.038429
0.210000 0.059187
0.220000 0.092567
0.230000 0.142777
0.240000 0.189621
0.250000 0.258345
0.260000 0.342777
0.270000 0.451613
0.280000 0.601403
0.290000 0.766900
0.300000 0.961851
0.310000 1.157644
0.320000 1.375877
0.330000 1.635905
0.340000 1.892567
0.350000 2.135764
0.360000 2.378401
0.370000 2.642356
0.380000 2.853296
0.390000 3.058065
0.400000 3.249930
0.410000 3.404769
0.420000 3.528752
0.430000 3.576718
0.440000 3.580645
0.450000 3.566059
0.460000 3.487237
0.470000 3.405891
0.480000 3.300701
0.490000 3.124825
0.500000 2.898457
0.510000 2.679102
0.520000 2.507714
0.530000 2.281907
0.540000 2.024404
0.550000 1.786536
0.560000 1.566339
0.570000 1.374474
0.580000 1.206732
0.590000 1.033661
0.600000 0.881346
0.610000 0.755119
0.620000 0.617672
0.630000 0.506592
0.640000 0.410940
0.650000 0.330996
0.660000 0.271809
0.670000 0.218513
0.680000 0.176438
0.690000 0.133801
0.700000 0.106311
0.710000 0.081346
0.720000 0.057223
0.730000 0.040673
0.740000 0.034783
0.750000 0.027209
0.760000 0.020196
0.770000 0.012342
0.780000 0.007854
0.790000 0.005049
0.800000 0.002244
0.810000 0.001683
0.820000 0.000842
0.830000 0.000561
0.839999 0.000842
0.849999 0.000561
0.859999 0.000000
0.869999 0.000000
0.879999 0.000000
0.889999 0.000000
0.899999 0.000000
0.909999 0.000000
0.919999 0.000000
0.929999 0.000000
0.939999 0.000000
0.949999 0.000000
0.959999 0.000000
0.969999 0.000000
0.979999 0.000000
0.989999 0.000000
0.999999 0.000000
0.247800
0.010000 0.000000
0.020000 0.000000
0.030000 0.000000
0.040000 0.000000
0.050000 0.000000
0.060000 0.000000
0.070000 0.000000
0.080000 0.000000
0.090000 0.000000
0.100000 0.000000
0.110000 0.000000
0.120000 0.000281
0.130000 0.000281
0.140000 0.001122
0.150000 0.001683
0.160000 0.005049
0.170000 0.008135
0.180000 0.015989
0.190000 0.021879
0.200000 0.038429
0.010000 0.000000
0.020000 0.000000
0.030000 0.000000
0.040000 0.000000
0.010000 0.000000
0.020000 0.000000
0.030000 0.000000
0.040000 0.000000
