0.010000 0.000000
0.020000 0.000000
0.030000 0.000000
0.040000 0.000000
0.050000 0.000000
0.060000 0.000000
0.070000 0.000000
0.080000 0.000000
0.090000 0.000000
0.100000 0.000000
0.110000 0.000000
0.120000 0.000000
0.130000 0.000000
0.140000 0.000000
0.150000 0.000384
0.160000 0.000767
0.170000 0.001535
0.180000 0.002686
0.190000 0.003837
0.200000 0.009977
0.210000 0.019186
0.220000 0.033384
0.230000 0.046048
0.240000 0.073676
0.250000 0.108979
0.260000 0.161550
0.270000 0.227552
0.280000 0.315426
0.290000 0.418649
0.300000 0.547966
0.310000 0.732924
0.320000 0.934766
0.330000 1.150806
0.340000 1.376439
0.350000 1.619340
0.360000 1.871450
0.370000 2.133154
0.380000 2.410207
0.390000 2.643131
0.400000 2.850345
0.410000 3.105909
0.420000 3.244820
0.430000 3.339217
0.440000 3.445127
0.450000 3.456255
0.460000 3.409823
0.470000 3.341520
0.480000 3.257099
0.490000 3.128933
0.500000 2.955104
0.510000 2.711435
0.520000 2.461627
0.530000 2.260553
0.540000 2.036838
0.550000 1.833078
0.560000 1.611665
0.570000 1.411742
0.580000 1.228703
0.590000 1.031850
0.600000 0.873753
0.610000 0.699156
0.620000 0.583269
0.630000 0.456639
0.640000 0.372985
0.650000 0.293170
0.660000 0.236761
0.670000 0.186876
0.680000 0.148887
0.690000 0.116654
0.700000 0.084804
0.710000 0.069071
0.720000 0.053338
0.730000 0.037989
0.740000 0.027245
0.750000 0.018035
0.760000 0.009977
0.770000 0.007675
0.780000 0.006140
0.790000 0.003837
0.800000 0.002302
0.810000 0.002302
0.820000 0.001151
0.830000 0.000767
0.839999 0.000767
0.849999 0.000384
0.859999 0.000000
0.869999 0.000000
0.879999 0.000000
0.889999 0.000000
0.899999 0.000000
0.909999 0.000000
0.919999 0.000000
0.929999 0.000000
0.939999 0.000000
0.949999 0.000000
0.959999 0.000000
0.969999 0.000000
0.979999 0.000000
0.989999 0.000000
0.999999 0.000000
-0.142200
0.010000 0.000000
0.020000 0.000000
0.030000 0.000000
0.040000 0.000000
0.050000 0.000000
0.060000 0.000000
0.070000 0.000000
0.080000 0.000000
0.090000 0.000000
0.100000 0.000000
0.110000 0.000000
0.120000 0.000000
0.130000 0.000000
0.140000 0.000000
0.150000 0.000384
0.160000 0.000767
0.170000 0.001535
0.180000 0.002686
0.190000 0.003837
0.200000 0.009977
0.010000 0.000000
0.020000 0.000000
0.030000 0.000000
0.040000 0.000000
0.010000 0.000000
0.020000 0.000000
0.030000 0.000000
0.040000 0.000000
