0.020000 0.000000
0.040000 0.000000
0.060000 0.000000
0.080000 0.000000
0.100000 0.000000
0.120000 0.002800
0.140000 0.013600
0.160000 0.045000
0.180000 0.123400
0.200000 0.318000
0.220000 0.675600
0.240000 1.286000
0.260000 2.228400
0.280000 3.477000
0.300000 5.078600
0.320000 6.945600
0.340000 8.813000
0.360000 10.635200
0.380000 12.019000
0.400000 13.108000
0.420000 13.475400
0.440000 13.303200
0.460000 12.534800
0.480000 11.335800
0.500000 9.857400
0.520000 8.182800
0.540000 6.584000
0.560000 5.067400
0.580000 3.746400
0.600000 2.711400
0.620000 1.826400
0.640000 1.204200
0.660000 0.764400
0.680000 0.477000
0.700000 0.283800
0.720000 0.157800
0.740000 0.084800
0.760000 0.044400
0.780000 0.020600
0.800000 0.008400
0.820000 0.003000
0.840000 0.001400
0.860000 0.000800
0.880000 0.000000
0.900000 0.000000
0.920000 0.000000
0.940000 0.000000
0.960000 0.000000
0.980000 0.000000
1.000000 0.000000
