0.020000 0.000200
0.040000 0.011400
0.060000 0.077600
0.080000 0.356400
0.100000 1.063000
0.120000 2.496800
0.140000 4.912400
0.160000 8.491800
0.180000 13.107400
0.200000 18.862800
0.220000 25.416200
0.240000 32.333200
0.260000 39.179000
0.280000 45.371600
0.300000 50.620200
0.320000 54.711200
0.340000 57.270400
0.360000 58.274400
0.380000 57.561000
0.400000 55.573800
0.420000 52.303800
0.440000 48.092200
0.460000 43.152400
0.480000 37.823000
0.500000 32.402200
0.520000 27.066800
0.540000 22.244200
0.560000 17.855400
0.580000 13.942600
0.600000 10.612200
0.620000 7.903200
0.640000 5.704200
0.660000 3.988200
0.680000 2.749000
0.700000 1.785600
0.720000 1.131600
0.740000 0.694600
0.760000 0.412200
0.780000 0.225200
0.800000 0.122800
0.820000 0.064600
0.840000 0.029400
0.860000 0.012000
0.880000 0.004000
0.900000 0.000600
0.920000 0.000000
0.940000 0.000000
0.960000 0.000000
0.980000 0.000000
1.000000 0.000000
