0.020000 0.000000
0.040000 0.000000
0.060000 0.000000
0.080000 0.000000
0.100000 0.000000
0.120000 0.000000
0.140000 0.000000
0.160000 0.000000
0.180000 0.000000
0.200000 0.000000
0.220000 0.000200
0.240000 0.001400
0.260000 0.005000
0.280000 0.013600
0.300000 0.041200
0.320000 0.095000
0.340000 0.207400
0.360000 0.424200
0.380000 0.709200
0.400000 1.088200
0.420000 1.556800
0.440000 1.917600
0.460000 2.194400
0.480000 2.226000
0.500000 2.118000
0.520000 1.886600
0.540000 1.525800
0.560000 1.157600
0.580000 0.808400
0.600000 0.540600
0.620000 0.317200
0.640000 0.177400
0.660000 0.101200
0.680000 0.049600
0.700000 0.025400
0.720000 0.012200
0.740000 0.004200
0.760000 0.001800
0.780000 0.000600
0.800000 0.000600
0.820000 0.000000
0.840000 0.000000
0.860000 0.000000
0.880000 0.000000
0.900000 0.000000
0.920000 0.000000
0.940000 0.000000
0.960000 0.000000
0.980000 0.000000
1.000000 0.000000
