0.020000 0.000000
0.040000 0.000000
0.060000 0.000000
0.080000 0.000000
0.100000 0.000000
0.120000 0.000000
0.140000 0.000000
0.160000 0.000000
0.180000 0.000000
0.200000 0.000000
0.220000 0.000000
0.240000 0.000000
0.260000 0.000200
0.280000 0.001800
0.300000 0.005200
0.320000 0.018400
0.340000 0.056200
0.360000 0.131800
0.380000 0.261000
0.400000 0.492400
0.420000 0.757800
0.440000 1.012800
0.460000 1.262600
0.480000 1.415600
0.500000 1.455000
0.520000 1.302200
0.540000 1.050800
0.560000 0.787800
0.580000 0.547000
0.600000 0.365000
0.620000 0.202000
0.640000 0.112000
0.660000 0.059200
0.680000 0.028800
0.700000 0.012600
0.720000 0.004800
0.740000 0.001800
0.760000 0.000400
0.780000 0.000400
0.800000 0.000000
0.820000 0.000000
0.840000 0.000000
0.860000 0.000000
0.880000 0.000000
0.900000 0.000000
0.920000 0.000000
0.940000 0.000000
0.960000 0.000000
0.980000 0.000000
1.000000 0.000000
