0.020000 0.034000
0.040000 0.140600
0.060000 0.291800
0.080000 0.465800
0.100000 0.651000
0.120000 0.835400
0.140000 1.012200
0.160000 1.180600
0.180000 1.328600
0.200000 1.454600
0.220000 1.549800
0.240000 1.624200
0.260000 1.676600
0.280000 1.705200
0.300000 1.704600
0.320000 1.680600
0.340000 1.634800
0.360000 1.613400
0.380000 1.534800
0.400000 1.451800
0.420000 1.372800
0.440000 1.270200
0.460000 1.179200
0.480000 1.085600
0.500000 0.991800
0.520000 0.893600
0.540000 0.808200
0.560000 0.721800
0.580000 0.638600
0.600000 0.560800
0.620000 0.488800
0.640000 0.422600
0.660000 0.358200
0.680000 0.303000
0.700000 0.247200
0.720000 0.204400
0.740000 0.162000
0.760000 0.128600
0.780000 0.101000
0.800000 0.076200
0.820000 0.054400
0.840000 0.037400
0.860000 0.026800
0.880000 0.015000
0.900000 0.009400
0.920000 0.004000
0.940000 0.001400
0.960000 0.000400
0.980000 0.000000
1.000000 0.000000
