0.020000 0.000000
0.040000 0.000000
0.060000 0.000000
0.080000 0.000400
0.100000 0.002400
0.120000 0.017400
0.140000 0.061000
0.160000 0.192200
0.180000 0.458200
0.200000 0.950600
0.220000 1.781000
0.240000 3.089800
0.260000 4.713600
0.280000 6.875200
0.300000 9.249200
0.320000 11.749000
0.340000 14.158400
0.360000 16.153000
0.380000 17.587200
0.400000 18.403400
0.420000 18.405600
0.440000 17.812800
0.460000 16.590400
0.480000 14.871400
0.500000 12.796200
0.520000 10.677200
0.540000 8.601600
0.560000 6.706600
0.580000 4.995200
0.600000 3.652600
0.620000 2.558800
0.640000 1.723800
0.660000 1.115000
0.680000 0.698600
0.700000 0.430200
0.720000 0.239400
0.740000 0.130200
0.760000 0.070400
0.780000 0.034200
0.800000 0.016400
0.820000 0.008800
0.840000 0.003800
0.860000 0.001600
0.880000 0.000600
0.900000 0.000000
0.920000 0.000000
0.940000 0.000000
0.960000 0.000000
0.980000 0.000000
1.000000 0.000000
