0.020000 0.036600
0.040000 0.548200
0.060000 2.334000
0.080000 6.082200
0.100000 12.364600
0.120000 21.231800
0.140000 32.282400
0.160000 45.015200
0.180000 58.785400
0.200000 72.825000
0.220000 86.195400
0.240000 97.942400
0.260000 107.714600
0.280000 115.141200
0.300000 119.917400
0.320000 121.852200
0.340000 120.955600
0.360000 117.709400
0.380000 112.480400
0.400000 105.478800
0.420000 97.210600
0.440000 87.762000
0.460000 78.112800
0.480000 68.217000
0.500000 58.654000
0.520000 49.540200
0.540000 41.046600
0.560000 33.469800
0.580000 26.814000
0.600000 21.019600
0.620000 16.132600
0.640000 12.119200
0.660000 8.854600
0.680000 6.346200
0.700000 4.369200
0.720000 2.936800
0.740000 1.920800
0.760000 1.198400
0.780000 0.720600
0.800000 0.405600
0.820000 0.218400
0.840000 0.110200
0.860000 0.051800
0.880000 0.023800
0.900000 0.011200
0.920000 0.003400
0.940000 0.000800
0.960000 0.000000
0.980000 0.000000
1.000000 0.000000
