0.020000 0.001400
0.040000 0.013400
0.060000 0.040000
0.080000 0.085000
0.100000 0.142000
0.120000 0.214800
0.140000 0.306800
0.160000 0.396000
0.180000 0.493400
0.200000 0.579000
0.220000 0.663800
0.240000 0.738000
0.260000 0.803600
0.280000 0.861600
0.300000 0.902600
0.320000 0.937600
0.340000 0.932600
0.360000 0.926000
0.380000 0.925000
0.400000 0.901200
0.420000 0.872200
0.440000 0.837600
0.460000 0.785600
0.480000 0.728400
0.500000 0.659600
0.520000 0.601600
0.540000 0.535600
0.560000 0.480000
0.580000 0.410200
0.600000 0.364000
0.620000 0.313200
0.640000 0.260800
0.660000 0.219000
0.680000 0.192200
0.700000 0.160400
0.720000 0.130000
0.740000 0.104200
0.760000 0.079000
0.780000 0.058000
0.800000 0.043200
0.820000 0.031000
0.840000 0.020400
0.860000 0.013800
0.880000 0.010000
0.900000 0.006200
0.920000 0.002200
0.940000 0.000800
0.960000 0.000000
0.980000 0.000000
1.000000 0.000000
