0.020000 0.000000
0.040000 0.000000
0.060000 0.000000
0.080000 0.000000
0.100000 0.000000
0.120000 0.000000
0.140000 0.000000
0.160000 0.000000
0.180000 0.000000
0.200000 0.000000
0.220000 0.000000
0.240000 0.000000
0.260000 0.000000
0.280000 0.000400
0.300000 0.000800
0.320000 0.005800
0.340000 0.023600
0.360000 0.059400
0.380000 0.159200
0.400000 0.281000
0.420000 0.493400
0.440000 0.742600
0.460000 0.962400
0.480000 1.102200
0.500000 1.120600
0.520000 1.041800
0.540000 0.876000
0.560000 0.662400
0.580000 0.439600
0.600000 0.272000
0.620000 0.167400
0.640000 0.087600
0.660000 0.044600
0.680000 0.020600
0.700000 0.008400
0.720000 0.004200
0.740000 0.001800
0.760000 0.000600
0.780000 0.000200
0.800000 0.000000
0.820000 0.000000
0.840000 0.000000
0.860000 0.000000
0.880000 0.000000
0.900000 0.000000
0.920000 0.000000
0.940000 0.000000
0.960000 0.000000
0.980000 0.000000
1.000000 0.000000
