0.020000 0.000000
0.040000 0.000000
0.060000 0.000000
0.080000 0.000000
0.100000 0.000000
0.120000 0.000000
0.140000 0.000600
0.160000 0.003200
0.180000 0.012200
0.200000 0.033200
0.220000 0.107400
0.240000 0.255000
0.260000 0.524600
0.280000 0.968400
0.300000 1.618000
0.320000 2.526600
0.340000 3.650000
0.360000 4.848000
0.380000 5.988000
0.400000 7.023800
0.420000 7.729400
0.440000 7.969600
0.460000 7.813000
0.480000 7.263000
0.500000 6.376600
0.520000 5.309000
0.540000 4.285200
0.560000 3.263200
0.580000 2.403400
0.600000 1.667400
0.620000 1.090800
0.640000 0.677200
0.660000 0.420800
0.680000 0.242800
0.700000 0.139600
0.720000 0.068200
0.740000 0.035600
0.760000 0.018800
0.780000 0.009600
0.800000 0.003800
0.820000 0.001600
0.840000 0.000400
0.860000 0.000200
0.880000 0.000000
0.900000 0.000000
0.920000 0.000000
0.940000 0.000000
0.960000 0.000000
0.980000 0.000000
1.000000 0.000000
