0.020000 0.000200
0.040000 0.002000
0.060000 0.008400
0.080000 0.019000
0.100000 0.039000
0.120000 0.070200
0.140000 0.106400
0.160000 0.155200
0.180000 0.202800
0.200000 0.265800
0.220000 0.317800
0.240000 0.364400
0.260000 0.407800
0.280000 0.450600
0.300000 0.493000
0.320000 0.528000
0.340000 0.563200
0.360000 0.590600
0.380000 0.586000
0.400000 0.577600
0.420000 0.566800
0.440000 0.537600
0.460000 0.507000
0.480000 0.479200
0.500000 0.446000
0.520000 0.415400
0.540000 0.375200
0.560000 0.336000
0.580000 0.290800
0.600000 0.251800
0.620000 0.217600
0.640000 0.181200
0.660000 0.155800
0.680000 0.125000
0.700000 0.101200
0.720000 0.078000
0.740000 0.064000
0.760000 0.047000
0.780000 0.034800
0.800000 0.024200
0.820000 0.016800
0.840000 0.008800
0.860000 0.005200
0.880000 0.001800
0.900000 0.001200
0.920000 0.001000
0.940000 0.000600
0.960000 0.000000
0.980000 0.000000
1.000000 0.000000
