0.020000 302.418600
0.040000 557.205800
0.060000 768.923400
0.080000 941.257800
0.100000 1078.319000
0.120000 1183.969600
0.140000 1260.775400
0.160000 1312.564000
0.180000 1342.286000
0.200000 1352.807400
0.220000 1345.930600
0.240000 1324.704800
0.260000 1291.338600
0.280000 1247.957800
0.300000 1195.811000
0.320000 1137.854800
0.340000 1074.733000
0.360000 1007.780400
0.380000 938.424400
0.400000 868.210000
0.420000 797.582400
0.440000 727.464800
0.460000 658.713800
0.480000 592.239000
0.500000 528.494200
0.520000 468.119800
0.540000 411.334000
0.560000 358.065400
0.580000 308.827600
0.600000 263.808600
0.620000 222.929200
0.640000 186.119600
0.660000 153.514200
0.680000 124.834600
0.700000 99.864200
0.720000 78.540600
0.740000 60.571800
0.760000 45.699200
0.780000 33.514000
0.800000 23.759200
0.820000 16.180200
0.840000 10.601200
0.860000 6.489600
0.880000 3.726400
0.900000 1.942600
0.920000 0.887600
0.940000 0.324000
0.960000 0.082200
0.980000 0.009000
1.000000 0.000000
