0.020000 0.000000
0.040000 0.000000
0.060000 0.000000
0.080000 0.000000
0.100000 0.000000
0.120000 0.001400
0.140000 0.006200
0.160000 0.019800
0.180000 0.067800
0.200000 0.178400
0.220000 0.421600
0.240000 0.832800
0.260000 1.508200
0.280000 2.523400
0.300000 3.845600
0.320000 5.404200
0.340000 7.066600
0.360000 8.667200
0.380000 10.142600
0.400000 11.033600
0.420000 11.614000
0.440000 11.560600
0.460000 11.099800
0.480000 10.095400
0.500000 8.705800
0.520000 7.301600
0.540000 5.870600
0.560000 4.508000
0.580000 3.303000
0.600000 2.332800
0.620000 1.604200
0.640000 1.070600
0.660000 0.641800
0.680000 0.388200
0.700000 0.228800
0.720000 0.131600
0.740000 0.069600
0.760000 0.029400
0.780000 0.014400
0.800000 0.005600
0.820000 0.002000
0.840000 0.000400
0.860000 0.000000
0.880000 0.000000
0.900000 0.000000
0.920000 0.000000
0.940000 0.000000
0.960000 0.000000
0.980000 0.000000
1.000000 0.000000
