0.020000 0.000000
0.040000 0.000000
0.060000 0.000000
0.080000 0.000000
0.100000 0.000000
0.120000 0.000000
0.140000 0.000000
0.160000 0.000000
0.180000 0.000000
0.200000 0.001200
0.220000 0.002200
0.240000 0.009000
0.260000 0.020200
0.280000 0.066800
0.300000 0.152000
0.320000 0.324600
0.340000 0.638200
0.360000 1.080600
0.380000 1.605000
0.400000 2.185800
0.420000 2.759400
0.440000 3.188200
0.460000 3.427600
0.480000 3.404800
0.500000 3.144200
0.520000 2.682400
0.540000 2.110200
0.560000 1.623800
0.580000 1.145800
0.600000 0.783400
0.620000 0.496800
0.640000 0.283800
0.660000 0.160000
0.680000 0.088400
0.700000 0.042000
0.720000 0.018400
0.740000 0.008200
0.760000 0.004400
0.780000 0.001800
0.800000 0.000600
0.820000 0.000200
0.840000 0.000000
0.860000 0.000000
0.880000 0.000000
0.900000 0.000000
0.920000 0.000000
0.940000 0.000000
0.960000 0.000000
0.980000 0.000000
1.000000 0.000000
