0.020000 0.000000
0.040000 0.000000
0.060000 0.000000
0.080000 0.000000
0.100000 0.000000
0.120000 0.000000
0.140000 0.000000
0.160000 0.000200
0.180000 0.000000
0.200000 0.000200
0.220000 0.000600
0.240000 0.000800
0.260000 0.003000
0.280000 0.003800
0.300000 0.008000
0.320000 0.011800
0.340000 0.019400
0.360000 0.021200
0.380000 0.027800
0.400000 0.034000
0.420000 0.042200
0.440000 0.048000
0.460000 0.052800
0.480000 0.060800
0.500000 0.061800
0.520000 0.066000
0.540000 0.058600
0.560000 0.056800
0.580000 0.046800
0.600000 0.044400
0.620000 0.038600
0.640000 0.030000
0.660000 0.023600
0.680000 0.017600
0.700000 0.013800
0.720000 0.011800
0.740000 0.007400
0.760000 0.005600
0.780000 0.004400
0.800000 0.002800
0.820000 0.001200
0.840000 0.000200
0.860000 0.000000
0.880000 0.000000
0.900000 0.000000
0.920000 0.000000
0.940000 0.000000
0.960000 0.000000
0.980000 0.000000
1.000000 0.000000
