0.020000 0.000000
0.040000 0.000000
0.060000 0.000000
0.080000 0.000000
0.100000 0.000000
0.120000 0.000000
0.140000 0.000000
0.160000 0.000000
0.180000 0.000200
0.200000 0.000200
0.220000 0.003000
0.240000 0.014200
0.260000 0.045000
0.280000 0.113600
0.300000 0.268000
0.320000 0.508800
0.340000 0.902000
0.360000 1.457200
0.380000 2.103800
0.400000 2.802600
0.420000 3.387800
0.440000 3.816000
0.460000 4.009000
0.480000 3.887400
0.500000 3.606200
0.520000 3.071400
0.540000 2.498000
0.560000 1.844600
0.580000 1.313800
0.600000 0.886800
0.620000 0.560600
0.640000 0.329600
0.660000 0.193000
0.680000 0.101600
0.700000 0.053800
0.720000 0.029800
0.740000 0.013400
0.760000 0.003800
0.780000 0.002000
0.800000 0.000600
0.820000 0.000800
0.840000 0.000200
0.860000 0.000200
0.880000 0.000200
0.900000 0.000000
0.920000 0.000000
0.940000 0.000000
0.960000 0.000000
0.980000 0.000000
1.000000 0.000000
