0.020000 0.000000
0.040000 0.000000
0.060000 0.000000
0.080000 0.000000
0.100000 0.000000
0.120000 0.000000
0.140000 0.000000
0.160000 0.000000
0.180000 0.000000
0.200000 0.000000
0.220000 0.000400
0.240000 0.002800
0.260000 0.009400
0.280000 0.028000
0.300000 0.073200
0.320000 0.174200
0.340000 0.362000
0.360000 0.653000
0.380000 1.051200
0.400000 1.525400
0.420000 2.027400
0.440000 2.433800
0.460000 2.702400
0.480000 2.728800
0.500000 2.561200
0.520000 2.215200
0.540000 1.801800
0.560000 1.345600
0.580000 0.927200
0.600000 0.628800
0.620000 0.402200
0.640000 0.232200
0.660000 0.121400
0.680000 0.059800
0.700000 0.034600
0.720000 0.017000
0.740000 0.008400
0.760000 0.002600
0.780000 0.001000
0.800000 0.000800
0.820000 0.000600
0.840000 0.000400
0.860000 0.000000
0.880000 0.000000
0.900000 0.000000
0.920000 0.000000
0.940000 0.000000
0.960000 0.000000
0.980000 0.000000
1.000000 0.000000
