0.020000 0.000000
0.040000 0.000000
0.060000 0.000000
0.080000 0.000000
0.100000 0.001600
0.120000 0.006400
0.140000 0.026800
0.160000 0.086000
0.180000 0.241400
0.200000 0.555400
0.220000 1.125200
0.240000 1.964000
0.260000 3.204400
0.280000 4.823200
0.300000 6.837200
0.320000 8.990800
0.340000 11.176200
0.360000 13.016000
0.380000 14.592400
0.400000 15.448400
0.420000 15.689400
0.440000 15.301400
0.460000 14.321400
0.480000 12.808400
0.500000 11.116600
0.520000 9.250800
0.540000 7.453000
0.560000 5.789800
0.580000 4.346800
0.600000 3.122400
0.620000 2.163000
0.640000 1.437000
0.660000 0.926800
0.680000 0.576600
0.700000 0.343600
0.720000 0.190400
0.740000 0.102600
0.760000 0.052800
0.780000 0.026200
0.800000 0.013800
0.820000 0.006200
0.840000 0.002800
0.860000 0.000800
0.880000 0.000200
0.900000 0.000200
0.920000 0.000000
0.940000 0.000000
0.960000 0.000000
0.980000 0.000000
1.000000 0.000000
