0.020000 0.000000
0.040000 0.000000
0.060000 0.000000
0.080000 0.000000
0.100000 0.000000
0.120000 0.000000
0.140000 0.000000
0.160000 0.000000
0.180000 0.000000
0.200000 0.000400
0.220000 0.000800
0.240000 0.005200
0.260000 0.012600
0.280000 0.039600
0.300000 0.094400
0.320000 0.225000
0.340000 0.432600
0.360000 0.762800
0.380000 1.211200
0.400000 1.781600
0.420000 2.250000
0.440000 2.670400
0.460000 2.864200
0.480000 2.914800
0.500000 2.759600
0.520000 2.338200
0.540000 1.899600
0.560000 1.397200
0.580000 1.004000
0.600000 0.683000
0.620000 0.428600
0.640000 0.251600
0.660000 0.138800
0.680000 0.075800
0.700000 0.030000
0.720000 0.015000
0.740000 0.008000
0.760000 0.003600
0.780000 0.001800
0.800000 0.000200
0.820000 0.000000
0.840000 0.000000
0.860000 0.000000
0.880000 0.000000
0.900000 0.000000
0.920000 0.000000
0.940000 0.000000
0.960000 0.000000
0.980000 0.000000
1.000000 0.000000
