0.020000 0.000000
0.040000 0.000000
0.060000 0.000000
0.080000 0.000000
0.100000 0.000000
0.120000 0.000000
0.140000 0.000000
0.160000 0.000000
0.180000 0.000000
0.200000 0.000000
0.220000 0.000000
0.240000 0.000000
0.260000 0.000200
0.280000 0.001400
0.300000 0.007400
0.320000 0.027800
0.340000 0.076600
0.360000 0.161400
0.380000 0.337000
0.400000 0.592200
0.420000 0.878800
0.440000 1.180200
0.460000 1.424600
0.480000 1.581400
0.500000 1.552200
0.520000 1.429000
0.540000 1.179200
0.560000 0.859400
0.580000 0.601800
0.600000 0.385400
0.620000 0.238600
0.640000 0.120200
0.660000 0.067200
0.680000 0.032200
0.700000 0.014000
0.720000 0.005200
0.740000 0.002200
0.760000 0.001000
0.780000 0.000400
0.800000 0.000200
0.820000 0.000200
0.840000 0.000000
0.860000 0.000000
0.880000 0.000000
0.900000 0.000000
0.920000 0.000000
0.940000 0.000000
0.960000 0.000000
0.980000 0.000000
1.000000 0.000000
