0.020000 0.000000
0.040000 0.000000
0.060000 0.000000
0.080000 0.000000
0.100000 0.000000
0.120000 0.000000
0.140000 0.000000
0.160000 0.000000
0.180000 0.000000
0.200000 0.000000
0.220000 0.000000
0.240000 0.000400
0.260000 0.001800
0.280000 0.006400
0.300000 0.014800
0.320000 0.048600
0.340000 0.124400
0.360000 0.267000
0.380000 0.493600
0.400000 0.806000
0.420000 1.146200
0.440000 1.527400
0.460000 1.792200
0.480000 1.863800
0.500000 1.806800
0.520000 1.665000
0.540000 1.320800
0.560000 1.011800
0.580000 0.682400
0.600000 0.429600
0.620000 0.267600
0.640000 0.142800
0.660000 0.075000
0.680000 0.039200
0.700000 0.017800
0.720000 0.006200
0.740000 0.004000
0.760000 0.001800
0.780000 0.000000
0.800000 0.000200
0.820000 0.000000
0.840000 0.000000
0.860000 0.000000
0.880000 0.000000
0.900000 0.000000
0.920000 0.000000
0.940000 0.000000
0.960000 0.000000
0.980000 0.000000
1.000000 0.000000
