0.020000 0.000000
0.040000 0.000000
0.060000 0.000000
0.080000 0.000000
0.100000 0.000000
0.120000 0.000000
0.140000 0.000000
0.160000 0.000000
0.180000 0.000000
0.200000 0.000000
0.220000 0.000000
0.240000 0.000000
0.260000 0.000200
0.280000 0.000600
0.300000 0.006400
0.320000 0.023600
0.340000 0.061800
0.360000 0.143400
0.380000 0.302800
0.400000 0.520000
0.420000 0.821200
0.440000 1.121800
0.460000 1.386200
0.480000 1.491400
0.500000 1.508400
0.520000 1.331000
0.540000 1.121800
0.560000 0.825600
0.580000 0.564800
0.600000 0.357400
0.620000 0.213600
0.640000 0.120800
0.660000 0.060000
0.680000 0.026800
0.700000 0.012000
0.720000 0.005000
0.740000 0.001200
0.760000 0.000400
0.780000 0.000400
0.800000 0.000000
0.820000 0.000000
0.840000 0.000000
0.860000 0.000000
0.880000 0.000000
0.900000 0.000000
0.920000 0.000000
0.940000 0.000000
0.960000 0.000000
0.980000 0.000000
1.000000 0.000000
