0.020000 0.000000
0.040000 0.000000
0.060000 0.000000
0.080000 0.000000
0.100000 0.000000
0.120000 0.000000
0.140000 0.000000
0.160000 0.000000
0.180000 0.000000
0.200000 0.000000
0.220000 0.000000
0.240000 0.000000
0.260000 0.000000
0.280000 0.000800
0.300000 0.004000
0.320000 0.011200
0.340000 0.046000
0.360000 0.112600
0.380000 0.223800
0.400000 0.431400
0.420000 0.684400
0.440000 0.958000
0.460000 1.214000
0.480000 1.319600
0.500000 1.370600
0.520000 1.238600
0.540000 1.006400
0.560000 0.765400
0.580000 0.520600
0.600000 0.332600
0.620000 0.198400
0.640000 0.110400
0.660000 0.051800
0.680000 0.022200
0.700000 0.011400
0.720000 0.004800
0.740000 0.001400
0.760000 0.000800
0.780000 0.000000
0.800000 0.000400
0.820000 0.000400
0.840000 0.000000
0.860000 0.000000
0.880000 0.000000
0.900000 0.000000
0.920000 0.000000
0.940000 0.000000
0.960000 0.000000
0.980000 0.000000
1.000000 0.000000
