0.020000 0.000000
0.040000 0.000000
0.060000 0.000000
0.080000 0.000000
0.100000 0.000000
0.120000 0.000000
0.140000 0.000000
0.160000 0.000000
0.180000 0.000000
0.200000 0.000000
0.220000 0.000000
0.240000 0.000000
0.260000 0.000000
0.280000 0.000000
0.300000 0.000000
0.320000 0.000200
0.340000 0.000400
0.360000 0.002400
0.380000 0.009000
0.400000 0.027200
0.420000 0.077400
0.440000 0.142200
0.460000 0.253000
0.480000 0.368800
0.500000 0.456600
0.520000 0.449600
0.540000 0.422200
0.560000 0.310800
0.580000 0.203600
0.600000 0.123600
0.620000 0.065200
0.640000 0.033200
0.660000 0.018400
0.680000 0.007600
0.700000 0.001600
0.720000 0.001000
0.740000 0.000400
0.760000 0.000000
0.780000 0.000200
0.800000 0.000000
0.820000 0.000000
0.840000 0.000000
0.860000 0.000000
0.880000 0.000000
0.900000 0.000000
0.920000 0.000000
0.940000 0.000000
0.960000 0.000000
0.980000 0.000000
1.000000 0.000000
