0.020000 0.000000
0.040000 0.000000
0.060000 0.000000
0.080000 0.000000
0.100000 0.000000
0.120000 0.000000
0.140000 0.000000
0.160000 0.000000
0.180000 0.000000
0.200000 0.000000
0.220000 0.000000
0.240000 0.000000
0.260000 0.000000
0.280000 0.000000
0.300000 0.000000
0.320000 0.000000
0.340000 0.000600
0.360000 0.000800
0.380000 0.006200
0.400000 0.021400
0.420000 0.054800
0.440000 0.121400
0.460000 0.219200
0.480000 0.317800
0.500000 0.408200
0.520000 0.408800
0.540000 0.368200
0.560000 0.284800
0.580000 0.185600
0.600000 0.109200
0.620000 0.056600
0.640000 0.025400
0.660000 0.009800
0.680000 0.005000
0.700000 0.001600
0.720000 0.001000
0.740000 0.000200
0.760000 0.000200
0.780000 0.000000
0.800000 0.000000
0.820000 0.000000
0.840000 0.000000
0.860000 0.000000
0.880000 0.000000
0.900000 0.000000
0.920000 0.000000
0.940000 0.000000
0.960000 0.000000
0.980000 0.000000
1.000000 0.000000
