0.020000 0.000000
0.040000 0.000000
0.060000 0.000000
0.080000 0.000000
0.100000 0.000000
0.120000 0.000400
0.140000 0.001600
0.160000 0.001400
0.180000 0.002400
0.200000 0.005200
0.220000 0.010800
0.240000 0.016200
0.260000 0.023400
0.280000 0.034400
0.300000 0.048000
0.320000 0.062600
0.340000 0.076600
0.360000 0.087200
0.380000 0.101800
0.400000 0.108800
0.420000 0.126200
0.440000 0.141400
0.460000 0.140600
0.480000 0.138800
0.500000 0.136800
0.520000 0.129400
0.540000 0.114200
0.560000 0.104200
0.580000 0.093800
0.600000 0.084200
0.620000 0.071800
0.640000 0.062200
0.660000 0.049200
0.680000 0.037800
0.700000 0.030000
0.720000 0.023600
0.740000 0.017200
0.760000 0.012200
0.780000 0.007800
0.800000 0.004200
0.820000 0.002800
0.840000 0.001400
0.860000 0.001000
0.880000 0.000600
0.900000 0.000200
0.920000 0.000000
0.940000 0.000000
0.960000 0.000000
0.980000 0.000000
1.000000 0.000000
