0.020000 0.000000
0.040000 0.000000
0.060000 0.000000
0.080000 0.000000
0.100000 0.000000
0.120000 0.000000
0.140000 0.000000
0.160000 0.001000
0.180000 0.005600
0.200000 0.013800
0.220000 0.038200
0.240000 0.107000
0.260000 0.251800
0.280000 0.529000
0.300000 0.970200
0.320000 1.585800
0.340000 2.433800
0.360000 3.393600
0.380000 4.411800
0.400000 5.274200
0.420000 6.007200
0.440000 6.367200
0.460000 6.290600
0.480000 5.939400
0.500000 5.333400
0.520000 4.543200
0.540000 3.581000
0.560000 2.751200
0.580000 1.974200
0.600000 1.356200
0.620000 0.898000
0.640000 0.549000
0.660000 0.321600
0.680000 0.170600
0.700000 0.094600
0.720000 0.049200
0.740000 0.023000
0.760000 0.009200
0.780000 0.004600
0.800000 0.002600
0.820000 0.001600
0.840000 0.000200
0.860000 0.000200
0.880000 0.000200
0.900000 0.000200
0.920000 0.000000
0.940000 0.000000
0.960000 0.000000
0.980000 0.000000
1.000000 0.000000
