0.020000 0.000000
0.040000 0.000000
0.060000 0.000000
0.080000 0.000000
0.100000 0.000000
0.120000 0.000000
0.140000 0.000000
0.160000 0.000000
0.180000 0.000000
0.200000 0.000000
0.220000 0.000000
0.240000 0.000000
0.260000 0.000000
0.280000 0.000000
0.300000 0.000000
0.320000 0.000000
0.340000 0.000400
0.360000 0.001600
0.380000 0.006000
0.400000 0.029000
0.420000 0.070800
0.440000 0.134800
0.460000 0.249400
0.480000 0.363400
0.500000 0.429400
0.520000 0.447400
0.540000 0.398800
0.560000 0.296000
0.580000 0.201800
0.600000 0.118600
0.620000 0.065600
0.640000 0.030800
0.660000 0.014200
0.680000 0.004400
0.700000 0.003200
0.720000 0.000400
0.740000 0.000000
0.760000 0.000200
0.780000 0.000000
0.800000 0.000000
0.820000 0.000000
0.840000 0.000000
0.860000 0.000000
0.880000 0.000000
0.900000 0.000000
0.920000 0.000000
0.940000 0.000000
0.960000 0.000000
0.980000 0.000000
1.000000 0.000000
