0.020000 0.000000
0.040000 0.000000
0.060000 0.000000
0.080000 0.000000
0.100000 0.000000
0.120000 0.000000
0.140000 0.000000
0.160000 0.000000
0.180000 0.000000
0.200000 0.000000
0.220000 0.000200
0.240000 0.002000
0.260000 0.004600
0.280000 0.018000
0.300000 0.043600
0.320000 0.117000
0.340000 0.258200
0.360000 0.466800
0.380000 0.824600
0.400000 1.251400
0.420000 1.689800
0.440000 2.039600
0.460000 2.307400
0.480000 2.401200
0.500000 2.264400
0.520000 1.984400
0.540000 1.619400
0.560000 1.243800
0.580000 0.859400
0.600000 0.562200
0.620000 0.329800
0.640000 0.194600
0.660000 0.109000
0.680000 0.051800
0.700000 0.023400
0.720000 0.008200
0.740000 0.004400
0.760000 0.002200
0.780000 0.000600
0.800000 0.000200
0.820000 0.000200
0.840000 0.000200
0.860000 0.000000
0.880000 0.000000
0.900000 0.000000
0.920000 0.000000
0.940000 0.000000
0.960000 0.000000
0.980000 0.000000
1.000000 0.000000
