0.020000 0.680600
0.040000 4.592800
0.060000 13.260800
0.080000 27.047400
0.100000 45.070600
0.120000 66.124200
0.140000 88.851400
0.160000 111.830200
0.180000 133.901600
0.200000 153.742800
0.220000 170.503000
0.240000 183.637200
0.260000 192.995400
0.280000 198.009400
0.300000 199.225000
0.320000 196.545600
0.340000 190.621800
0.360000 181.827600
0.380000 170.765000
0.400000 158.094400
0.420000 144.184600
0.440000 129.689600
0.460000 115.011000
0.480000 100.502000
0.500000 86.682600
0.520000 73.646800
0.540000 61.589400
0.560000 50.733400
0.580000 41.162000
0.600000 32.841400
0.620000 25.745400
0.640000 19.798800
0.660000 14.960000
0.680000 10.995000
0.700000 7.868400
0.720000 5.498600
0.740000 3.730600
0.760000 2.444600
0.780000 1.531200
0.800000 0.899600
0.820000 0.505200
0.840000 0.261400
0.860000 0.127000
0.880000 0.061200
0.900000 0.027400
0.920000 0.010200
0.940000 0.003200
0.960000 0.000800
0.980000 0.000200
1.000000 0.000000
