0.020000 0.000000
0.040000 0.000000
0.060000 0.000000
0.080000 0.000000
0.100000 0.000000
0.120000 0.000000
0.140000 0.000000
0.160000 0.000000
0.180000 0.000000
0.200000 0.000000
0.220000 0.001200
0.240000 0.005400
0.260000 0.018200
0.280000 0.053000
0.300000 0.130600
0.320000 0.276800
0.340000 0.531400
0.360000 0.915200
0.380000 1.419800
0.400000 1.947600
0.420000 2.534000
0.440000 2.942200
0.460000 3.146400
0.480000 3.150400
0.500000 2.936800
0.520000 2.557200
0.540000 2.040800
0.560000 1.512600
0.580000 1.080800
0.600000 0.711000
0.620000 0.457400
0.640000 0.271000
0.660000 0.148200
0.680000 0.078400
0.700000 0.040600
0.720000 0.015600
0.740000 0.008200
0.760000 0.004200
0.780000 0.001200
0.800000 0.000800
0.820000 0.000800
0.840000 0.000000
0.860000 0.000000
0.880000 0.000000
0.900000 0.000000
0.920000 0.000000
0.940000 0.000000
0.960000 0.000000
0.980000 0.000000
1.000000 0.000000
