0.020000 0.000000
0.040000 0.000000
0.060000 0.000000
0.080000 0.000000
0.100000 0.000000
0.120000 0.000000
0.140000 0.000000
0.160000 0.000000
0.180000 0.000000
0.200000 0.000000
0.220000 0.000000
0.240000 0.000000
0.260000 0.000000
0.280000 0.000400
0.300000 0.002600
0.320000 0.012800
0.340000 0.033200
0.360000 0.080800
0.380000 0.184400
0.400000 0.338400
0.420000 0.576000
0.440000 0.831000
0.460000 1.051400
0.480000 1.215200
0.500000 1.222000
0.520000 1.130200
0.540000 0.930000
0.560000 0.721400
0.580000 0.481800
0.600000 0.307600
0.620000 0.178600
0.640000 0.096000
0.660000 0.048000
0.680000 0.022600
0.700000 0.008000
0.720000 0.003600
0.740000 0.001200
0.760000 0.000400
0.780000 0.000200
0.800000 0.000000
0.820000 0.000000
0.840000 0.000000
0.860000 0.000000
0.880000 0.000000
0.900000 0.000000
0.920000 0.000000
0.940000 0.000000
0.960000 0.000000
0.980000 0.000000
1.000000 0.000000
