0.020000 0.000000
0.040000 0.000000
0.060000 0.000000
0.080000 0.000000
0.100000 0.000000
0.120000 0.000000
0.140000 0.000000
0.160000 0.000000
0.180000 0.000000
0.200000 0.000000
0.220000 0.000000
0.240000 0.000000
0.260000 0.000000
0.280000 0.000000
0.300000 0.000000
0.320000 0.000200
0.340000 0.000400
0.360000 0.000200
0.380000 0.000600
0.400000 0.001400
0.420000 0.003000
0.440000 0.004800
0.460000 0.006000
0.480000 0.010200
0.500000 0.017000
0.520000 0.019800
0.540000 0.023400
0.560000 0.027200
0.580000 0.028000
0.600000 0.034200
0.620000 0.028200
0.640000 0.030400
0.660000 0.021400
0.680000 0.019200
0.700000 0.016600
0.720000 0.011000
0.740000 0.006400
0.760000 0.005400
0.780000 0.004200
0.800000 0.002400
0.820000 0.001400
0.840000 0.000400
0.860000 0.000200
0.880000 0.000000
0.900000 0.000000
0.920000 0.000000
0.940000 0.000000
0.960000 0.000000
0.980000 0.000000
1.000000 0.000000
