0.020000 0.000000
0.040000 0.000200
0.060000 0.000800
0.080000 0.006400
0.100000 0.032600
0.120000 0.120000
0.140000 0.353400
0.160000 0.837600
0.180000 1.692600
0.200000 3.049400
0.220000 4.987000
0.240000 7.510800
0.260000 10.567600
0.280000 13.935000
0.300000 17.415200
0.320000 20.722000
0.340000 23.585800
0.360000 25.635000
0.380000 26.818400
0.400000 27.105200
0.420000 26.435000
0.440000 25.014400
0.460000 22.849000
0.480000 20.220800
0.500000 17.445400
0.520000 14.590000
0.540000 11.889800
0.560000 9.386600
0.580000 7.133200
0.600000 5.239600
0.620000 3.750800
0.640000 2.597600
0.660000 1.727800
0.680000 1.091600
0.700000 0.674600
0.720000 0.400800
0.740000 0.222400
0.760000 0.127800
0.780000 0.062600
0.800000 0.032200
0.820000 0.013600
0.840000 0.007000
0.860000 0.002400
0.880000 0.000600
0.900000 0.000000
0.920000 0.000000
0.940000 0.000000
0.960000 0.000000
0.980000 0.000000
1.000000 0.000000
