0.020000 0.000000
0.040000 0.000000
0.060000 0.000000
0.080000 0.000000
0.100000 0.000000
0.120000 0.000000
0.140000 0.000000
0.160000 0.000000
0.180000 0.000000
0.200000 0.000200
0.220000 0.003400
0.240000 0.009000
0.260000 0.035000
0.280000 0.087400
0.300000 0.197200
0.320000 0.419000
0.340000 0.771800
0.360000 1.254800
0.380000 1.817200
0.400000 2.468600
0.420000 3.020200
0.440000 3.462400
0.460000 3.693000
0.480000 3.653000
0.500000 3.325600
0.520000 2.838200
0.540000 2.270200
0.560000 1.744600
0.580000 1.229400
0.600000 0.833400
0.620000 0.511600
0.640000 0.305800
0.660000 0.172600
0.680000 0.094000
0.700000 0.044000
0.720000 0.021600
0.740000 0.009400
0.760000 0.004000
0.780000 0.002000
0.800000 0.000200
0.820000 0.000000
0.840000 0.000000
0.860000 0.000000
0.880000 0.000000
0.900000 0.000000
0.920000 0.000000
0.940000 0.000000
0.960000 0.000000
0.980000 0.000000
1.000000 0.000000
