0.020000 0.000000
0.040000 0.000000
0.060000 0.000000
0.080000 0.000000
0.100000 0.000000
0.120000 0.000000
0.140000 0.000000
0.160000 0.000000
0.180000 0.000000
0.200000 0.000000
0.220000 0.000000
0.240000 0.000000
0.260000 0.000000
0.280000 0.000200
0.300000 0.001000
0.320000 0.003000
0.340000 0.014200
0.360000 0.038400
0.380000 0.089800
0.400000 0.194600
0.420000 0.357400
0.440000 0.576400
0.460000 0.750200
0.480000 0.897200
0.500000 0.943000
0.520000 0.905600
0.540000 0.749800
0.560000 0.570800
0.580000 0.374800
0.600000 0.243000
0.620000 0.138400
0.640000 0.078200
0.660000 0.037600
0.680000 0.014200
0.700000 0.005600
0.720000 0.002600
0.740000 0.001000
0.760000 0.000200
0.780000 0.000000
0.800000 0.000000
0.820000 0.000000
0.840000 0.000000
0.860000 0.000000
0.880000 0.000000
0.900000 0.000000
0.920000 0.000000
0.940000 0.000000
0.960000 0.000000
0.980000 0.000000
1.000000 0.000000
