0.020000 0.000000
0.040000 0.000000
0.060000 0.000000
0.080000 0.001200
0.100000 0.002600
0.120000 0.005200
0.140000 0.012400
0.160000 0.024000
0.180000 0.037200
0.200000 0.050200
0.220000 0.072600
0.240000 0.100400
0.260000 0.125200
0.280000 0.150200
0.300000 0.175000
0.320000 0.202400
0.340000 0.231000
0.360000 0.252600
0.380000 0.265400
0.400000 0.284600
0.420000 0.287600
0.440000 0.287200
0.460000 0.282200
0.480000 0.270800
0.500000 0.246400
0.520000 0.228200
0.540000 0.212800
0.560000 0.190800
0.580000 0.171600
0.600000 0.146200
0.620000 0.126400
0.640000 0.103200
0.660000 0.083400
0.680000 0.068000
0.700000 0.055600
0.720000 0.042800
0.740000 0.030200
0.760000 0.021000
0.780000 0.015800
0.800000 0.011800
0.820000 0.010200
0.840000 0.005000
0.860000 0.002000
0.880000 0.001400
0.900000 0.000600
0.920000 0.000200
0.940000 0.000200
0.960000 0.000200
0.980000 0.000000
1.000000 0.000000
