0.020000 0.000000
0.040000 0.000000
0.060000 0.000000
0.080000 0.000000
0.100000 0.000000
0.120000 0.000000
0.140000 0.000000
0.160000 0.000000
0.180000 0.000000
0.200000 0.000000
0.220000 0.000000
0.240000 0.000000
0.260000 0.000200
0.280000 0.000400
0.300000 0.002000
0.320000 0.005200
0.340000 0.017200
0.360000 0.058400
0.380000 0.118400
0.400000 0.254800
0.420000 0.449200
0.440000 0.672800
0.460000 0.912000
0.480000 1.058800
0.500000 1.065200
0.520000 0.982600
0.540000 0.843800
0.560000 0.622400
0.580000 0.441600
0.600000 0.265800
0.620000 0.158400
0.640000 0.090200
0.660000 0.036000
0.680000 0.021000
0.700000 0.009000
0.720000 0.002800
0.740000 0.001200
0.760000 0.000600
0.780000 0.000400
0.800000 0.000000
0.820000 0.000000
0.840000 0.000000
0.860000 0.000000
0.880000 0.000000
0.900000 0.000000
0.920000 0.000000
0.940000 0.000000
0.960000 0.000000
0.980000 0.000000
1.000000 0.000000
