0.020000 0.000000
0.040000 0.000000
0.060000 0.000000
0.080000 0.000000
0.100000 0.000000
0.120000 0.000000
0.140000 0.000000
0.160000 0.000000
0.180000 0.000000
0.200000 0.000000
0.220000 0.001000
0.240000 0.001600
0.260000 0.006600
0.280000 0.020600
0.300000 0.062400
0.320000 0.148600
0.340000 0.293600
0.360000 0.562400
0.380000 0.963000
0.400000 1.383200
0.420000 1.853000
0.440000 2.239600
0.460000 2.531800
0.480000 2.553400
0.500000 2.405800
0.520000 2.093600
0.540000 1.714000
0.560000 1.288600
0.580000 0.894000
0.600000 0.573800
0.620000 0.360800
0.640000 0.210000
0.660000 0.117600
0.680000 0.056000
0.700000 0.027000
0.720000 0.012000
0.740000 0.006800
0.760000 0.002400
0.780000 0.000800
0.800000 0.000000
0.820000 0.000000
0.840000 0.000000
0.860000 0.000000
0.880000 0.000000
0.900000 0.000000
0.920000 0.000000
0.940000 0.000000
0.960000 0.000000
0.980000 0.000000
1.000000 0.000000
