0.020000 0.000000
0.040000 0.000000
0.060000 0.000000
0.080000 0.000000
0.100000 0.000000
0.120000 0.000200
0.140000 0.002800
0.160000 0.012000
0.180000 0.040400
0.200000 0.105800
0.220000 0.252800
0.240000 0.540800
0.260000 1.036200
0.280000 1.782800
0.300000 2.865800
0.320000 4.162000
0.340000 5.620000
0.360000 7.164600
0.380000 8.453800
0.400000 9.463200
0.420000 10.027800
0.440000 10.091200
0.460000 9.738200
0.480000 8.922800
0.500000 7.840800
0.520000 6.503600
0.540000 5.281400
0.560000 4.080800
0.580000 2.993800
0.600000 2.091200
0.620000 1.402400
0.640000 0.919800
0.660000 0.569600
0.680000 0.335000
0.700000 0.189200
0.720000 0.099000
0.740000 0.052200
0.760000 0.026200
0.780000 0.012400
0.800000 0.004800
0.820000 0.002400
0.840000 0.000400
0.860000 0.000600
0.880000 0.000200
0.900000 0.000000
0.920000 0.000000
0.940000 0.000000
0.960000 0.000000
0.980000 0.000000
1.000000 0.000000
