0.020000 0.000000
0.040000 0.000000
0.060000 0.000000
0.080000 0.000000
0.100000 0.000000
0.120000 0.000000
0.140000 0.000000
0.160000 0.000000
0.180000 0.000000
0.200000 0.000000
0.220000 0.000000
0.240000 0.000000
0.260000 0.000000
0.280000 0.000400
0.300000 0.001400
0.320000 0.007800
0.340000 0.026200
0.360000 0.071600
0.380000 0.167600
0.400000 0.326400
0.420000 0.536000
0.440000 0.785400
0.460000 1.013000
0.480000 1.143200
0.500000 1.189000
0.520000 1.097200
0.540000 0.909000
0.560000 0.678400
0.580000 0.452400
0.600000 0.294600
0.620000 0.168800
0.640000 0.091000
0.660000 0.047200
0.680000 0.018600
0.700000 0.010200
0.720000 0.003400
0.740000 0.001600
0.760000 0.000400
0.780000 0.000000
0.800000 0.000000
0.820000 0.000000
0.840000 0.000200
0.860000 0.000000
0.880000 0.000000
0.900000 0.000000
0.920000 0.000000
0.940000 0.000000
0.960000 0.000000
0.980000 0.000000
1.000000 0.000000
