0.020000 0.000000
0.040000 0.001400
0.060000 0.016200
0.080000 0.093800
0.100000 0.325000
0.120000 0.917800
0.140000 2.009600
0.160000 3.763200
0.180000 6.429200
0.200000 10.005000
0.220000 14.321000
0.240000 19.354600
0.260000 24.734000
0.280000 30.074000
0.300000 34.854000
0.320000 38.766800
0.340000 41.669200
0.360000 43.434400
0.380000 43.818800
0.400000 42.795000
0.420000 40.702000
0.440000 37.791200
0.460000 34.158200
0.480000 30.015800
0.500000 25.824400
0.520000 21.613600
0.540000 17.593000
0.560000 13.969800
0.580000 10.784200
0.600000 8.116000
0.620000 5.921600
0.640000 4.240400
0.660000 2.930600
0.680000 1.945200
0.700000 1.266800
0.720000 0.772800
0.740000 0.449800
0.760000 0.256600
0.780000 0.138600
0.800000 0.071400
0.820000 0.033400
0.840000 0.016400
0.860000 0.006800
0.880000 0.002400
0.900000 0.000800
0.920000 0.000200
0.940000 0.000200
0.960000 0.000200
0.980000 0.000000
1.000000 0.000000
