0.020000 11.415400
0.040000 40.734400
0.060000 80.916800
0.080000 126.707800
0.100000 173.645000
0.120000 218.585200
0.140000 259.878000
0.160000 295.061600
0.180000 323.618800
0.200000 344.920600
0.220000 359.417200
0.240000 367.012600
0.260000 367.833600
0.280000 362.818200
0.300000 352.671400
0.320000 338.175000
0.340000 320.176800
0.360000 299.634000
0.380000 277.055000
0.400000 253.354600
0.420000 229.259400
0.440000 205.092800
0.460000 181.452400
0.480000 159.067400
0.500000 137.823200
0.520000 118.008200
0.540000 99.849800
0.560000 83.362400
0.580000 68.824600
0.600000 55.863600
0.620000 44.863200
0.640000 35.371600
0.660000 27.467200
0.680000 20.903200
0.700000 15.504800
0.720000 11.269800
0.740000 7.973000
0.760000 5.484000
0.780000 3.608000
0.800000 2.319000
0.820000 1.394800
0.840000 0.800600
0.860000 0.451000
0.880000 0.224400
0.900000 0.099400
0.920000 0.039600
0.940000 0.011800
0.960000 0.003000
0.980000 0.000200
1.000000 0.000000
