0.020000 0.000000
0.040000 0.000400
0.060000 0.001800
0.080000 0.005400
0.100000 0.011600
0.120000 0.019400
0.140000 0.029400
0.160000 0.052400
0.180000 0.079800
0.200000 0.109600
0.220000 0.144400
0.240000 0.179800
0.260000 0.225200
0.280000 0.260000
0.300000 0.291400
0.320000 0.323600
0.340000 0.342000
0.360000 0.359800
0.380000 0.371200
0.400000 0.385400
0.420000 0.381600
0.440000 0.370400
0.460000 0.363600
0.480000 0.336600
0.500000 0.324600
0.520000 0.306600
0.540000 0.281200
0.560000 0.248400
0.580000 0.227400
0.600000 0.195800
0.620000 0.165400
0.640000 0.138800
0.660000 0.107800
0.680000 0.085800
0.700000 0.070200
0.720000 0.054600
0.740000 0.043800
0.760000 0.032800
0.780000 0.022800
0.800000 0.015600
0.820000 0.010400
0.840000 0.007400
0.860000 0.004200
0.880000 0.003000
0.900000 0.001200
0.920000 0.000000
0.940000 0.000000
0.960000 0.000000
0.980000 0.000000
1.000000 0.000000
