0.020000 0.000000
0.040000 0.000000
0.060000 0.000000
0.080000 0.000000
0.100000 0.000200
0.120000 0.001800
0.140000 0.004400
0.160000 0.006600
0.180000 0.015200
0.200000 0.026800
0.220000 0.041200
0.240000 0.059800
0.260000 0.074600
0.280000 0.089400
0.300000 0.114200
0.320000 0.130600
0.340000 0.151800
0.360000 0.170200
0.380000 0.184600
0.400000 0.196800
0.420000 0.208600
0.440000 0.207000
0.460000 0.206000
0.480000 0.201600
0.500000 0.192600
0.520000 0.186400
0.540000 0.171600
0.560000 0.152000
0.580000 0.139800
0.600000 0.123600
0.620000 0.108400
0.640000 0.090600
0.660000 0.077000
0.680000 0.061600
0.700000 0.049800
0.720000 0.036400
0.740000 0.028800
0.760000 0.017800
0.780000 0.013800
0.800000 0.010400
0.820000 0.005600
0.840000 0.003800
0.860000 0.002600
0.880000 0.001800
0.900000 0.000800
0.920000 0.000200
0.940000 0.000000
0.960000 0.000000
0.980000 0.000000
1.000000 0.000000
