0.020000 0.000000
0.040000 0.000000
0.060000 0.000000
0.080000 0.000000
0.100000 0.000000
0.120000 0.000000
0.140000 0.000000
0.160000 0.000000
0.180000 0.000000
0.200000 0.000000
0.220000 0.000000
0.240000 0.000000
0.260000 0.000000
0.280000 0.000000
0.300000 0.000000
0.320000 0.000000
0.340000 0.000000
0.360000 0.000000
0.380000 0.000000
0.400000 0.000000
0.420000 0.000000
0.440000 0.000000
0.460000 0.000000
0.480000 0.000600
0.500000 0.000200
0.520000 0.001800
0.540000 0.002000
0.560000 0.007800
0.580000 0.013000
0.600000 0.021000
0.620000 0.027400
0.640000 0.036600
0.660000 0.046200
0.680000 0.052800
0.700000 0.052200
0.720000 0.050600
0.740000 0.043200
0.760000 0.033000
0.780000 0.018400
0.800000 0.012000
0.820000 0.005600
0.840000 0.001800
0.860000 0.001000
0.880000 0.000200
0.900000 0.000000
0.920000 0.000000
0.940000 0.000000
0.960000 0.000000
0.980000 0.000000
1.000000 0.000000
