0.020000 0.000000
0.040000 0.000000
0.060000 0.000000
0.080000 0.001000
0.100000 0.011200
0.120000 0.050200
0.140000 0.154600
0.160000 0.385600
0.180000 0.866600
0.200000 1.723600
0.220000 2.977600
0.240000 4.802200
0.260000 7.099200
0.280000 9.780000
0.300000 12.708200
0.320000 15.541400
0.340000 18.181400
0.360000 20.245400
0.380000 21.772200
0.400000 22.304800
0.420000 22.093200
0.440000 20.954800
0.460000 19.306400
0.480000 17.170800
0.500000 14.791000
0.520000 12.310400
0.540000 9.865600
0.560000 7.796000
0.580000 5.892400
0.600000 4.294400
0.620000 3.060600
0.640000 2.078800
0.660000 1.361800
0.680000 0.879200
0.700000 0.527600
0.720000 0.304800
0.740000 0.181200
0.760000 0.091200
0.780000 0.045400
0.800000 0.022600
0.820000 0.010200
0.840000 0.004200
0.860000 0.001800
0.880000 0.000400
0.900000 0.000000
0.920000 0.000200
0.940000 0.000000
0.960000 0.000000
0.980000 0.000000
1.000000 0.000000
