0.020000 0.000000
0.040000 0.000000
0.060000 0.000000
0.080000 0.000000
0.100000 0.000000
0.120000 0.000000
0.140000 0.000200
0.160000 0.001800
0.180000 0.005600
0.200000 0.020800
0.220000 0.062400
0.240000 0.172800
0.260000 0.364000
0.280000 0.724200
0.300000 1.283000
0.320000 2.049000
0.340000 2.993200
0.360000 4.071800
0.380000 5.166400
0.400000 6.115600
0.420000 6.841600
0.440000 7.117800
0.460000 7.042400
0.480000 6.596600
0.500000 5.849200
0.520000 4.876800
0.540000 3.889400
0.560000 2.971200
0.580000 2.167000
0.600000 1.488000
0.620000 1.007400
0.640000 0.643000
0.660000 0.379000
0.680000 0.211000
0.700000 0.117800
0.720000 0.063000
0.740000 0.030400
0.760000 0.012800
0.780000 0.007400
0.800000 0.002600
0.820000 0.001400
0.840000 0.000600
0.860000 0.000200
0.880000 0.000000
0.900000 0.000000
0.920000 0.000000
0.940000 0.000000
0.960000 0.000000
0.980000 0.000000
1.000000 0.000000
