0.020000 0.000000
0.040000 0.000000
0.060000 0.000000
0.080000 0.000000
0.100000 0.000000
0.120000 0.000000
0.140000 0.000000
0.160000 0.000400
0.180000 0.002600
0.200000 0.010800
0.220000 0.026800
0.240000 0.074400
0.260000 0.177200
0.280000 0.379200
0.300000 0.718000
0.320000 1.256400
0.340000 1.955600
0.360000 2.849200
0.380000 3.771400
0.400000 4.677200
0.420000 5.305200
0.440000 5.701000
0.460000 5.714600
0.480000 5.365200
0.500000 4.882600
0.520000 4.145200
0.540000 3.329000
0.560000 2.538600
0.580000 1.833800
0.600000 1.255800
0.620000 0.792000
0.640000 0.490600
0.660000 0.289200
0.680000 0.177200
0.700000 0.096000
0.720000 0.047800
0.740000 0.023600
0.760000 0.010400
0.780000 0.006400
0.800000 0.002600
0.820000 0.001200
0.840000 0.000600
0.860000 0.000000
0.880000 0.000000
0.900000 0.000000
0.920000 0.000000
0.940000 0.000000
0.960000 0.000000
0.980000 0.000000
1.000000 0.000000
