0.020000 0.000000
0.040000 0.000000
0.060000 0.000000
0.080000 0.000000
0.100000 0.000000
0.120000 0.000000
0.140000 0.000200
0.160000 0.000800
0.180000 0.001400
0.200000 0.002200
0.220000 0.005400
0.240000 0.010400
0.260000 0.016200
0.280000 0.023800
0.300000 0.030000
0.320000 0.039200
0.340000 0.052600
0.360000 0.064000
0.380000 0.082800
0.400000 0.091200
0.420000 0.100600
0.440000 0.100400
0.460000 0.107400
0.480000 0.117600
0.500000 0.115200
0.520000 0.109200
0.540000 0.104800
0.560000 0.099000
0.580000 0.086200
0.600000 0.076400
0.620000 0.060600
0.640000 0.053000
0.660000 0.042000
0.680000 0.035200
0.700000 0.031000
0.720000 0.025000
0.740000 0.015000
0.760000 0.011000
0.780000 0.007800
0.800000 0.004600
0.820000 0.002400
0.840000 0.001000
0.860000 0.000600
0.880000 0.000200
0.900000 0.000200
0.920000 0.000000
0.940000 0.000000
0.960000 0.000000
0.980000 0.000000
1.000000 0.000000
