0.020000 0.000000
0.040000 0.000000
0.060000 0.000000
0.080000 0.000000
0.100000 0.000000
0.120000 0.000000
0.140000 0.000000
0.160000 0.000000
0.180000 0.000000
0.200000 0.000000
0.220000 0.000000
0.240000 0.000000
0.260000 0.000000
0.280000 0.000000
0.300000 0.000000
0.320000 0.000000
0.340000 0.000000
0.360000 0.000000
0.380000 0.000000
0.400000 0.000000
0.420000 0.000000
0.440000 0.000000
0.460000 0.000000
0.480000 0.000000
0.500000 0.000000
0.520000 0.000200
0.540000 0.000200
0.560000 0.000400
0.580000 0.001000
0.600000 0.001800
0.620000 0.004600
0.640000 0.010800
0.660000 0.017800
0.680000 0.031200
0.700000 0.044400
0.720000 0.063400
0.740000 0.087600
0.760000 0.081400
0.780000 0.082600
0.800000 0.067400
0.820000 0.046400
0.840000 0.028000
0.860000 0.012200
0.880000 0.005600
0.900000 0.002000
0.920000 0.000400
0.940000 0.000000
0.960000 0.000000
0.980000 0.000000
1.000000 0.000000
