0.020000 1.196000
0.040000 2.235800
0.060000 3.104400
0.080000 3.827600
0.100000 4.461800
0.120000 4.944600
0.140000 5.333800
0.160000 5.601800
0.180000 5.770600
0.200000 5.868400
0.220000 5.912200
0.240000 5.910200
0.260000 5.868400
0.280000 5.762600
0.300000 5.623600
0.320000 5.433200
0.340000 5.223800
0.360000 4.945000
0.380000 4.716400
0.400000 4.436200
0.420000 4.151200
0.440000 3.899400
0.460000 3.596600
0.480000 3.338000
0.500000 3.087000
0.520000 2.810800
0.540000 2.549200
0.560000 2.292000
0.580000 2.043600
0.600000 1.813600
0.620000 1.595400
0.640000 1.394400
0.660000 1.214000
0.680000 1.045800
0.700000 0.888000
0.720000 0.737600
0.740000 0.613800
0.760000 0.502200
0.780000 0.411200
0.800000 0.325600
0.820000 0.245600
0.840000 0.191200
0.860000 0.137200
0.880000 0.092800
0.900000 0.057800
0.920000 0.037200
0.940000 0.018400
0.960000 0.008600
0.980000 0.003600
1.000000 0.000000
