0.020000 0.000000
0.040000 0.000000
0.060000 0.000000
0.080000 0.000000
0.100000 0.000000
0.120000 0.000000
0.140000 0.000000
0.160000 0.000000
0.180000 0.000400
0.200000 0.001200
0.220000 0.006600
0.240000 0.018600
0.260000 0.061000
0.280000 0.153600
0.300000 0.338800
0.320000 0.662200
0.340000 1.111800
0.360000 1.724200
0.380000 2.433200
0.400000 3.153800
0.420000 3.809800
0.440000 4.242600
0.460000 4.359200
0.480000 4.244000
0.500000 3.807400
0.520000 3.299400
0.540000 2.652400
0.560000 1.975000
0.580000 1.418800
0.600000 0.945800
0.620000 0.616600
0.640000 0.376800
0.660000 0.221600
0.680000 0.127000
0.700000 0.063200
0.720000 0.026000
0.740000 0.013800
0.760000 0.006400
0.780000 0.003400
0.800000 0.001600
0.820000 0.000800
0.840000 0.000200
0.860000 0.000000
0.880000 0.000000
0.900000 0.000000
0.920000 0.000000
0.940000 0.000000
0.960000 0.000000
0.980000 0.000000
1.000000 0.000000
