0.020000 0.000000
0.040000 0.000000
0.060000 0.000000
0.080000 0.000000
0.100000 0.000000
0.120000 0.000200
0.140000 0.001400
0.160000 0.004600
0.180000 0.017600
0.200000 0.064600
0.220000 0.162000
0.240000 0.364000
0.260000 0.735000
0.280000 1.298200
0.300000 2.141800
0.320000 3.254600
0.340000 4.526400
0.360000 5.903400
0.380000 7.184600
0.400000 8.191600
0.420000 8.808600
0.440000 8.955000
0.460000 8.697200
0.480000 8.051200
0.500000 7.091400
0.520000 5.984000
0.540000 4.710400
0.560000 3.613000
0.580000 2.652400
0.600000 1.874400
0.620000 1.217200
0.640000 0.784400
0.660000 0.484000
0.680000 0.289000
0.700000 0.161400
0.720000 0.088000
0.740000 0.042600
0.760000 0.022600
0.780000 0.009000
0.800000 0.003200
0.820000 0.001600
0.840000 0.000200
0.860000 0.000000
0.880000 0.000000
0.900000 0.000200
0.920000 0.000000
0.940000 0.000000
0.960000 0.000000
0.980000 0.000000
1.000000 0.000000
