0.020000 0.002400
0.040000 0.064800
0.060000 0.410800
0.080000 1.429600
0.100000 3.558400
0.120000 7.074400
0.140000 12.274200
0.160000 19.158600
0.180000 27.308200
0.200000 36.301000
0.220000 45.826200
0.240000 55.113600
0.260000 63.681000
0.280000 70.956000
0.300000 76.501400
0.320000 80.139600
0.340000 81.825800
0.360000 81.465600
0.380000 79.117400
0.400000 75.136400
0.420000 69.936400
0.440000 63.711200
0.460000 56.761000
0.480000 49.702200
0.500000 42.568400
0.520000 35.834600
0.540000 29.465200
0.560000 23.690600
0.580000 18.743800
0.600000 14.488000
0.620000 10.986000
0.640000 8.064600
0.660000 5.774400
0.680000 3.992400
0.700000 2.706800
0.720000 1.775000
0.740000 1.111600
0.760000 0.672400
0.780000 0.378400
0.800000 0.213400
0.820000 0.107200
0.840000 0.054000
0.860000 0.021600
0.880000 0.009200
0.900000 0.003200
0.920000 0.001000
0.940000 0.000600
0.960000 0.000000
0.980000 0.000000
1.000000 0.000000
