0.020000 0.000000
0.040000 0.000000
0.060000 0.000000
0.080000 0.000000
0.100000 0.000000
0.120000 0.000000
0.140000 0.000200
0.160000 0.000200
0.180000 0.000200
0.200000 0.000200
0.220000 0.000800
0.240000 0.001600
0.260000 0.002800
0.280000 0.004200
0.300000 0.009600
0.320000 0.014400
0.340000 0.023600
0.360000 0.028800
0.380000 0.033800
0.400000 0.043000
0.420000 0.047200
0.440000 0.056600
0.460000 0.059800
0.480000 0.058600
0.500000 0.067200
0.520000 0.066000
0.540000 0.065600
0.560000 0.058200
0.580000 0.059800
0.600000 0.047400
0.620000 0.038800
0.640000 0.030600
0.660000 0.027000
0.680000 0.025200
0.700000 0.018600
0.720000 0.013200
0.740000 0.010400
0.760000 0.006400
0.780000 0.004400
0.800000 0.002600
0.820000 0.001200
0.840000 0.000600
0.860000 0.000000
0.880000 0.000000
0.900000 0.000000
0.920000 0.000000
0.940000 0.000000
0.960000 0.000000
0.980000 0.000000
1.000000 0.000000
