0.020000 0.000000
0.040000 0.000000
0.060000 0.000000
0.080000 0.000000
0.100000 0.000000
0.120000 0.000000
0.140000 0.000000
0.160000 0.000000
0.180000 0.000800
0.200000 0.004800
0.220000 0.014200
0.240000 0.045800
0.260000 0.132000
0.280000 0.287000
0.300000 0.577400
0.320000 1.004600
0.340000 1.611200
0.360000 2.371600
0.380000 3.207000
0.400000 4.043200
0.420000 4.754400
0.440000 5.168800
0.460000 5.285800
0.480000 5.056400
0.500000 4.493800
0.520000 3.810800
0.540000 3.074800
0.560000 2.319600
0.580000 1.677800
0.600000 1.134800
0.620000 0.725200
0.640000 0.428000
0.660000 0.256600
0.680000 0.138600
0.700000 0.077000
0.720000 0.042000
0.740000 0.023400
0.760000 0.011400
0.780000 0.005800
0.800000 0.001800
0.820000 0.000400
0.840000 0.000200
0.860000 0.000000
0.880000 0.000000
0.900000 0.000000
0.920000 0.000000
0.940000 0.000000
0.960000 0.000000
0.980000 0.000000
1.000000 0.000000
