0.020000 0.000000
0.040000 0.000000
0.060000 0.000000
0.080000 0.000000
0.100000 0.000000
0.120000 0.000000
0.140000 0.000000
0.160000 0.000000
0.180000 0.000200
0.200000 0.002600
0.220000 0.010600
0.240000 0.036200
0.260000 0.091000
0.280000 0.214000
0.300000 0.449200
0.320000 0.806400
0.340000 1.339400
0.360000 2.035400
0.380000 2.815400
0.400000 3.556200
0.420000 4.151000
0.440000 4.642200
0.460000 4.769400
0.480000 4.629000
0.500000 4.168200
0.520000 3.543800
0.540000 2.812200
0.560000 2.152800
0.580000 1.569000
0.600000 1.059200
0.620000 0.675000
0.640000 0.414200
0.660000 0.234400
0.680000 0.137800
0.700000 0.065400
0.720000 0.037200
0.740000 0.017200
0.760000 0.009200
0.780000 0.004800
0.800000 0.001000
0.820000 0.000600
0.840000 0.000000
0.860000 0.000000
0.880000 0.000000
0.900000 0.000000
0.920000 0.000000
0.940000 0.000000
0.960000 0.000000
0.980000 0.000000
1.000000 0.000000
