0.020000 0.000000
0.040000 0.000000
0.060000 0.002400
0.080000 0.024800
0.100000 0.099000
0.120000 0.321800
0.140000 0.818400
0.160000 1.759000
0.180000 3.286600
0.200000 5.471000
0.220000 8.401600
0.240000 11.938600
0.260000 15.984200
0.280000 20.269600
0.300000 24.388400
0.320000 28.135200
0.340000 31.091600
0.360000 33.044000
0.380000 33.994400
0.400000 33.788000
0.420000 32.491800
0.440000 30.434000
0.460000 27.666200
0.480000 24.369200
0.500000 20.937200
0.520000 17.474800
0.540000 14.257200
0.560000 11.209600
0.580000 8.598600
0.600000 6.392400
0.620000 4.606200
0.640000 3.222800
0.660000 2.175800
0.680000 1.440400
0.700000 0.913600
0.720000 0.563200
0.740000 0.329600
0.760000 0.190600
0.780000 0.103800
0.800000 0.050000
0.820000 0.023800
0.840000 0.011800
0.860000 0.004800
0.880000 0.001200
0.900000 0.000600
0.920000 0.000000
0.940000 0.000000
0.960000 0.000000
0.980000 0.000000
1.000000 0.000000
