0.020000 0.000000
0.040000 0.000000
0.060000 0.000000
0.080000 0.000000
0.100000 0.000000
0.120000 0.000000
0.140000 0.000000
0.160000 0.000000
0.180000 0.000000
0.200000 0.000000
0.220000 0.000000
0.240000 0.000000
0.260000 0.001000
0.280000 0.002800
0.300000 0.010400
0.320000 0.035800
0.340000 0.084000
0.360000 0.202000
0.380000 0.392800
0.400000 0.652400
0.420000 0.968800
0.440000 1.326600
0.460000 1.576000
0.480000 1.669200
0.500000 1.631800
0.520000 1.469800
0.540000 1.175600
0.560000 0.894800
0.580000 0.623600
0.600000 0.379400
0.620000 0.239000
0.640000 0.134600
0.660000 0.065400
0.680000 0.030200
0.700000 0.013000
0.720000 0.005000
0.740000 0.002000
0.760000 0.001400
0.780000 0.000000
0.800000 0.000000
0.820000 0.000000
0.840000 0.000000
0.860000 0.000000
0.880000 0.000000
0.900000 0.000000
0.920000 0.000000
0.940000 0.000000
0.960000 0.000000
0.980000 0.000000
1.000000 0.000000
