T Cv
2.497500 1.501149
2.495003 1.501203
2.492507 1.501171
2.490015 1.501138
2.487525 1.501055
2.485037 1.500980
2.482552 1.500988
2.480070 1.501021
2.477590 1.501016
2.475112 1.500999
2.472637 1.500954
2.470164 1.500990
2.467694 1.500987
2.465227 1.501027
2.462761 1.500968
2.460299 1.500985
2.457838 1.501024
2.455380 1.501068
2.452925 1.501046
2.450472 1.501046
2.448022 1.501095
2.445574 1.501121
2.443128 1.501088
2.440685 1.501102
2.438244 1.501085
2.435806 1.501082
2.433370 1.501112
2.430937 1.501197
2.428506 1.501182
2.426077 1.501132
2.423651 1.501045
2.421228 1.501087
2.418806 1.501042
2.416388 1.501041
2.413971 1.501064
2.411557 1.501082
2.409146 1.501101
2.406737 1.501032
2.404330 1.501079
2.401926 1.501066
2.399524 1.501061
2.397124 1.501025
2.394727 1.500999
2.392332 1.501019
2.389940 1.501018
2.387550 1.501072
2.385162 1.501058
2.382777 1.501030
2.380394 1.501013
2.378014 1.500986
2.375636 1.501030
2.373260 1.501083
2.370887 1.501089
2.368516 1.501047
2.366148 1.501023
2.363782 1.501061
2.361418 1.501157
2.359056 1.501162
2.356697 1.501051
2.354341 1.501065
2.351986 1.500989
2.349634 1.501007
2.347285 1.501028
2.344937 1.500975
2.342592 1.500968
2.340250 1.500981
2.337910 1.500995
2.335572 1.501025
2.333236 1.501026
2.330903 1.500991
2.328572 1.500998
2.326243 1.500980
2.323917 1.500957
2.321593 1.500985
2.319272 1.500974
2.316952 1.500978
2.314635 1.500920
2.312321 1.500898
2.310009 1.500956
2.307698 1.500973
2.305391 1.500912
2.303085 1.500904
2.300782 1.500922
2.298482 1.500917
2.296183 1.500913
2.293887 1.500961
2.291593 1.500931
2.289301 1.500938
2.287012 1.501043
2.284725 1.501029
2.282440 1.500923
2.280158 1.500965
2.277878 1.501001
2.275600 1.501010
2.273324 1.501013
2.271051 1.501018
2.268780 1.501014
2.266511 1.500998
2.264245 1.501056
2.261980 1.501070
2.259718 1.501018
2.257459 1.501035
2.255201 1.501031
2.252946 1.500937
2.250693 1.500916
2.248442 1.500913
2.246194 1.500846
2.243948 1.500911
2.241704 1.500982
2.239462 1.500971
2.237223 1.500903
2.234985 1.500869
2.232750 1.500925
2.230518 1.500890
2.228287 1.500851
2.226059 1.500880
2.223833 1.500928
2.221609 1.500959
2.219387 1.500934
2.217168 1.500939
2.214951 1.500961
2.212736 1.500948
2.210523 1.500931
2.208313 1.500924
2.206104 1.500876
2.203898 1.500856
2.201694 1.500931
2.199493 1.500942
2.197293 1.500901
2.195096 1.500863
2.192901 1.500814
2.190708 1.500827
2.188517 1.500855
2.186329 1.500804
2.184142 1.500794
2.181958 1.500792
2.179776 1.500821
2.177596 1.500874
2.175419 1.500809
2.173243 1.500851
2.171070 1.500915
2.168899 1.500930
2.166730 1.500988
2.164563 1.501002
2.162399 1.500899
2.160236 1.500838
2.158076 1.500838
2.155918 1.500885
2.153762 1.500902
2.151608 1.500848
2.149457 1.500818
2.147307 1.500865
2.145160 1.500871
2.143015 1.500919
2.140872 1.500934
2.138731 1.500933
2.136592 1.500934
2.134456 1.500911
2.132321 1.500919
2.130189 1.500917
2.128059 1.500896
2.125931 1.500888
2.123805 1.500961
2.121681 1.501036
2.119559 1.501011
2.117440 1.500888
2.115322 1.500892
2.113207 1.500903
2.111094 1.500876
2.108983 1.500951
2.106874 1.500999
2.104767 1.500916
2.102662 1.500963
2.100559 1.500985
2.098459 1.500973
2.096360 1.500956
2.094264 1.500965
2.092170 1.500945
2.090078 1.500896
2.087987 1.500883
2.085899 1.500878
2.083814 1.500878
2.081730 1.500906
2.079648 1.500893
2.077568 1.500888
2.075491 1.500879
2.073415 1.500927
2.071342 1.500942
2.069271 1.500884
2.067201 1.500852
2.065134 1.500865
2.063069 1.500882
2.061006 1.500907
2.058945 1.500925
2.056886 1.500884
2.054829 1.500846
2.052774 1.500846
2.050721 1.500809
2.048671 1.500814
2.046622 1.500876
2.044575 1.500878
2.042531 1.500871
2.040488 1.500898
2.038448 1.500834
2.036409 1.500795
2.034373 1.500777
2.032339 1.500848
2.030306 1.500863
2.028276 1.500825
2.026248 1.500816
2.024221 1.500837
2.022197 1.500848
2.020175 1.500824
2.018155 1.500849
2.016137 1.500845
2.014121 1.500852
2.012106 1.500851
2.010094 1.500801
2.008084 1.500802
2.006076 1.500828
2.004070 1.500786
2.002066 1.500783
2.000064 1.500814
1.998064 1.500804
1.996066 1.500840
1.994070 1.500827
1.992076 1.500851
1.990084 1.500939
1.988094 1.500951
1.986105 1.500883
1.984119 1.500873
1.982135 1.500847
1.980153 1.500814
1.978173 1.500815
1.976195 1.500812
1.974219 1.500803
1.972244 1.500819
1.970272 1.500788
1.968302 1.500778
1.966334 1.500784
1.964367 1.500775
1.962403 1.500781
1.960440 1.500789
1.958480 1.500768
1.956521 1.500781
1.954565 1.500839
1.952610 1.500788
1.950658 1.500776
1.948707 1.500843
1.946758 1.500842
1.944812 1.500820
1.942867 1.500812
1.940924 1.500755
1.938983 1.500708
1.937044 1.500720
1.935107 1.500736
1.933172 1.500762
1.931239 1.500780
1.929308 1.500777
1.927378 1.500769
1.925451 1.500778
1.923525 1.500791
1.921602 1.500776
1.919680 1.500780
1.917761 1.500758
1.915843 1.500763
1.913927 1.500804
1.912013 1.500817
1.910101 1.500816
1.908191 1.500873
1.906283 1.500872
1.904376 1.500834
1.902472 1.500803
1.900570 1.500811
1.898669 1.500813
1.896770 1.500753
1.894874 1.500782
1.892979 1.500826
1.891086 1.500814
1.889195 1.500801
1.887305 1.500809
1.885418 1.500768
1.883533 1.500718
1.881649 1.500700
1.879768 1.500703
1.877888 1.500703
1.876010 1.500691
1.874134 1.500715
1.872260 1.500718
1.870388 1.500712
1.868517 1.500774
1.866649 1.500756
1.864782 1.500753
1.862917 1.500787
1.861054 1.500764
1.859193 1.500755
1.857334 1.500801
1.855477 1.500755
1.853621 1.500711
1.851768 1.500727
1.849916 1.500725
1.848066 1.500755
1.846218 1.500761
1.844372 1.500757
1.842527 1.500730
1.840685 1.500724
1.838844 1.500680
1.837005 1.500671
1.835168 1.500737
1.833333 1.500768
1.831500 1.500795
1.829668 1.500790
1.827839 1.500756
1.826011 1.500738
1.824185 1.500739
1.822360 1.500747
1.820538 1.500730
1.818718 1.500693
1.816899 1.500634
1.815082 1.500628
1.813267 1.500678
1.811454 1.500677
1.809642 1.500674
1.807833 1.500696
1.806025 1.500723
1.804219 1.500729
1.802414 1.500706
1.800612 1.500687
1.798811 1.500700
1.797013 1.500722
1.795216 1.500697
1.793420 1.500721
1.791627 1.500712
1.789835 1.500729
1.788045 1.500739
1.786257 1.500735
1.784471 1.500784
1.782687 1.500763
1.780904 1.500765
1.779123 1.500730
1.777344 1.500703
1.775567 1.500711
1.773791 1.500697
1.772017 1.500668
1.770245 1.500701
1.768475 1.500688
1.766707 1.500697
1.764940 1.500722
1.763175 1.500703
1.761412 1.500690
1.759650 1.500696
1.757891 1.500707
1.756133 1.500708
1.754377 1.500700
1.752622 1.500674
1.750870 1.500669
1.749119 1.500688
1.747370 1.500671
1.745622 1.500677
1.743877 1.500704
1.742133 1.500689
1.740391 1.500679
1.738650 1.500680
1.736912 1.500665
1.735175 1.500625
1.733440 1.500617
1.731706 1.500646
1.729974 1.500672
1.728244 1.500705
1.726516 1.500723
1.724790 1.500716
1.723065 1.500751
1.721342 1.500696
1.719620 1.500646
1.717901 1.500644
1.716183 1.500649
1.714467 1.500697
1.712752 1.500713
1.711040 1.500724
1.709329 1.500680
1.707619 1.500640
1.705912 1.500655
1.704206 1.500687
1.702501 1.500651
1.700799 1.500653
1.699098 1.500671
1.697399 1.500683
1.695702 1.500695
1.694006 1.500690
1.692312 1.500657
1.690620 1.500668
1.688929 1.500720
1.687240 1.500712
1.685553 1.500699
1.683867 1.500767
1.682183 1.500716
1.680501 1.500663
1.678821 1.500711
1.677142 1.500693
1.675465 1.500709
1.673789 1.500718
1.672116 1.500674
1.670443 1.500648
1.668773 1.500670
1.667104 1.500668
1.665437 1.500636
1.663772 1.500642
1.662108 1.500648
1.660446 1.500652
1.658785 1.500676
1.657127 1.500697
1.655469 1.500677
1.653814 1.500668
1.652160 1.500679
1.650508 1.500674
1.648857 1.500666
1.647209 1.500621
1.645561 1.500627
1.643916 1.500647
1.642272 1.500644
1.640630 1.500643
1.638989 1.500637
1.637350 1.500652
1.635713 1.500656
1.634077 1.500649
1.632443 1.500669
1.630810 1.500690
1.629180 1.500692
1.627550 1.500697
1.625923 1.500680
1.624297 1.500688
1.622673 1.500692
1.621050 1.500655
1.619429 1.500645
1.617810 1.500670
1.616192 1.500695
1.614576 1.500716
1.612961 1.500720
1.611348 1.500692
1.609737 1.500657
1.608127 1.500635
1.606519 1.500646
1.604912 1.500688
1.603307 1.500675
1.601704 1.500679
1.600102 1.500684
1.598502 1.500706
1.596904 1.500715
1.595307 1.500690
1.593712 1.500662
1.592118 1.500660
1.590526 1.500645
1.588935 1.500620
1.587346 1.500618
1.585759 1.500604
1.584173 1.500624
1.582589 1.500656
1.581006 1.500618
1.579425 1.500591
1.577846 1.500611
1.576268 1.500627
1.574692 1.500608
1.573117 1.500652
1.571544 1.500691
1.569972 1.500671
1.568402 1.500614
1.566834 1.500621
1.565267 1.500644
1.563702 1.500617
1.562138 1.500615
1.560576 1.500600
1.559016 1.500629
1.557457 1.500638
1.555899 1.500650
1.554343 1.500671
1.552789 1.500628
1.551236 1.500593
1.549685 1.500605
1.548135 1.500647
1.546587 1.500685
1.545040 1.500675
1.543495 1.500692
1.541952 1.500728
1.540410 1.500732
1.538870 1.500670
1.537331 1.500635
1.535793 1.500650
1.534258 1.500686
1.532723 1.500670
1.531191 1.500658
1.529659 1.500631
1.528130 1.500619
1.526602 1.500609
1.525075 1.500608
1.523550 1.500621
1.522026 1.500660
1.520504 1.500683
1.518984 1.500642
1.517465 1.500647
1.515947 1.500656
1.514431 1.500645
1.512917 1.500628
1.511404 1.500621
1.509893 1.500668
1.508383 1.500700
1.506874 1.500648
1.505368 1.500613
1.503862 1.500617
1.502358 1.500603
1.500856 1.500615
1.499355 1.500601
1.497856 1.500608
1.496358 1.500644
1.494862 1.500669
1.493367 1.500661
1.491873 1.500670
1.490381 1.500701
1.488891 1.500697
1.487402 1.500667
1.485915 1.500685
1.484429 1.500641
1.482944 1.500612
1.481461 1.500597
1.479980 1.500616
1.478500 1.500633
1.477021 1.500631
1.475544 1.500638
1.474069 1.500608
1.472595 1.500606
1.471122 1.500595
1.469651 1.500590
1.468181 1.500649
1.466713 1.500656
1.465247 1.500621
1.463781 1.500620
1.462318 1.500630
1.460855 1.500618
1.459394 1.500606
1.457935 1.500612
1.456477 1.500618
1.455021 1.500618
1.453566 1.500624
1.452112 1.500619
1.450660 1.500606
1.449209 1.500585
1.447760 1.500561
1.446312 1.500609
1.444866 1.500617
1.443421 1.500597
1.441978 1.500617
1.440536 1.500629
1.439095 1.500630
1.437656 1.500652
1.436218 1.500640
1.434782 1.500626
1.433347 1.500634
1.431914 1.500647
1.430482 1.500638
1.429052 1.500627
1.427623 1.500656
1.426195 1.500661
1.424769 1.500640
1.423344 1.500635
1.421921 1.500645
1.420499 1.500665
1.419078 1.500620
1.417659 1.500570
1.416242 1.500577
1.414825 1.500613
1.413410 1.500648
1.411997 1.500664
1.410585 1.500681
1.409174 1.500664
1.407765 1.500638
1.406358 1.500649
1.404951 1.500644
1.403546 1.500631
1.402143 1.500648
1.400741 1.500596
1.399340 1.500546
1.397940 1.500570
1.396542 1.500574
1.395146 1.500582
1.393751 1.500624
1.392357 1.500652
1.390965 1.500634
1.389574 1.500592
1.388184 1.500547
1.386796 1.500565
1.385409 1.500626
1.384024 1.500644
1.382640 1.500621
1.381257 1.500599
1.379876 1.500569
1.378496 1.500584
1.377117 1.500591
1.375740 1.500608
1.374365 1.500610
1.372990 1.500590
1.371617 1.500591
1.370246 1.500588
1.368875 1.500574
1.367507 1.500575
1.366139 1.500567
1.364773 1.500559
1.363408 1.500580
1.362045 1.500594
1.360683 1.500549
1.359322 1.500539
1.357963 1.500619
1.356605 1.500656
1.355248 1.500634
1.353893 1.500590
1.352539 1.500571
1.351186 1.500570
1.349835 1.500589
1.348485 1.500621
1.347137 1.500597
1.345790 1.500567
1.344444 1.500590
1.343100 1.500582
1.341756 1.500560
1.340415 1.500553
1.339074 1.500545
1.337735 1.500564
1.336397 1.500558
1.335061 1.500524
1.333726 1.500579
1.332392 1.500597
1.331060 1.500621
1.329729 1.500626
1.328399 1.500613
1.327071 1.500616
1.325744 1.500621
1.324418 1.500614
1.323093 1.500602
1.321770 1.500594
1.320449 1.500584
1.319128 1.500552
1.317809 1.500528
1.316491 1.500512
1.315175 1.500526
1.313860 1.500578
1.312546 1.500585
1.311233 1.500570
1.309922 1.500562
1.308612 1.500584
1.307303 1.500593
1.305996 1.500582
1.304690 1.500575
1.303385 1.500569
1.302082 1.500572
1.300780 1.500571
1.299479 1.500566
1.298180 1.500556
1.296881 1.500584
1.295585 1.500604
1.294289 1.500593
1.292995 1.500561
1.291702 1.500569
1.290410 1.500585
1.289120 1.500548
1.287830 1.500533
1.286543 1.500545
1.285256 1.500564
1.283971 1.500576
1.282687 1.500565
1.281404 1.500552
1.280123 1.500580
1.278843 1.500574
1.277564 1.500536
1.276286 1.500517
1.275010 1.500521
1.273735 1.500515
1.272461 1.500521
1.271189 1.500524
1.269918 1.500518
1.268648 1.500506
1.267379 1.500530
1.266112 1.500572
1.264846 1.500562
1.263581 1.500525
1.262317 1.500531
1.261055 1.500549
1.259794 1.500534
1.258534 1.500514
1.257275 1.500509
1.256018 1.500521
1.254762 1.500536
1.253507 1.500552
1.252254 1.500574
1.251002 1.500565
1.249751 1.500579
1.248501 1.500593
1.247252 1.500570
1.246005 1.500544
1.244759 1.500527
1.243514 1.500536
1.242271 1.500535
1.241029 1.500555
1.239788 1.500554
1.238548 1.500541
1.237309 1.500522
1.236072 1.500525
1.234836 1.500534
1.233601 1.500517
1.232367 1.500518
1.231135 1.500562
1.229904 1.500593
1.228674 1.500597
1.227445 1.500590
1.226218 1.500580
1.224992 1.500578
1.223767 1.500570
1.222543 1.500573
1.221320 1.500576
1.220099 1.500573
1.218879 1.500574
1.217660 1.500569
1.216442 1.500560
1.215226 1.500556
1.214011 1.500547
1.212797 1.500532
1.211584 1.500540
1.210372 1.500567
1.209162 1.500563
1.207953 1.500567
1.206745 1.500604
1.205538 1.500621
1.204333 1.500620
1.203128 1.500642
1.201925 1.500632
1.200723 1.500619
1.199522 1.500617
1.198323 1.500619
1.197125 1.500589
1.195927 1.500566
1.194732 1.500552
1.193537 1.500554
1.192343 1.500574
1.191151 1.500573
1.189960 1.500543
1.188770 1.500532
1.187581 1.500567
1.186393 1.500621
1.185207 1.500643
1.184022 1.500647
1.182838 1.500648
1.181655 1.500614
1.180473 1.500579
1.179293 1.500569
1.178114 1.500616
1.176935 1.500644
1.175759 1.500621
1.174583 1.500604
1.173408 1.500624
1.172235 1.500624
1.171063 1.500645
1.169891 1.500693
1.168722 1.500710
1.167553 1.500695
1.166385 1.500670
1.165219 1.500632
1.164054 1.500593
1.162890 1.500606
1.161727 1.500619
1.160565 1.500610
1.159404 1.500629
1.158245 1.500619
1.157087 1.500587
1.155930 1.500593
1.154774 1.500575
1.153619 1.500605
1.152465 1.500657
1.151313 1.500651
1.150162 1.500628
1.149011 1.500645
1.147862 1.500649
1.146715 1.500618
1.145568 1.500609
1.144422 1.500611
1.143278 1.500594
1.142135 1.500582
1.140992 1.500568
1.139851 1.500563
1.138712 1.500525
1.137573 1.500510
1.136435 1.500537
1.135299 1.500550
1.134164 1.500560
1.133029 1.500588
1.131896 1.500581
1.130765 1.500568
1.129634 1.500603
1.128504 1.500607
1.127376 1.500593
1.126248 1.500586
1.125122 1.500589
1.123997 1.500587
1.122873 1.500610
1.121750 1.500662
1.120628 1.500682
1.119508 1.500662
1.118388 1.500667
1.117270 1.500683
1.116152 1.500680
1.115036 1.500661
1.113921 1.500659
1.112807 1.500678
1.111695 1.500639
1.110583 1.500625
1.109472 1.500625
1.108363 1.500624
1.107254 1.500616
1.106147 1.500603
1.105041 1.500624
1.103936 1.500648
1.102832 1.500623
1.101729 1.500601
1.100627 1.500579
1.099527 1.500569
1.098427 1.500576
1.097329 1.500595
1.096232 1.500632
1.095135 1.500630
1.094040 1.500626
1.092946 1.500670
1.091853 1.500685
1.090761 1.500704
1.089671 1.500718
1.088581 1.500695
1.087492 1.500644
1.086405 1.500625
1.085318 1.500648
1.084233 1.500684
1.083149 1.500703
1.082066 1.500679
1.080984 1.500649
1.079903 1.500637
1.078823 1.500620
1.077744 1.500646
1.076666 1.500642
1.075590 1.500615
1.074514 1.500644
1.073439 1.500691
1.072366 1.500681
1.071294 1.500671
1.070222 1.500695
1.069152 1.500675
1.068083 1.500655
1.067015 1.500668
1.065948 1.500654
1.064882 1.500638
1.063817 1.500636
1.062753 1.500699
1.061690 1.500694
1.060629 1.500661
1.059568 1.500670
1.058509 1.500690
1.057450 1.500680
1.056393 1.500676
1.055336 1.500670
1.054281 1.500637
1.053227 1.500686
1.052173 1.500723
1.051121 1.500690
1.050070 1.500666
1.049020 1.500682
1.047971 1.500687
1.046923 1.500673
1.045876 1.500664
1.044830 1.500652
1.043785 1.500647
1.042742 1.500655
1.041699 1.500647
1.040657 1.500681
1.039617 1.500725
1.038577 1.500699
1.037538 1.500713
1.036501 1.500700
1.035464 1.500654
1.034429 1.500658
1.033394 1.500666
1.032361 1.500646
1.031329 1.500640
1.030297 1.500635
1.029267 1.500661
1.028238 1.500647
1.027210 1.500656
1.026182 1.500666
1.025156 1.500652
1.024131 1.500671
1.023107 1.500701
1.022084 1.500747
1.021062 1.500745
1.020041 1.500720
1.019021 1.500684
1.018002 1.500652
1.016984 1.500670
1.015967 1.500668
1.014951 1.500658
1.013936 1.500655
1.012922 1.500676
1.011909 1.500697
1.010897 1.500697
1.009886 1.500676
1.008876 1.500679
1.007867 1.500740
1.006859 1.500795
1.005852 1.500789
1.004847 1.500790
1.003842 1.500799
1.002838 1.500834
1.001835 1.500832
1.000833 1.500816
0.999832 1.500758
0.998833 1.500732
0.997834 1.500752
0.996836 1.500727
0.995839 1.500756
0.994843 1.500756
0.993848 1.500762
0.992855 1.500791
0.991862 1.500787
0.990870 1.500778
0.989879 1.500776
0.988889 1.500769
0.987900 1.500746
0.986912 1.500756
0.985925 1.500773
0.984939 1.500772
0.983955 1.500775
0.982971 1.500720
0.981988 1.500699
0.981006 1.500765
0.980025 1.500734
0.979045 1.500691
0.978066 1.500711
0.977087 1.500679
0.976110 1.500678
0.975134 1.500758
0.974159 1.500761
0.973185 1.500731
0.972212 1.500748
0.971240 1.500728
0.970268 1.500685
0.969298 1.500707
0.968329 1.500743
0.967360 1.500769
0.966393 1.500773
0.965427 1.500795
0.964461 1.500816
0.963497 1.500818
0.962533 1.500763
0.961571 1.500681
0.960609 1.500696
0.959649 1.500771
0.958689 1.500804
0.957730 1.500788
0.956773 1.500762
0.955816 1.500736
0.954860 1.500725
0.953905 1.500699
0.952951 1.500678
0.951998 1.500737
0.951046 1.500773
0.950095 1.500772
0.949145 1.500791
0.948196 1.500770
0.947248 1.500726
0.946301 1.500741
0.945354 1.500722
0.944409 1.500716
0.943464 1.500729
0.942521 1.500731
0.941578 1.500753
0.940637 1.500801
0.939696 1.500814
0.938757 1.500780
0.937818 1.500735
0.936880 1.500732
0.935943 1.500749
0.935007 1.500767
0.934072 1.500808
0.933138 1.500816
0.932205 1.500820
0.931273 1.500846
0.930341 1.500875
0.929411 1.500847
0.928482 1.500853
0.927553 1.500852
0.926626 1.500792
0.925699 1.500769
0.924773 1.500854
0.923849 1.500902
0.922925 1.500853
0.922002 1.500787
0.921080 1.500781
0.920159 1.500821
0.919239 1.500805
0.918319 1.500802
0.917401 1.500889
0.916484 1.500867
0.915567 1.500758
0.914652 1.500763
0.913737 1.500807
0.912823 1.500758
0.911910 1.500762
0.910998 1.500796
0.910087 1.500764
0.909177 1.500759
0.908268 1.500808
0.907360 1.500849
0.906453 1.500883
0.905546 1.500865
0.904641 1.500812
0.903736 1.500813
0.902832 1.500829
0.901929 1.500834
0.901027 1.500804
0.900126 1.500825
0.899226 1.500844
0.898327 1.500917
0.897429 1.500965
0.896531 1.500967
0.895635 1.500923
0.894739 1.500868
0.893844 1.500854
0.892951 1.500805
0.892058 1.500776
0.891166 1.500845
0.890274 1.500827
0.889384 1.500792
0.888495 1.500823
0.887606 1.500832
0.886719 1.500811
0.885832 1.500796
0.884946 1.500792
0.884061 1.500858
0.883177 1.500930
0.882294 1.500955
0.881412 1.500930
0.880530 1.500858
0.879650 1.500887
0.878770 1.500927
0.877891 1.500906
0.877013 1.500871
0.876136 1.500884
0.875260 1.500865
0.874385 1.500879
0.873511 1.500865
0.872637 1.500912
0.871764 1.500946
0.870893 1.500913
0.870022 1.500872
0.869152 1.500886
0.868283 1.500897
0.867414 1.500872
0.866547 1.500884
0.865680 1.500857
0.864815 1.500801
0.863950 1.500815
0.863086 1.500806
0.862223 1.500806
0.861361 1.500820
0.860499 1.500794
0.859639 1.500809
0.858779 1.500845
0.857920 1.500848
0.857062 1.500826
0.856205 1.500798
0.855349 1.500827
0.854494 1.500908
0.853639 1.500984
0.852786 1.500963
0.851933 1.500900
0.851081 1.500889
0.850230 1.500883
0.849380 1.500879
0.848530 1.500886
0.847682 1.500911
0.846834 1.500952
0.845987 1.500941
0.845141 1.500936
0.844296 1.500939
0.843452 1.500893
0.842608 1.500886
0.841766 1.500872
0.840924 1.500915
0.840083 1.500925
0.839243 1.500941
0.838404 1.500968
0.837565 1.500950
0.836728 1.500926
0.835891 1.500931
0.835055 1.500914
0.834220 1.500855
0.833386 1.500872
0.832552 1.500918
0.831720 1.500921
0.830888 1.500945
0.830057 1.500972
0.829227 1.500969
0.828398 1.500937
0.827570 1.500893
0.826742 1.500938
0.825915 1.500932
0.825089 1.500863
0.824264 1.500884
0.823440 1.500932
0.822617 1.500933
0.821794 1.500941
0.820972 1.501012
0.820151 1.501050
0.819331 1.501037
0.818512 1.501014
0.817693 1.500964
0.816875 1.500926
0.816059 1.500925
0.815243 1.500918
0.814427 1.500884
0.813613 1.500836
0.812799 1.500840
0.811986 1.500865
0.811174 1.500869
0.810363 1.500828
0.809553 1.500803
0.808743 1.500827
0.807935 1.500843
0.807127 1.500871
0.806320 1.500866
0.805513 1.500815
0.804708 1.500808
0.803903 1.500874
0.803099 1.500910
0.802296 1.500846
0.801494 1.500808
0.800692 1.500848
0.799892 1.500912
0.799092 1.500976
0.798293 1.500965
0.797494 1.500963
0.796697 1.500971
0.795900 1.500911
0.795104 1.500910
0.794309 1.500991
0.793515 1.500952
0.792721 1.500869
0.791929 1.500864
0.791137 1.500926
0.790345 1.500984
0.789555 1.500993
0.788766 1.500945
0.787977 1.500957
0.787189 1.500939
0.786402 1.500876
0.785615 1.500894
0.784830 1.500974
0.784045 1.501056
0.783261 1.501050
0.782477 1.500964
0.781695 1.500945
0.780913 1.500932
0.780132 1.500926
0.779352 1.500991
0.778573 1.501086
0.777794 1.501081
0.777017 1.501046
0.776240 1.501124
0.775463 1.501115
0.774688 1.501022
0.773913 1.500982
0.773139 1.501020
0.772366 1.500991
0.771594 1.500926
0.770822 1.500903
0.770051 1.500873
0.769281 1.500881
0.768512 1.500959
0.767743 1.500996
0.766976 1.500944
0.766209 1.500909
0.765443 1.500883
0.764677 1.500920
0.763912 1.500950
0.763148 1.500921
0.762385 1.500905
0.761623 1.500910
0.760861 1.500881
0.760100 1.500896
0.759340 1.500929
0.758581 1.500919
0.757822 1.500937
0.757065 1.500986
0.756308 1.500910
0.755551 1.500831
0.754796 1.500880
0.754041 1.500914
0.753287 1.500938
0.752534 1.500957
0.751781 1.500974
0.751029 1.500972
0.750278 1.500918
0.749528 1.500865
0.748778 1.500918
0.748030 1.501011
0.747282 1.501094
0.746534 1.501131
0.745788 1.501066
0.745042 1.501057
0.744297 1.501081
0.743553 1.501001
0.742809 1.500966
0.742066 1.501002
0.741324 1.501000
0.740583 1.500970
0.739842 1.500947
0.739102 1.500951
0.738363 1.500960
0.737625 1.500978
0.736887 1.500951
0.736151 1.500939
0.735414 1.500931
0.734679 1.500921
0.733944 1.500918
0.733210 1.500848
0.732477 1.500849
0.731745 1.500939
0.731013 1.500965
0.730282 1.500901
0.729552 1.500866
0.728822 1.500888
0.728093 1.500889
0.727365 1.500937
0.726638 1.500990
0.725911 1.500954
0.725185 1.500893
0.724460 1.500919
0.723736 1.500964
0.723012 1.501005
0.722289 1.500987
0.721567 1.500958
0.720845 1.500932
0.720124 1.500939
0.719404 1.500953
0.718685 1.500897
0.717966 1.500846
0.717248 1.500911
0.716531 1.500998
0.715814 1.501004
0.715098 1.500970
0.714383 1.500904
0.713669 1.500918
0.712955 1.500989
0.712242 1.500999
0.711530 1.501035
0.710818 1.501022
0.710108 1.500977
0.709398 1.500959
0.708688 1.500978
0.707979 1.500970
0.707271 1.500975
0.706564 1.500918
0.705858 1.500936
0.705152 1.500960
0.704447 1.500972
0.703742 1.500955
0.703038 1.500953
0.702335 1.500973
0.701633 1.501046
0.700931 1.501071
0.700231 1.501003
0.699530 1.501012
0.698831 1.501049
0.698132 1.501017
0.697434 1.500958
0.696736 1.501036
0.696040 1.501094
0.695344 1.501065
0.694648 1.501072
0.693954 1.501135
0.693260 1.501121
0.692566 1.501065
0.691874 1.501075
0.691182 1.501139
0.690491 1.501109
0.689800 1.500976
0.689110 1.500947
0.688421 1.500956
0.687733 1.500975
0.687045 1.501018
0.686358 1.500975
0.685672 1.500996
0.684986 1.501018
0.684301 1.500997
0.683617 1.500947
0.682933 1.500987
0.682250 1.501092
0.681568 1.501126
0.680886 1.501100
0.680206 1.501088
0.679525 1.501038
0.678846 1.501003
0.678167 1.501038
0.677489 1.501072
0.676811 1.501042
0.676135 1.500985
0.675458 1.500961
0.674783 1.500998
0.674108 1.501065
0.673434 1.501084
0.672761 1.501085
0.672088 1.501098
0.671416 1.501076
0.670744 1.501040
0.670074 1.501010
0.669404 1.501011
0.668734 1.501057
0.668065 1.501129
0.667397 1.501207
0.666730 1.501225
0.666063 1.501197
0.665397 1.501205
0.664732 1.501236
0.664067 1.501245
0.663403 1.501229
0.662740 1.501171
0.662077 1.501177
0.661415 1.501222
0.660753 1.501235
0.660093 1.501246
0.659432 1.501152
0.658773 1.501105
0.658114 1.501262
0.657456 1.501351
0.656799 1.501298
0.656142 1.501316
0.655486 1.501304
0.654830 1.501213
0.654175 1.501180
0.653521 1.501082
0.652868 1.501044
0.652215 1.501098
0.651563 1.501156
0.650911 1.501169
0.650260 1.501108
0.649610 1.501003
0.648960 1.501101
0.648311 1.501161
0.647663 1.501059
0.647015 1.501026
0.646368 1.501060
0.645722 1.501088
0.645076 1.501073
0.644431 1.501095
0.643787 1.501153
0.643143 1.501165
0.642500 1.501129
0.641857 1.501211
0.641215 1.501239
0.640574 1.501243
0.639934 1.501229
0.639294 1.501060
0.638654 1.501061
0.638016 1.501192
0.637378 1.501206
0.636740 1.501172
0.636104 1.501110
0.635468 1.501092
0.634832 1.501107
0.634197 1.501079
0.633563 1.501081
0.632930 1.501114
0.632297 1.501188
0.631664 1.501209
0.631033 1.501202
0.630402 1.501269
0.629771 1.501266
0.629141 1.501249
0.628512 1.501165
0.627884 1.501099
0.627256 1.501128
0.626629 1.501129
0.626002 1.501151
0.625376 1.501171
0.624751 1.501168
0.624126 1.501177
0.623502 1.501181
0.622878 1.501139
0.622255 1.501185
0.621633 1.501260
0.621011 1.501219
0.620390 1.501151
0.619770 1.501109
0.619150 1.501038
0.618531 1.501071
0.617913 1.501093
0.617295 1.501149
0.616677 1.501140
0.616061 1.501174
0.615445 1.501161
0.614829 1.501040
0.614214 1.501036
0.613600 1.501107
0.612987 1.501184
0.612374 1.501212
0.611761 1.501213
0.611149 1.501285
0.610538 1.501302
0.609928 1.501221
0.609318 1.501270
0.608709 1.501271
0.608100 1.501254
0.607492 1.501304
0.606884 1.501239
0.606277 1.501136
0.605671 1.501074
0.605065 1.501102
0.604460 1.501166
0.603856 1.501247
0.603252 1.501322
0.602649 1.501361
0.602046 1.501278
0.601444 1.501174
0.600843 1.501162
0.600242 1.501192
0.599642 1.501194
0.599042 1.501149
0.598443 1.501139
0.597844 1.501227
0.597247 1.501239
0.596649 1.501221
0.596053 1.501203
0.595457 1.501202
0.594861 1.501251
0.594266 1.501226
0.593672 1.501188
0.593078 1.501263
0.592485 1.501315
0.591893 1.501256
0.591301 1.501247
0.590710 1.501289
0.590119 1.501270
0.589529 1.501283
0.588939 1.501264
0.588350 1.501207
0.587762 1.501151
0.587174 1.501195
0.586587 1.501253
0.586000 1.501214
0.585414 1.501228
0.584829 1.501300
0.584244 1.501175
0.583660 1.501105
0.583076 1.501204
0.582493 1.501210
0.581911 1.501233
0.581329 1.501330
0.580747 1.501316
0.580167 1.501223
0.579587 1.501247
0.579007 1.501292
0.578428 1.501295
0.577850 1.501285
0.577272 1.501232
0.576694 1.501204
0.576118 1.501168
0.575542 1.501159
0.574966 1.501187
0.574391 1.501162
0.573817 1.501164
0.573243 1.501248
0.572670 1.501222
0.572097 1.501183
0.571525 1.501241
0.570953 1.501295
0.570382 1.501296
0.569812 1.501286
0.569242 1.501250
0.568673 1.501259
0.568104 1.501274
0.567536 1.501291
0.566969 1.501325
0.566402 1.501283
0.565835 1.501295
0.565269 1.501317
0.564704 1.501322
0.564139 1.501354
0.563575 1.501383
0.563012 1.501341
0.562449 1.501240
0.561886 1.501186
0.561324 1.501225
0.560763 1.501204
0.560202 1.501170
0.559642 1.501147
0.559082 1.501217
0.558523 1.501365
0.557965 1.501393
0.557407 1.501331
0.556850 1.501309
0.556293 1.501348
0.555736 1.501344
0.555181 1.501296
0.554625 1.501326
0.554071 1.501443
0.553517 1.501500
0.552963 1.501428
0.552410 1.501464
0.551858 1.501559
0.551306 1.501573
0.550755 1.501579
0.550204 1.501556
0.549654 1.501477
0.549104 1.501458
0.548555 1.501376
0.548006 1.501302
0.547458 1.501352
0.546911 1.501489
0.546364 1.501489
0.545818 1.501497
0.545272 1.501542
0.544727 1.501509
0.544182 1.501469
0.543638 1.501478
0.543094 1.501580
0.542551 1.501662
0.542008 1.501574
0.541466 1.501507
0.540925 1.501539
0.540384 1.501520
0.539844 1.501489
0.539304 1.501507
0.538764 1.501402
0.538226 1.501273
0.537687 1.501339
0.537150 1.501402
0.536613 1.501390
0.536076 1.501361
0.535540 1.501353
0.535004 1.501440
0.534469 1.501538
0.533935 1.501589
0.533401 1.501546
0.532868 1.501384
0.532335 1.501280
0.531802 1.501200
0.531271 1.501211
0.530739 1.501320
0.530209 1.501382
0.529678 1.501366
0.529149 1.501343
0.528620 1.501326
0.528091 1.501327
0.527563 1.501307
0.527035 1.501262
0.526508 1.501303
0.525982 1.501291
0.525456 1.501222
0.524930 1.501321
0.524405 1.501373
0.523881 1.501305
0.523357 1.501367
0.522834 1.501479
0.522311 1.501468
0.521789 1.501404
0.521267 1.501421
0.520746 1.501441
0.520225 1.501434
0.519705 1.501382
0.519185 1.501279
0.518666 1.501249
0.518147 1.501299
0.517629 1.501404
0.517111 1.501461
0.516594 1.501580
0.516078 1.501656
0.515561 1.501589
0.515046 1.501483
0.514531 1.501490
0.514016 1.501493
0.513502 1.501439
0.512989 1.501463
0.512476 1.501394
0.511963 1.501343
0.511451 1.501430
0.510940 1.501438
0.510429 1.501472
0.509919 1.501522
0.509409 1.501507
0.508899 1.501447
0.508390 1.501330
0.507882 1.501337
0.507374 1.501448
0.506867 1.501467
0.506360 1.501531
0.505853 1.501599
0.505348 1.501497
0.504842 1.501422
0.504337 1.501365
0.503833 1.501347
0.503329 1.501334
0.502826 1.501383
0.502323 1.501495
0.501821 1.501506
0.501319 1.501526
0.500818 1.501509
0.500317 1.501488
0.499816 1.501581
0.499317 1.501600
0.498817 1.501560
0.498319 1.501616
0.497820 1.501668
0.497322 1.501616
0.496825 1.501527
0.496328 1.501529
0.495832 1.501513
0.495336 1.501470
0.494841 1.501513
0.494346 1.501489
0.493852 1.501511
0.493358 1.501509
0.492864 1.501573
0.492371 1.501645
0.491879 1.501674
0.491387 1.501711
0.490896 1.501709
0.490405 1.501670
0.489915 1.501520
0.489425 1.501439
0.488935 1.501572
0.488446 1.501582
0.487958 1.501579
0.487470 1.501605
0.486982 1.501471
0.486495 1.501380
0.486009 1.501377
0.485523 1.501331
0.485037 1.501363
0.484552 1.501522
0.484068 1.501615
0.483584 1.501614
0.483100 1.501634
0.482617 1.501713
0.482134 1.501734
0.481652 1.501560
0.481171 1.501481
0.480689 1.501482
0.480209 1.501486
0.479729 1.501475
0.479249 1.501461
0.478770 1.501474
0.478291 1.501427
0.477813 1.501383
0.477335 1.501437
0.476857 1.501417
0.476381 1.501348
0.475904 1.501376
0.475428 1.501427
0.474953 1.501445
0.474478 1.501550
0.474003 1.501569
0.473529 1.501569
0.473056 1.501564
0.472583 1.501534
0.472110 1.501569
0.471638 1.501614
0.471166 1.501626
0.470695 1.501593
0.470225 1.501601
0.469754 1.501691
0.469285 1.501749
0.468815 1.501657
0.468347 1.501525
0.467878 1.501483
0.467410 1.501542
0.466943 1.501625
0.466476 1.501679
0.466009 1.501674
0.465543 1.501694
0.465078 1.501748
0.464613 1.501682
0.464148 1.501528
0.463684 1.501487
0.463220 1.501439
0.462757 1.501399
0.462294 1.501441
0.461832 1.501457
0.461370 1.501478
0.460909 1.501484
0.460448 1.501518
0.459988 1.501681
0.459528 1.501746
0.459068 1.501634
0.458609 1.501615
0.458150 1.501632
0.457692 1.501623
0.457235 1.501606
0.456777 1.501585
0.456321 1.501642
0.455864 1.501628
0.455408 1.501613
0.454953 1.501711
0.454498 1.501645
0.454043 1.501448
0.453589 1.501468
0.453136 1.501471
0.452683 1.501390
0.452230 1.501424
0.451778 1.501489
0.451326 1.501577
0.450875 1.501541
0.450424 1.501573
0.449973 1.501677
0.449523 1.501802
0.449074 1.501943
0.448625 1.502042
0.448176 1.501938
0.447728 1.501808
0.447280 1.501703
0.446833 1.501769
0.446386 1.501807
0.445940 1.501764
0.445494 1.501717
0.445048 1.501778
0.444603 1.501779
0.444159 1.501760
0.443715 1.501749
0.443271 1.501696
0.442828 1.501720
0.442385 1.501720
0.441942 1.501725
0.441500 1.501622
0.441059 1.501481
0.440618 1.501485
0.440177 1.501671
0.439737 1.501733
0.439297 1.501639
0.438858 1.501460
0.438419 1.501505
0.437981 1.501683
0.437543 1.501748
0.437105 1.501750
0.436668 1.501736
0.436231 1.501736
0.435795 1.501703
0.435359 1.501602
0.434924 1.501527
0.434489 1.501588
0.434055 1.501653
0.433621 1.501655
0.433187 1.501607
0.432754 1.501635
0.432321 1.501763
0.431889 1.501732
0.431457 1.501742
0.431025 1.501754
0.430594 1.501637
0.430164 1.501561
0.429734 1.501614
0.429304 1.501555
0.428875 1.501622
0.428446 1.501752
0.428017 1.501822
0.427589 1.501818
0.427162 1.501774
0.426734 1.501715
0.426308 1.501639
0.425881 1.501662
0.425456 1.501703
0.425030 1.501796
0.424605 1.501832
0.424180 1.501754
0.423756 1.501798
0.423332 1.501884
0.422909 1.501916
0.422486 1.501922
0.422064 1.501957
0.421642 1.501911
0.421220 1.501845
0.420799 1.501897
0.420378 1.501971
0.419958 1.501817
0.419538 1.501801
0.419118 1.501853
0.418699 1.501748
0.418280 1.501657
0.417862 1.501686
0.417444 1.501664
0.417027 1.501565
0.416610 1.501637
0.416193 1.501800
0.415777 1.501841
0.415361 1.501854
0.414946 1.501988
0.414531 1.502048
0.414116 1.501909
0.413702 1.501887
0.413289 1.501788
0.412875 1.501655
0.412462 1.501637
0.412050 1.501638
0.411638 1.501720
0.411226 1.501724
0.410815 1.501713
0.410404 1.501790
0.409994 1.501775
0.409584 1.501693
0.409174 1.501669
0.408765 1.501683
0.408356 1.501662
0.407948 1.501728
0.407540 1.501798
0.407132 1.501870
0.406725 1.501853
0.406319 1.501732
0.405912 1.501873
0.405506 1.501859
0.405101 1.501827
0.404696 1.501871
0.404291 1.501890
0.403887 1.501957
0.403483 1.501888
0.403079 1.501807
0.402676 1.501848
0.402274 1.501772
0.401871 1.501673
0.401469 1.501827
0.401068 1.501932
0.400667 1.501866
0.400266 1.501848
0.399866 1.501800
0.399466 1.501942
0.399067 1.502009
0.398668 1.501896
0.398269 1.501969
0.397871 1.501844
0.397473 1.501738
0.397075 1.501646
0.396678 1.501552
0.396282 1.501592
0.395885 1.501749
0.395489 1.501847
0.395094 1.501798
0.394699 1.501692
0.394304 1.501739
0.393910 1.501860
0.393516 1.501862
0.393122 1.501888
0.392729 1.501824
0.392337 1.501764
0.391944 1.501708
0.391552 1.501667
0.391161 1.501755
0.390770 1.501782
0.390379 1.501677
0.389988 1.501693
0.389598 1.501700
0.389209 1.501659
0.388820 1.501828
0.388431 1.501910
0.388042 1.501778
0.387654 1.501657
0.387267 1.501738
0.386879 1.501803
0.386492 1.501886
0.386106 1.501791
0.385720 1.501644
0.385334 1.501681
0.384949 1.501615
0.384564 1.501602
0.384179 1.501666
0.383795 1.501739
0.383411 1.501832
0.383028 1.501863
0.382645 1.501878
0.382262 1.501907
0.381880 1.501850
0.381498 1.501749
0.381117 1.501711
0.380735 1.501686
0.380355 1.501755
0.379974 1.501908
0.379594 1.501922
0.379215 1.501890
0.378836 1.501839
0.378457 1.501754
0.378078 1.501755
0.377700 1.501905
0.377323 1.501967
0.376945 1.502006
0.376568 1.501992
0.376192 1.501863
0.375816 1.501808
0.375440 1.501848
0.375064 1.501791
0.374689 1.501739
0.374315 1.501798
0.373940 1.501849
0.373566 1.501919
0.373193 1.501997
0.372819 1.501939
0.372447 1.501779
0.372074 1.501719
0.371702 1.501700
0.371330 1.501660
0.370959 1.501707
0.370588 1.501858
0.370218 1.501958
0.369847 1.502030
0.369478 1.501985
0.369108 1.501967
0.368739 1.501942
0.368370 1.502090
0.368002 1.502197
0.367634 1.502167
0.367266 1.502183
0.366899 1.502132
0.366532 1.502180
0.366165 1.502226
0.365799 1.502167
0.365434 1.502062
0.365068 1.502096
0.364703 1.502036
0.364338 1.501976
0.363974 1.501939
0.363610 1.501923
0.363246 1.501937
0.362883 1.501988
0.362520 1.502011
0.362158 1.501950
0.361796 1.501950
0.361434 1.501950
0.361072 1.501934
0.360711 1.502045
0.360351 1.502123
0.359990 1.502008
0.359630 1.501938
0.359271 1.501982
0.358911 1.501953
0.358552 1.501890
0.358194 1.501983
0.357836 1.502033
0.357478 1.502042
0.357120 1.502074
0.356763 1.502096
0.356406 1.502008
0.356050 1.502004
0.355694 1.502065
0.355338 1.501964
0.354983 1.501937
0.354628 1.502031
0.354273 1.502048
0.353919 1.501984
0.353565 1.501925
0.353212 1.501929
0.352858 1.501974
0.352506 1.501922
0.352153 1.501899
0.351801 1.502061
0.351449 1.502167
0.351098 1.502062
0.350747 1.501988
0.350396 1.502023
0.350045 1.501997
0.349695 1.501864
0.349346 1.501817
0.348996 1.501938
0.348647 1.502001
0.348299 1.502046
0.347950 1.502189
0.347602 1.502229
0.347255 1.502064
0.346908 1.502037
0.346561 1.502007
0.346214 1.502022
0.345868 1.501983
0.345522 1.501917
0.345176 1.501934
0.344831 1.502089
0.344486 1.502152
0.344142 1.502012
0.343798 1.501834
0.343454 1.501859
0.343111 1.501886
0.342767 1.501856
0.342425 1.501895
0.342082 1.502068
0.341740 1.502038
0.341398 1.501929
0.341057 1.501929
0.340716 1.501892
0.340375 1.501785
0.340035 1.501743
0.339695 1.501805
0.339355 1.501903
0.339016 1.501899
0.338677 1.501958
0.338338 1.502042
0.338000 1.502132
0.337662 1.502230
0.337324 1.502414
0.336987 1.502493
0.336650 1.502281
0.336313 1.501984
0.335977 1.501988
0.335641 1.502094
0.335305 1.502048
0.334970 1.501942
0.334635 1.501820
0.334300 1.501863
0.333966 1.502059
0.333632 1.502186
0.333298 1.502115
0.332965 1.502077
0.332632 1.501962
0.332300 1.501990
0.331967 1.502155
0.331635 1.502023
0.331304 1.502032
0.330972 1.502124
0.330641 1.502224
0.330311 1.502409
0.329980 1.502463
0.329650 1.502454
0.329321 1.502225
0.328991 1.502133
0.328662 1.502197
0.328334 1.502232
0.328005 1.502289
0.327677 1.502190
0.327350 1.502144
0.327022 1.502173
0.326695 1.502008
0.326369 1.501833
0.326042 1.502025
0.325716 1.502229
0.325391 1.502128
0.325065 1.502047
0.324740 1.502092
0.324415 1.502129
0.324091 1.502165
0.323767 1.502186
0.323443 1.502020
0.323120 1.501888
0.322797 1.501913
0.322474 1.502001
0.322151 1.501918
0.321829 1.501886
0.321507 1.502192
0.321186 1.502366
0.320865 1.502227
0.320544 1.502162
0.320223 1.502239
0.319903 1.502234
0.319583 1.502144
0.319264 1.502102
0.318944 1.502066
0.318625 1.502029
0.318307 1.502094
0.317988 1.502140
0.317670 1.502045
0.317353 1.502063
0.317035 1.502166
0.316718 1.502118
0.316402 1.502161
0.316085 1.502163
0.315769 1.502038
0.315453 1.502133
0.315138 1.502199
0.314823 1.502198
0.314508 1.502198
0.314193 1.502185
0.313879 1.502215
0.313565 1.502254
0.313252 1.502313
0.312939 1.502372
0.312626 1.502306
0.312313 1.502218
0.312001 1.502235
0.311689 1.502311
0.311377 1.502449
0.311066 1.502495
0.310755 1.502455
0.310444 1.502441
0.310133 1.502466
0.309823 1.502428
0.309513 1.502268
0.309204 1.502206
0.308895 1.502305
0.308586 1.502634
0.308277 1.502857
0.307969 1.502749
0.307661 1.502453
0.307353 1.502152
0.307046 1.502341
0.306739 1.502420
0.306432 1.502254
0.306126 1.502270
0.305820 1.502467
0.305514 1.502648
0.305208 1.502643
0.304903 1.502380
0.304598 1.502212
0.304294 1.502060
0.303989 1.502054
0.303685 1.502184
0.303382 1.502209
0.303078 1.502195
0.302775 1.502095
0.302472 1.502113
0.302170 1.502163
0.301868 1.502107
0.301566 1.502106
0.301264 1.502070
0.300963 1.502135
0.300662 1.502245
0.300361 1.502091
0.300061 1.502022
0.299761 1.502188
0.299461 1.502244
0.299162 1.502170
0.298863 1.502144
0.298564 1.502275
0.298265 1.502348
0.297967 1.502356
0.297669 1.502347
0.297371 1.502222
0.297074 1.502186
0.296777 1.502249
0.296480 1.502195
0.296184 1.502070
0.295887 1.502082
0.295591 1.502200
0.295296 1.502154
0.295001 1.502136
0.294706 1.502150
0.294411 1.502208
0.294116 1.502498
0.293822 1.502744
0.293529 1.502688
0.293235 1.502592
0.292942 1.502529
0.292649 1.502365
0.292356 1.502445
0.292064 1.502504
0.291772 1.502402
0.291480 1.502468
0.291188 1.502383
0.290897 1.502437
0.290606 1.502662
0.290316 1.502678
0.290025 1.502574
0.289735 1.502384
0.289446 1.502316
0.289156 1.502228
0.288867 1.502209
0.288578 1.502256
0.288290 1.502190
0.288001 1.502157
0.287713 1.502285
0.287426 1.502290
0.287138 1.502424
0.286851 1.502440
0.286564 1.502381
0.286278 1.502412
0.285991 1.502445
0.285705 1.502562
0.285420 1.502513
0.285134 1.502353
0.284849 1.502323
0.284564 1.502366
0.284280 1.502252
0.283995 1.502233
0.283711 1.502400
0.283428 1.502496
0.283144 1.502435
0.282861 1.502313
0.282578 1.502214
0.282296 1.502303
0.282013 1.502504
0.281731 1.502455
0.281450 1.502367
0.281168 1.502309
0.280887 1.502167
0.280606 1.502248
0.280326 1.502326
0.280045 1.502257
0.279765 1.502360
0.279485 1.502533
0.279206 1.502538
0.278927 1.502492
0.278648 1.502511
0.278369 1.502457
0.278091 1.502355
0.277813 1.502525
0.277535 1.502611
0.277257 1.502401
0.276980 1.502473
0.276703 1.502525
0.276426 1.502467
0.276150 1.502620
0.275874 1.502683
0.275598 1.502530
0.275322 1.502309
0.275047 1.502355
0.274772 1.502628
0.274497 1.502753
0.274223 1.502706
0.273949 1.502701
0.273675 1.502695
0.273401 1.502636
0.273128 1.502561
0.272854 1.502557
0.272582 1.502534
0.272309 1.502401
0.272037 1.502292
0.271765 1.502418
0.271493 1.502578
0.271221 1.502596
0.270950 1.502513
0.270679 1.502452
0.270408 1.502369
0.270138 1.502334
0.269868 1.502408
0.269598 1.502482
0.269328 1.502409
0.269059 1.502240
0.268790 1.502185
0.268521 1.502202
0.268253 1.502195
0.267985 1.502270
0.267717 1.502365
0.267449 1.502422
0.267181 1.502317
0.266914 1.502406
0.266647 1.502593
0.266381 1.502536
0.266114 1.502602
0.265848 1.502484
0.265582 1.502395
0.265317 1.502483
0.265051 1.502348
0.264786 1.502253
0.264522 1.502342
0.264257 1.502291
0.263993 1.502342
0.263729 1.502423
0.263465 1.502524
0.263202 1.502656
0.262938 1.502606
0.262675 1.502376
0.262413 1.502348
0.262150 1.502457
0.261888 1.502527
0.261626 1.502437
0.261365 1.502405
0.261103 1.502531
0.260842 1.502543
0.260581 1.502532
0.260321 1.502631
0.260060 1.502711
0.259800 1.502663
0.259541 1.502597
0.259281 1.502657
0.259022 1.502572
0.258763 1.502602
0.258504 1.502625
0.258246 1.502711
0.257987 1.502697
0.257729 1.502457
0.257472 1.502399
0.257214 1.502530
0.256957 1.502680
0.256700 1.502738
0.256443 1.502713
0.256187 1.502612
0.255931 1.502398
0.255675 1.502321
0.255419 1.502361
0.255164 1.502312
0.254908 1.502353
0.254653 1.502495
0.254399 1.502379
0.254144 1.502363
0.253890 1.502661
0.253636 1.502664
0.253383 1.502697
0.253129 1.502672
0.252876 1.502573
0.252623 1.502667
0.252371 1.502688
0.252118 1.502490
0.251866 1.502706
0.251614 1.502870
0.251363 1.502751
0.251111 1.502768
0.250860 1.502855
0.250609 1.503038
0.250359 1.502952
0.250108 1.502825
0.249858 1.502599
0.249609 1.502406
0.249359 1.502588
0.249110 1.502680
0.248860 1.502514
0.248612 1.502288
0.248363 1.502250
0.248115 1.502430
0.247866 1.502645
0.247619 1.502625
0.247371 1.502512
0.247124 1.502664
0.246877 1.502674
0.246630 1.502551
0.246383 1.502510
0.246137 1.502584
0.245890 1.502700
0.245645 1.502611
0.245399 1.502509
0.245154 1.502369
0.244908 1.502388
0.244663 1.502449
0.244419 1.502601
0.244174 1.502683
0.243930 1.502588
0.243686 1.502631
0.243443 1.502982
0.243199 1.503125
0.242956 1.502826
0.242713 1.502578
0.242470 1.502602
0.242228 1.502791
0.241986 1.502687
0.241744 1.502674
0.241502 1.502879
0.241260 1.502680
0.241019 1.502421
0.240778 1.502518
0.240537 1.502445
0.240297 1.502467
0.240056 1.502765
0.239816 1.502814
0.239577 1.502716
0.239337 1.502704
0.239098 1.502740
0.238859 1.502777
0.238620 1.502751
0.238381 1.502707
0.238143 1.502579
0.237905 1.502588
0.237667 1.502505
0.237429 1.502416
0.237192 1.502312
0.236954 1.502325
0.236717 1.502456
0.236481 1.502582
0.236244 1.502704
0.236008 1.502740
0.235772 1.502771
0.235536 1.502598
0.235301 1.502425
0.235065 1.502572
0.234830 1.502690
0.234595 1.502672
0.234361 1.502602
0.234127 1.502449
0.233892 1.502537
0.233659 1.502655
0.233425 1.502573
0.233191 1.502637
0.232958 1.502742
0.232725 1.502677
0.232493 1.502820
0.232260 1.502950
0.232028 1.502732
0.231796 1.502503
0.231564 1.502549
0.231332 1.502619
0.231101 1.502535
0.230870 1.502706
0.230639 1.502946
0.230408 1.502904
0.230178 1.502836
0.229948 1.502824
0.229718 1.502583
0.229488 1.502600
0.229259 1.502667
0.229029 1.502747
0.228800 1.502877
0.228572 1.502647
0.228343 1.502400
0.228115 1.502621
0.227887 1.502912
0.227659 1.503035
0.227431 1.502849
0.227204 1.502669
0.226976 1.502679
0.226749 1.502639
0.226523 1.502574
0.226296 1.502705
0.226070 1.502894
0.225844 1.502781
0.225618 1.502798
0.225392 1.502835
0.225167 1.502846
0.224942 1.502920
0.224717 1.502786
0.224492 1.502565
0.224268 1.502701
0.224043 1.502837
0.223819 1.502779
0.223596 1.502657
0.223372 1.502832
0.223149 1.502991
0.222925 1.502889
0.222702 1.502869
0.222480 1.502696
0.222257 1.502616
0.222035 1.502915
0.221813 1.503049
0.221591 1.502909
0.221370 1.502733
0.221148 1.502789
0.220927 1.503046
0.220706 1.503066
0.220485 1.502805
0.220265 1.502646
0.220045 1.502690
0.219825 1.502952
0.219605 1.503050
0.219385 1.503017
0.219166 1.502946
0.218947 1.502822
0.218728 1.502667
0.218509 1.502675
0.218290 1.502783
0.218072 1.502630
0.217854 1.502657
0.217636 1.502682
0.217419 1.502494
0.217201 1.502529
0.216984 1.502723
0.216767 1.502865
0.216550 1.502936
0.216334 1.503076
0.216117 1.503082
0.215901 1.502892
0.215685 1.502721
0.215470 1.502821
0.215254 1.503103
0.215039 1.503201
0.214824 1.503114
0.214609 1.502851
0.214394 1.502627
0.214180 1.502596
0.213966 1.502620
0.213752 1.502839
0.213538 1.503071
0.213325 1.503107
0.213111 1.503183
0.212898 1.503454
0.212685 1.503235
0.212473 1.502897
0.212260 1.502791
0.212048 1.502725
0.211836 1.502906
0.211624 1.503015
0.211412 1.502874
0.211201 1.502762
0.210990 1.502741
0.210779 1.502728
0.210568 1.502643
0.210357 1.502673
0.210147 1.502877
0.209937 1.502833
0.209727 1.502952
0.209517 1.502950
0.209308 1.502732
0.209098 1.502697
0.208889 1.502953
0.208680 1.503095
0.208472 1.502955
0.208263 1.502868
0.208055 1.503040
0.207847 1.503228
0.207639 1.503128
0.207432 1.502913
0.207224 1.502910
0.207017 1.502996
0.206810 1.503002
0.206603 1.502872
0.206396 1.502822
0.206190 1.502881
0.205984 1.502693
0.205778 1.502662
0.205572 1.502742
0.205366 1.503069
0.205161 1.503407
0.204956 1.503360
0.204751 1.503098
0.204546 1.502986
0.204342 1.502950
0.204137 1.503008
0.203933 1.503381
0.203729 1.503410
0.203526 1.503354
0.203322 1.503472
0.203119 1.503142
0.202916 1.502789
0.202713 1.502786
0.202510 1.502872
0.202307 1.502690
0.202105 1.502495
0.201903 1.502502
0.201701 1.502712
0.201499 1.502811
0.201298 1.502970
0.201097 1.503003
0.200896 1.502928
0.200695 1.502812
0.200494 1.502882
0.200293 1.502972
0.200093 1.502878
0.199893 1.502830
0.199693 1.502821
0.199494 1.502774
0.199294 1.502966
0.199095 1.503229
0.198896 1.503016
0.198697 1.502700
0.198498 1.502693
0.198300 1.502810
0.198101 1.502930
0.197903 1.502961
0.197705 1.502873
0.197508 1.502872
0.197310 1.502800
0.197113 1.502788
0.196916 1.502897
0.196719 1.503030
0.196522 1.502912
0.196325 1.502786
0.196129 1.502944
0.195933 1.503000
0.195737 1.502754
0.195541 1.503017
0.195346 1.503102
0.195150 1.502814
0.194955 1.502889
0.194760 1.503073
0.194566 1.502863
0.194371 1.502816
0.194177 1.503112
0.193982 1.503248
0.193788 1.503291
0.193595 1.503287
0.193401 1.503229
0.193208 1.503091
0.193014 1.503013
0.192821 1.503021
0.192629 1.502896
0.192436 1.502716
0.192244 1.502657
0.192051 1.502666
0.191859 1.502630
0.191667 1.502705
0.191476 1.503100
0.191284 1.502991
0.191093 1.502819
0.190902 1.503020
0.190711 1.502992
0.190520 1.502761
0.190330 1.502753
0.190139 1.502933
0.189949 1.502861
0.189759 1.502881
0.189570 1.503003
0.189380 1.503002
0.189191 1.502802
0.189001 1.502846
0.188812 1.502912
0.188624 1.503018
0.188435 1.503332
0.188247 1.503352
0.188058 1.503127
0.187870 1.503168
0.187682 1.503247
0.187495 1.503411
0.187307 1.503463
0.187120 1.503273
0.186933 1.503254
0.186746 1.503165
0.186559 1.502963
0.186373 1.503038
0.186186 1.502960
0.186000 1.502751
0.185814 1.502764
0.185628 1.502821
0.185443 1.502807
0.185257 1.503039
0.185072 1.503213
0.184887 1.502934
0.184702 1.502808
0.184517 1.502901
0.184333 1.502964
0.184148 1.503019
0.183964 1.503017
0.183780 1.503014
0.183596 1.502839
0.183413 1.502771
0.183229 1.502842
0.183046 1.502924
0.182863 1.502963
0.182680 1.503017
0.182498 1.503059
0.182315 1.503114
0.182133 1.503135
0.181951 1.503220
0.181769 1.503302
0.181587 1.503181
0.181405 1.502838
0.181224 1.502902
0.181043 1.503232
0.180862 1.503171
0.180681 1.503055
0.180500 1.503123
0.180320 1.503130
0.180139 1.503025
0.179959 1.502946
0.179779 1.502816
0.179599 1.502729
0.179420 1.502862
0.179240 1.503047
0.179061 1.503184
0.178882 1.503228
0.178703 1.502916
0.178525 1.502827
0.178346 1.502951
0.178168 1.502937
0.177990 1.502822
0.177812 1.503031
0.177634 1.503246
0.177456 1.503200
0.177279 1.503234
0.177101 1.503442
0.176924 1.503454
0.176747 1.503411
0.176571 1.503346
0.176394 1.503177
0.176218 1.503038
0.176041 1.503082
0.175865 1.503042
0.175689 1.503196
0.175514 1.503446
0.175338 1.503471
0.175163 1.503217
0.174988 1.502860
0.174813 1.502827
0.174638 1.502988
0.174463 1.503043
0.174289 1.503091
0.174115 1.503214
0.173940 1.503367
0.173767 1.503445
0.173593 1.503327
0.173419 1.503008
0.173246 1.503007
0.173073 1.503119
0.172899 1.503089
0.172727 1.503178
0.172554 1.503156
0.172381 1.503165
0.172209 1.503334
0.172037 1.503385
0.171865 1.503413
0.171693 1.503527
0.171521 1.503264
0.171350 1.503287
0.171178 1.503452
0.171007 1.503226
0.170836 1.503188
0.170665 1.503224
0.170495 1.503125
0.170324 1.503130
0.170154 1.503063
0.169984 1.503208
0.169814 1.503363
0.169644 1.503313
0.169474 1.503251
0.169305 1.503360
0.169135 1.503216
0.168966 1.503147
0.168797 1.503089
0.168628 1.503088
0.168460 1.503258
0.168291 1.503380
0.168123 1.503184
0.167955 1.503032
0.167787 1.503064
0.167619 1.503104
0.167452 1.503297
0.167284 1.503291
0.167117 1.503341
0.166950 1.503496
0.166783 1.503260
0.166616 1.503254
0.166449 1.503149
0.166283 1.502967
0.166117 1.503081
0.165951 1.503056
0.165785 1.502926
0.165619 1.502989
0.165453 1.503134
0.165288 1.503138
0.165122 1.503221
0.164957 1.503254
0.164792 1.503136
0.164628 1.503068
0.164463 1.503118
0.164298 1.503122
0.164134 1.502997
0.163970 1.502929
0.163806 1.502855
0.163642 1.503110
0.163479 1.503405
0.163315 1.503184
0.163152 1.502988
0.162989 1.503192
0.162826 1.503286
0.162663 1.503336
0.162500 1.503191
0.162338 1.503151
0.162175 1.503063
0.162013 1.503261
0.161851 1.503393
0.161689 1.503269
0.161528 1.503387
0.161366 1.503468
0.161205 1.503191
0.161044 1.503075
0.160882 1.503039
0.160722 1.503162
0.160561 1.503338
0.160400 1.503221
0.160240 1.503080
0.160080 1.503190
0.159920 1.503364
0.159760 1.503231
0.159600 1.503143
0.159440 1.503128
0.159281 1.503062
0.159122 1.503137
0.158962 1.503203
0.158804 1.503264
0.158645 1.503561
0.158486 1.503720
0.158328 1.503689
0.158169 1.503673
0.158011 1.503484
0.157853 1.503302
0.157695 1.503287
0.157538 1.503313
0.157380 1.503321
0.157223 1.503471
0.157065 1.503695
0.156908 1.503558
0.156751 1.503245
0.156595 1.503150
0.156438 1.503081
0.156282 1.503451
0.156125 1.503455
0.155969 1.503049
0.155813 1.502891
0.155657 1.503103
0.155502 1.503334
0.155346 1.503503
0.155191 1.503465
0.155036 1.503134
0.154881 1.503035
0.154726 1.503259
0.154571 1.503526
0.154417 1.503545
0.154262 1.503346
0.154108 1.503083
0.153954 1.503087
0.153800 1.503181
0.153646 1.503090
0.153492 1.503144
0.153339 1.503071
0.153185 1.502868
0.153032 1.502964
0.152879 1.503213
0.152726 1.503400
0.152574 1.503292
0.152421 1.503317
0.152269 1.503343
0.152116 1.503476
0.151964 1.503571
0.151812 1.503521
0.151661 1.503190
0.151509 1.503182
0.151357 1.503500
0.151206 1.503372
0.151055 1.503169
0.150904 1.503207
0.150753 1.503293
0.150602 1.503341
0.150451 1.503245
0.150301 1.503324
0.150151 1.503390
0.150001 1.503376
0.149851 1.503343
0.149701 1.503399
0.149551 1.503463
0.149401 1.503563
0.149252 1.503818
0.149103 1.503814
0.148954 1.503629
0.148805 1.503553
0.148656 1.503659
0.148507 1.503656
0.148359 1.503418
0.148210 1.503283
0.148062 1.503287
0.147914 1.503106
0.147766 1.503000
0.147618 1.502958
0.147471 1.502934
0.147323 1.503243
0.147176 1.503481
0.147029 1.503252
0.146882 1.502958
0.146735 1.502864
0.146588 1.503109
0.146442 1.503206
0.146295 1.503148
0.146149 1.503131
0.146003 1.503127
0.145857 1.503172
0.145711 1.503262
0.145565 1.503207
0.145420 1.503143
0.145274 1.503164
0.145129 1.503204
0.144984 1.503102
0.144839 1.503144
0.144694 1.503303
0.144549 1.503262
0.144405 1.503287
0.144260 1.503207
0.144116 1.503200
0.143972 1.503230
0.143828 1.503308
0.143684 1.503141
0.143540 1.503288
0.143397 1.503295
0.143254 1.503271
0.143110 1.503270
0.142967 1.503262
0.142824 1.503361
0.142681 1.503556
0.142539 1.503624
0.142396 1.503527
0.142254 1.503444
0.142112 1.503350
0.141969 1.503580
0.141827 1.503521
0.141686 1.503317
0.141544 1.503731
0.141402 1.503996
0.141261 1.503658
0.141120 1.503381
0.140979 1.503410
0.140838 1.503410
0.140697 1.503323
0.140556 1.502989
0.140416 1.502980
0.140275 1.503122
0.140135 1.502912
0.139995 1.502551
0.139855 1.502519
0.139715 1.503145
0.139575 1.503460
0.139436 1.503335
0.139296 1.503212
0.139157 1.503331
0.139018 1.503542
0.138879 1.503733
0.138740 1.503735
0.138601 1.503505
0.138462 1.503409
0.138324 1.503566
0.138186 1.503691
0.138047 1.503625
0.137909 1.503418
0.137772 1.503063
0.137634 1.503112
0.137496 1.503347
0.137359 1.503468
0.137221 1.503793
0.137084 1.503698
0.136947 1.503621
0.136810 1.503656
0.136673 1.503489
0.136537 1.503185
0.136400 1.503202
0.136264 1.503368
0.136127 1.503175
0.135991 1.503210
0.135855 1.503302
0.135719 1.503184
0.135584 1.503149
0.135448 1.503156
0.135313 1.503106
0.135177 1.503225
0.135042 1.503461
0.134907 1.503542
0.134772 1.503642
0.134637 1.503764
0.134503 1.503741
0.134368 1.503760
0.134234 1.503831
0.134100 1.503731
0.133966 1.503798
0.133832 1.503657
0.133698 1.503322
0.133564 1.503211
0.133430 1.503157
0.133297 1.503157
0.133164 1.503206
0.133031 1.503076
0.132898 1.503064
0.132765 1.503402
0.132632 1.503795
0.132499 1.503967
0.132367 1.504067
0.132234 1.503985
0.132102 1.503545
0.131970 1.503250
0.131838 1.503252
0.131706 1.503467
0.131575 1.503600
0.131443 1.503546
0.131312 1.503211
0.131180 1.503344
0.131049 1.503971
0.130918 1.504363
0.130787 1.504176
0.130656 1.503894
0.130526 1.503728
0.130395 1.503704
0.130265 1.503475
0.130134 1.503192
0.130004 1.503192
0.129874 1.503276
0.129744 1.503318
0.129615 1.503175
0.129485 1.503272
0.129356 1.503511
0.129226 1.503694
0.129097 1.503647
0.128968 1.503374
0.128839 1.503041
0.128710 1.503077
0.128581 1.503199
0.128453 1.503316
0.128324 1.503222
0.128196 1.503229
0.128068 1.503315
0.127940 1.503183
0.127812 1.503191
0.127684 1.503299
0.127556 1.503362
0.127429 1.503212
0.127301 1.503202
0.127174 1.503352
0.127047 1.503523
0.126920 1.503482
0.126793 1.503174
0.126666 1.503115
0.126539 1.503318
0.126413 1.503427
0.126286 1.503553
0.126160 1.503607
0.126034 1.503429
0.125908 1.503223
0.125782 1.503263
0.125656 1.503442
0.125531 1.503396
0.125405 1.503286
0.125280 1.503410
0.125154 1.503604
0.125029 1.503553
0.124904 1.503520
0.124779 1.503988
0.124655 1.504202
0.124530 1.504330
0.124405 1.504537
0.124281 1.504256
0.124157 1.503980
0.124033 1.503783
0.123909 1.503676
0.123785 1.503555
0.123661 1.503309
0.123537 1.503094
0.123414 1.503119
0.123290 1.503348
0.123167 1.503307
0.123044 1.503048
0.122921 1.503139
0.122798 1.503502
0.122675 1.503557
0.122552 1.503393
0.122430 1.503525
0.122307 1.503524
0.122185 1.503398
0.122063 1.503280
0.121941 1.503536
0.121819 1.503787
0.121697 1.503697
0.121575 1.503621
0.121454 1.503807
0.121332 1.504040
0.121211 1.503725
0.121090 1.503358
0.120969 1.503418
0.120848 1.503602
0.120727 1.503610
0.120606 1.503567
0.120486 1.503475
0.120365 1.503736
0.120245 1.503893
0.120124 1.503605
0.120004 1.503334
0.119884 1.503337
0.119764 1.503474
0.119645 1.503700
0.119525 1.503590
0.119405 1.503637
0.119286 1.503681
0.119167 1.503932
0.119048 1.503914
0.118929 1.503741
0.118810 1.503728
0.118691 1.503677
0.118572 1.503793
0.118454 1.503944
0.118335 1.503943
0.118217 1.503861
0.118099 1.503811
0.117980 1.503821
0.117862 1.504082
0.117745 1.504102
0.117627 1.503862
0.117509 1.503775
0.117392 1.503861
0.117274 1.503915
0.117157 1.503702
0.117040 1.503519
0.116923 1.503705
0.116806 1.503899
0.116689 1.503521
0.116572 1.503268
0.116456 1.503562
0.116339 1.503658
0.116223 1.503492
0.116107 1.503278
0.115991 1.503545
0.115875 1.503828
0.115759 1.503824
0.115643 1.503894
0.115527 1.504054
0.115412 1.503714
0.115297 1.503442
0.115181 1.503433
0.115066 1.503632
0.114951 1.503904
0.114836 1.503845
0.114721 1.503519
0.114606 1.503501
0.114492 1.503695
0.114377 1.503740
0.114263 1.503672
0.114149 1.503692
0.114035 1.503848
0.113921 1.504061
0.113807 1.504053
0.113693 1.503726
0.113579 1.503290
0.113466 1.503080
0.113352 1.503233
0.113239 1.503227
0.113126 1.503201
0.113012 1.503549
0.112899 1.503871
0.112786 1.503770
0.112674 1.503750
0.112561 1.503686
0.112448 1.503496
0.112336 1.503393
0.112224 1.503752
0.112111 1.503818
0.111999 1.503549
0.111887 1.503589
0.111775 1.503842
0.111664 1.503928
0.111552 1.503552
0.111440 1.503443
0.111329 1.503813
0.111218 1.503947
0.111106 1.504050
0.110995 1.504133
0.110884 1.503822
0.110773 1.503604
0.110663 1.503611
0.110552 1.503694
0.110442 1.503717
0.110331 1.504047
0.110221 1.504174
0.110111 1.504039
0.110000 1.503767
0.109890 1.503797
0.109781 1.504072
0.109671 1.504053
0.109561 1.504023
0.109451 1.503867
0.109342 1.503691
0.109233 1.503529
0.109123 1.503548
0.109014 1.503603
0.108905 1.503727
0.108796 1.503989
0.108688 1.503960
0.108579 1.503837
0.108470 1.503713
0.108362 1.503636
0.108254 1.503506
0.108145 1.503593
0.108037 1.503736
0.107929 1.503845
0.107821 1.504006
0.107713 1.503919
0.107606 1.503653
0.107498 1.503730
0.107391 1.503891
0.107283 1.503763
0.107176 1.503827
0.107069 1.503886
0.106962 1.503752
0.106855 1.503675
0.106748 1.503823
0.106641 1.503880
0.106534 1.503688
0.106428 1.503530
0.106321 1.503511
0.106215 1.503910
0.106109 1.504043
0.106003 1.503734
0.105897 1.503744
0.105791 1.503770
0.105685 1.503575
0.105579 1.503507
0.105474 1.503855
0.105368 1.504187
0.105263 1.504265
0.105158 1.504132
0.105053 1.503800
0.104948 1.503606
0.104843 1.503786
0.104738 1.503928
0.104633 1.503702
0.104528 1.503496
0.104424 1.503549
0.104319 1.503654
0.104215 1.503676
0.104111 1.503618
0.104007 1.503532
0.103903 1.503492
0.103799 1.503440
0.103695 1.503618
0.103591 1.503736
0.103488 1.503891
0.103384 1.503886
0.103281 1.503819
0.103178 1.503760
0.103074 1.503576
0.102971 1.503451
0.102868 1.503749
0.102766 1.504037
0.102663 1.503987
0.102560 1.503902
0.102458 1.503870
0.102355 1.503905
0.102253 1.503928
0.102150 1.503746
0.102048 1.503508
0.101946 1.503286
0.101844 1.503516
0.101742 1.504134
0.101641 1.504323
0.101539 1.504048
0.101438 1.503855
0.101336 1.503635
0.101235 1.503758
0.101134 1.503890
0.101032 1.503878
0.100931 1.503951
0.100830 1.503648
0.100730 1.503483
0.100629 1.503789
0.100528 1.503817
0.100428 1.503734
0.100327 1.503793
0.100227 1.503966
0.100127 1.503926
0.100027 1.503857
0.099927 1.503880
