T Cv
2.497500 1.500797
2.495003 1.500826
2.492507 1.500850
2.490015 1.500896
2.487525 1.500852
2.485037 1.500860
2.482552 1.500836
2.480070 1.500866
2.477590 1.500919
2.475112 1.500966
2.472637 1.500949
2.470164 1.500900
2.467694 1.500802
2.465227 1.500879
2.462761 1.500851
2.460299 1.500854
2.457838 1.500910
2.455380 1.500965
2.452925 1.500876
2.450472 1.500830
2.448022 1.500914
2.445574 1.501002
2.443128 1.501008
2.440685 1.500929
2.438244 1.500941
2.435806 1.500942
2.433370 1.500872
2.430937 1.500860
2.428506 1.500919
2.426077 1.500841
2.423651 1.500852
2.421228 1.500874
2.418806 1.500830
2.416388 1.500805
2.413971 1.500843
2.411557 1.500917
2.409146 1.500939
2.406737 1.500927
2.404330 1.500909
2.401926 1.500890
2.399524 1.500879
2.397124 1.500948
2.394727 1.500896
2.392332 1.500865
2.389940 1.500867
2.387550 1.500849
2.385162 1.500862
2.382777 1.500848
2.380394 1.500856
2.378014 1.500920
2.375636 1.500887
2.373260 1.500837
2.370887 1.500834
2.368516 1.500791
2.366148 1.500844
2.363782 1.500918
2.361418 1.500897
2.359056 1.500855
2.356697 1.500851
2.354341 1.500859
2.351986 1.500893
2.349634 1.500892
2.347285 1.500868
2.344937 1.500856
2.342592 1.500910
2.340250 1.500872
2.337910 1.500862
2.335572 1.500925
2.333236 1.500968
2.330903 1.500949
2.328572 1.500838
2.326243 1.500807
2.323917 1.500851
2.321593 1.500859
2.319272 1.500835
2.316952 1.500860
2.314635 1.500836
2.312321 1.500822
2.310009 1.500775
2.307698 1.500822
2.305391 1.500843
2.303085 1.500876
2.300782 1.500916
2.298482 1.500966
2.296183 1.500891
2.293887 1.500833
2.291593 1.500823
2.289301 1.500808
2.287012 1.500811
2.284725 1.500766
2.282440 1.500728
2.280158 1.500831
2.277878 1.500801
2.275600 1.500751
2.273324 1.500747
2.271051 1.500863
2.268780 1.500839
2.266511 1.500836
2.264245 1.500827
2.261980 1.500796
2.259718 1.500841
2.257459 1.500890
2.255201 1.500820
2.252946 1.500862
2.250693 1.500922
2.248442 1.500904
2.246194 1.500875
2.243948 1.500846
2.241704 1.500819
2.239462 1.500857
2.237223 1.500868
2.234985 1.500886
2.232750 1.500865
2.230518 1.500867
2.228287 1.500896
2.226059 1.500852
2.223833 1.500919
2.221609 1.500941
2.219387 1.500876
2.217168 1.500890
2.214951 1.500842
2.212736 1.500853
2.210523 1.500814
2.208313 1.500792
2.206104 1.500860
2.203898 1.500861
2.201694 1.500818
2.199493 1.500814
2.197293 1.500858
2.195096 1.500859
2.192901 1.500882
2.190708 1.500879
2.188517 1.500882
2.186329 1.500831
2.184142 1.500899
2.181958 1.500887
2.179776 1.500871
2.177596 1.500840
2.175419 1.500817
2.173243 1.500832
2.171070 1.500833
2.168899 1.500843
2.166730 1.500832
2.164563 1.500797
2.162399 1.500824
2.160236 1.500849
2.158076 1.500875
2.155918 1.500869
2.153762 1.500868
2.151608 1.500895
2.149457 1.500840
2.147307 1.500840
2.145160 1.500803
2.143015 1.500787
2.140872 1.500846
2.138731 1.500849
2.136592 1.500833
2.134456 1.500836
2.132321 1.500775
2.130189 1.500793
2.128059 1.500913
2.125931 1.500879
2.123805 1.500812
2.121681 1.500799
2.119559 1.500843
2.117440 1.500794
2.115322 1.500825
2.113207 1.500888
2.111094 1.500823
2.108983 1.500838
2.106874 1.500926
2.104767 1.500880
2.102662 1.500881
2.100559 1.500838
2.098459 1.500739
2.096360 1.500806
2.094264 1.500852
2.092170 1.500848
2.090078 1.500797
2.087987 1.500763
2.085899 1.500830
2.083814 1.500845
2.081730 1.500869
2.079648 1.500914
2.077568 1.500836
2.075491 1.500762
2.073415 1.500764
2.071342 1.500791
2.069271 1.500812
2.067201 1.500828
2.065134 1.500828
2.063069 1.500821
2.061006 1.500824
2.058945 1.500850
2.056886 1.500793
2.054829 1.500709
2.052774 1.500712
2.050721 1.500774
2.048671 1.500797
2.046622 1.500811
2.044575 1.500741
2.042531 1.500724
2.040488 1.500732
2.038448 1.500752
2.036409 1.500821
2.034373 1.500856
2.032339 1.500815
2.030306 1.500786
2.028276 1.500771
2.026248 1.500805
2.024221 1.500840
2.022197 1.500760
2.020175 1.500730
2.018155 1.500772
2.016137 1.500790
2.014121 1.500757
2.012106 1.500766
2.010094 1.500768
2.008084 1.500823
2.006076 1.500850
2.004070 1.500865
2.002066 1.500868
2.000064 1.500857
1.998064 1.500807
1.996066 1.500810
1.994070 1.500758
1.992076 1.500713
1.990084 1.500752
1.988094 1.500751
1.986105 1.500766
1.984119 1.500772
1.982135 1.500786
1.980153 1.500752
1.978173 1.500774
1.976195 1.500771
1.974219 1.500732
1.972244 1.500774
1.970272 1.500866
1.968302 1.500842
1.966334 1.500785
1.964367 1.500751
1.962403 1.500782
1.960440 1.500791
1.958480 1.500757
1.956521 1.500780
1.954565 1.500767
1.952610 1.500743
1.950658 1.500721
1.948707 1.500796
1.946758 1.500769
1.944812 1.500772
1.942867 1.500795
1.940924 1.500755
1.938983 1.500766
1.937044 1.500775
1.935107 1.500797
1.933172 1.500789
1.931239 1.500768
1.929308 1.500741
1.927378 1.500742
1.925451 1.500865
1.923525 1.500909
1.921602 1.500884
1.919680 1.500822
1.917761 1.500784
1.915843 1.500759
1.913927 1.500722
1.912013 1.500711
1.910101 1.500691
1.908191 1.500690
1.906283 1.500714
1.904376 1.500704
1.902472 1.500719
1.900570 1.500754
1.898669 1.500725
1.896770 1.500723
1.894874 1.500697
1.892979 1.500682
1.891086 1.500746
1.889195 1.500744
1.887305 1.500734
1.885418 1.500699
1.883533 1.500642
1.881649 1.500663
1.879768 1.500706
1.877888 1.500726
1.876010 1.500664
1.874134 1.500679
1.872260 1.500717
1.870388 1.500729
1.868517 1.500756
1.866649 1.500732
1.864782 1.500730
1.862917 1.500764
1.861054 1.500739
1.859193 1.500703
1.857334 1.500723
1.855477 1.500696
1.853621 1.500723
1.851768 1.500694
1.849916 1.500717
1.848066 1.500706
1.846218 1.500684
1.844372 1.500683
1.842527 1.500691
1.840685 1.500733
1.838844 1.500736
1.837005 1.500722
1.835168 1.500730
1.833333 1.500742
1.831500 1.500745
1.829668 1.500705
1.827839 1.500688
1.826011 1.500731
1.824185 1.500717
1.822360 1.500701
1.820538 1.500714
1.818718 1.500723
1.816899 1.500670
1.815082 1.500720
1.813267 1.500740
1.811454 1.500690
1.809642 1.500632
1.807833 1.500621
1.806025 1.500628
1.804219 1.500640
1.802414 1.500678
1.800612 1.500689
1.798811 1.500714
1.797013 1.500721
1.795216 1.500793
1.793420 1.500780
1.791627 1.500806
1.789835 1.500762
1.788045 1.500761
1.786257 1.500813
1.784471 1.500777
1.782687 1.500780
1.780904 1.500781
1.779123 1.500727
1.777344 1.500783
1.775567 1.500792
1.773791 1.500786
1.772017 1.500796
1.770245 1.500766
1.768475 1.500792
1.766707 1.500758
1.764940 1.500751
1.763175 1.500711
1.761412 1.500692
1.759650 1.500727
1.757891 1.500746
1.756133 1.500696
1.754377 1.500730
1.752622 1.500716
1.750870 1.500725
1.749119 1.500721
1.747370 1.500719
1.745622 1.500720
1.743877 1.500701
1.742133 1.500731
1.740391 1.500712
1.738650 1.500749
1.736912 1.500739
1.735175 1.500678
1.733440 1.500696
1.731706 1.500690
1.729974 1.500721
1.728244 1.500687
1.726516 1.500668
1.724790 1.500709
1.723065 1.500673
1.721342 1.500647
1.719620 1.500684
1.717901 1.500700
1.716183 1.500735
1.714467 1.500691
1.712752 1.500665
1.711040 1.500697
1.709329 1.500704
1.707619 1.500689
1.705912 1.500715
1.704206 1.500715
1.702501 1.500682
1.700799 1.500686
1.699098 1.500784
1.697399 1.500784
1.695702 1.500703
1.694006 1.500658
1.692312 1.500659
1.690620 1.500629
1.688929 1.500654
1.687240 1.500682
1.685553 1.500726
1.683867 1.500670
1.682183 1.500626
1.680501 1.500672
1.678821 1.500643
1.677142 1.500579
1.675465 1.500569
1.673789 1.500656
1.672116 1.500699
1.670443 1.500715
1.668773 1.500794
1.667104 1.500743
1.665437 1.500726
1.663772 1.500750
1.662108 1.500743
1.660446 1.500696
1.658785 1.500651
1.657127 1.500649
1.655469 1.500681
1.653814 1.500674
1.652160 1.500674
1.650508 1.500614
1.648857 1.500651
1.647209 1.500687
1.645561 1.500713
1.643916 1.500696
1.642272 1.500681
1.640630 1.500704
1.638989 1.500723
1.637350 1.500710
1.635713 1.500634
1.634077 1.500644
1.632443 1.500656
1.630810 1.500649
1.629180 1.500645
1.627550 1.500618
1.625923 1.500613
1.624297 1.500663
1.622673 1.500707
1.621050 1.500722
1.619429 1.500705
1.617810 1.500657
1.616192 1.500674
1.614576 1.500714
1.612961 1.500669
1.611348 1.500650
1.609737 1.500678
1.608127 1.500743
1.606519 1.500702
1.604912 1.500628
1.603307 1.500624
1.601704 1.500617
1.600102 1.500641
1.598502 1.500675
1.596904 1.500682
1.595307 1.500671
1.593712 1.500669
1.592118 1.500651
1.590526 1.500596
1.588935 1.500660
1.587346 1.500709
1.585759 1.500702
1.584173 1.500670
1.582589 1.500618
1.581006 1.500633
1.579425 1.500667
1.577846 1.500669
1.576268 1.500664
1.574692 1.500655
1.573117 1.500653
1.571544 1.500669
1.569972 1.500657
1.568402 1.500626
1.566834 1.500601
1.565267 1.500618
1.563702 1.500627
1.562138 1.500660
1.560576 1.500674
1.559016 1.500677
1.557457 1.500653
1.555899 1.500624
1.554343 1.500679
1.552789 1.500683
1.551236 1.500670
1.549685 1.500660
1.548135 1.500698
1.546587 1.500708
1.545040 1.500691
1.543495 1.500648
1.541952 1.500681
1.540410 1.500721
1.538870 1.500672
1.537331 1.500666
1.535793 1.500675
1.534258 1.500625
1.532723 1.500606
1.531191 1.500591
1.529659 1.500621
1.528130 1.500629
1.526602 1.500596
1.525075 1.500620
1.523550 1.500622
1.522026 1.500606
1.520504 1.500624
1.518984 1.500644
1.517465 1.500607
1.515947 1.500632
1.514431 1.500711
1.512917 1.500687
1.511404 1.500605
1.509893 1.500614
1.508383 1.500685
1.506874 1.500681
1.505368 1.500698
1.503862 1.500740
1.502358 1.500698
1.500856 1.500687
1.499355 1.500682
1.497856 1.500646
1.496358 1.500644
1.494862 1.500633
1.493367 1.500605
1.491873 1.500643
1.490381 1.500657
1.488891 1.500605
1.487402 1.500611
1.485915 1.500667
1.484429 1.500695
1.482944 1.500666
1.481461 1.500594
1.479980 1.500601
1.478500 1.500628
1.477021 1.500584
1.475544 1.500582
1.474069 1.500596
1.472595 1.500613
1.471122 1.500644
1.469651 1.500609
1.468181 1.500582
1.466713 1.500558
1.465247 1.500548
1.463781 1.500596
1.462318 1.500634
1.460855 1.500620
1.459394 1.500617
1.457935 1.500584
1.456477 1.500548
1.455021 1.500563
1.453566 1.500557
1.452112 1.500583
1.450660 1.500620
1.449209 1.500591
1.447760 1.500612
1.446312 1.500628
1.444866 1.500698
1.443421 1.500712
1.441978 1.500645
1.440536 1.500609
1.439095 1.500628
1.437656 1.500636
1.436218 1.500650
1.434782 1.500647
1.433347 1.500606
1.431914 1.500584
1.430482 1.500638
1.429052 1.500622
1.427623 1.500580
1.426195 1.500571
1.424769 1.500565
1.423344 1.500582
1.421921 1.500589
1.420499 1.500586
1.419078 1.500602
1.417659 1.500599
1.416242 1.500619
1.414825 1.500657
1.413410 1.500672
1.411997 1.500641
1.410585 1.500580
1.409174 1.500558
1.407765 1.500573
1.406358 1.500595
1.404951 1.500594
1.403546 1.500589
1.402143 1.500573
1.400741 1.500586
1.399340 1.500606
1.397940 1.500582
1.396542 1.500555
1.395146 1.500563
1.393751 1.500607
1.392357 1.500602
1.390965 1.500561
1.389574 1.500555
1.388184 1.500602
1.386796 1.500642
1.385409 1.500594
1.384024 1.500569
1.382640 1.500586
1.381257 1.500614
1.379876 1.500634
1.378496 1.500632
1.377117 1.500657
1.375740 1.500662
1.374365 1.500613
1.372990 1.500584
1.371617 1.500618
1.370246 1.500616
1.368875 1.500617
1.367507 1.500605
1.366139 1.500618
1.364773 1.500623
1.363408 1.500614
1.362045 1.500612
1.360683 1.500606
1.359322 1.500579
1.357963 1.500574
1.356605 1.500620
1.355248 1.500633
1.353893 1.500586
1.352539 1.500559
1.351186 1.500542
1.349835 1.500555
1.348485 1.500539
1.347137 1.500546
1.345790 1.500552
1.344444 1.500556
1.343100 1.500557
1.341756 1.500589
1.340415 1.500571
1.339074 1.500563
1.337735 1.500563
1.336397 1.500567
1.335061 1.500612
1.333726 1.500658
1.332392 1.500640
1.331060 1.500593
1.329729 1.500578
1.328399 1.500577
1.327071 1.500602
1.325744 1.500597
1.324418 1.500574
1.323093 1.500532
1.321770 1.500544
1.320449 1.500560
1.319128 1.500604
1.317809 1.500611
1.316491 1.500569
1.315175 1.500541
1.313860 1.500564
1.312546 1.500599
1.311233 1.500613
1.309922 1.500617
1.308612 1.500584
1.307303 1.500549
1.305996 1.500534
1.304690 1.500486
1.303385 1.500518
1.302082 1.500549
1.300780 1.500591
1.299479 1.500589
1.298180 1.500580
1.296881 1.500585
1.295585 1.500574
1.294289 1.500552
1.292995 1.500568
1.291702 1.500589
1.290410 1.500591
1.289120 1.500556
1.287830 1.500527
1.286543 1.500523
1.285256 1.500518
1.283971 1.500496
1.282687 1.500501
1.281404 1.500517
1.280123 1.500537
1.278843 1.500518
1.277564 1.500500
1.276286 1.500488
1.275010 1.500484
1.273735 1.500521
1.272461 1.500568
1.271189 1.500569
1.269918 1.500548
1.268648 1.500534
1.267379 1.500549
1.266112 1.500564
1.264846 1.500547
1.263581 1.500572
1.262317 1.500615
1.261055 1.500609
1.259794 1.500574
1.258534 1.500549
1.257275 1.500549
1.256018 1.500544
1.254762 1.500562
1.253507 1.500576
1.252254 1.500571
1.251002 1.500577
1.249751 1.500577
1.248501 1.500577
1.247252 1.500579
1.246005 1.500542
1.244759 1.500568
1.243514 1.500579
1.242271 1.500530
1.241029 1.500546
1.239788 1.500578
1.238548 1.500538
1.237309 1.500500
1.236072 1.500515
1.234836 1.500516
1.233601 1.500549
1.232367 1.500570
1.231135 1.500574
1.229904 1.500556
1.228674 1.500551
1.227445 1.500527
1.226218 1.500520
1.224992 1.500531
1.223767 1.500533
1.222543 1.500535
1.221320 1.500537
1.220099 1.500553
1.218879 1.500584
1.217660 1.500604
1.216442 1.500629
1.215226 1.500640
1.214011 1.500586
1.212797 1.500586
1.211584 1.500645
1.210372 1.500622
1.209162 1.500575
1.207953 1.500585
1.206745 1.500620
1.205538 1.500577
1.204333 1.500509
1.203128 1.500502
1.201925 1.500518
1.200723 1.500498
1.199522 1.500468
1.198323 1.500523
1.197125 1.500548
1.195927 1.500498
1.194732 1.500502
1.193537 1.500550
1.192343 1.500555
1.191151 1.500539
1.189960 1.500553
1.188770 1.500536
1.187581 1.500545
1.186393 1.500559
1.185207 1.500564
1.184022 1.500549
1.182838 1.500532
1.181655 1.500544
1.180473 1.500536
1.179293 1.500519
1.178114 1.500532
1.176935 1.500553
1.175759 1.500574
1.174583 1.500558
1.173408 1.500562
1.172235 1.500544
1.171063 1.500555
1.169891 1.500579
1.168722 1.500561
1.167553 1.500552
1.166385 1.500541
1.165219 1.500524
1.164054 1.500515
1.162890 1.500528
1.161727 1.500537
1.160565 1.500538
1.159404 1.500551
1.158245 1.500541
1.157087 1.500509
1.155930 1.500516
1.154774 1.500502
1.153619 1.500550
1.152465 1.500609
1.151313 1.500573
1.150162 1.500575
1.149011 1.500589
1.147862 1.500577
1.146715 1.500549
1.145568 1.500550
1.144422 1.500578
1.143278 1.500554
1.142135 1.500545
1.140992 1.500534
1.139851 1.500525
1.138712 1.500520
1.137573 1.500512
1.136435 1.500485
1.135299 1.500485
1.134164 1.500482
1.133029 1.500491
1.131896 1.500484
1.130765 1.500485
1.129634 1.500530
1.128504 1.500575
1.127376 1.500566
1.126248 1.500551
1.125122 1.500532
1.123997 1.500540
1.122873 1.500550
1.121750 1.500580
1.120628 1.500589
1.119508 1.500573
1.118388 1.500584
1.117270 1.500543
1.116152 1.500503
1.115036 1.500504
1.113921 1.500521
1.112807 1.500526
1.111695 1.500539
1.110583 1.500540
1.109472 1.500480
1.108363 1.500467
1.107254 1.500483
1.106147 1.500504
1.105041 1.500496
1.103936 1.500498
1.102832 1.500500
1.101729 1.500509
1.100627 1.500539
1.099527 1.500550
1.098427 1.500544
1.097329 1.500530
1.096232 1.500485
1.095135 1.500456
1.094040 1.500475
1.092946 1.500497
1.091853 1.500500
1.090761 1.500495
1.089671 1.500491
1.088581 1.500497
1.087492 1.500535
1.086405 1.500535
1.085318 1.500514
1.084233 1.500498
1.083149 1.500516
1.082066 1.500530
1.080984 1.500545
1.079903 1.500542
1.078823 1.500521
1.077744 1.500521
1.076666 1.500546
1.075590 1.500555
1.074514 1.500550
1.073439 1.500541
1.072366 1.500518
1.071294 1.500521
1.070222 1.500540
1.069152 1.500547
1.068083 1.500551
1.067015 1.500518
1.065948 1.500494
1.064882 1.500523
1.063817 1.500546
1.062753 1.500530
1.061690 1.500520
1.060629 1.500503
1.059568 1.500483
1.058509 1.500478
1.057450 1.500500
1.056393 1.500470
1.055336 1.500495
1.054281 1.500538
1.053227 1.500520
1.052173 1.500500
1.051121 1.500525
1.050070 1.500531
1.049020 1.500522
1.047971 1.500525
1.046923 1.500531
1.045876 1.500512
1.044830 1.500502
1.043785 1.500505
1.042742 1.500493
1.041699 1.500494
1.040657 1.500495
1.039617 1.500489
1.038577 1.500488
1.037538 1.500485
1.036501 1.500514
1.035464 1.500532
1.034429 1.500537
1.033394 1.500530
1.032361 1.500485
1.031329 1.500473
1.030297 1.500503
1.029267 1.500487
1.028238 1.500515
1.027210 1.500566
1.026182 1.500574
1.025156 1.500565
1.024131 1.500530
1.023107 1.500484
1.022084 1.500481
1.021062 1.500547
1.020041 1.500612
1.019021 1.500596
1.018002 1.500595
1.016984 1.500589
1.015967 1.500536
1.014951 1.500492
1.013936 1.500464
1.012922 1.500415
1.011909 1.500428
1.010897 1.500450
1.009886 1.500450
1.008876 1.500444
1.007867 1.500457
1.006859 1.500480
1.005852 1.500487
1.004847 1.500496
1.003842 1.500473
1.002838 1.500474
1.001835 1.500499
1.000833 1.500498
0.999832 1.500480
0.998833 1.500473
0.997834 1.500523
0.996836 1.500539
0.995839 1.500506
0.994843 1.500496
0.993848 1.500508
0.992855 1.500485
0.991862 1.500474
0.990870 1.500498
0.989879 1.500507
0.988889 1.500482
0.987900 1.500471
0.986912 1.500501
0.985925 1.500521
0.984939 1.500526
0.983955 1.500514
0.982971 1.500515
0.981988 1.500534
0.981006 1.500537
0.980025 1.500540
0.979045 1.500534
0.978066 1.500537
0.977087 1.500535
0.976110 1.500509
0.975134 1.500478
0.974159 1.500468
0.973185 1.500486
0.972212 1.500511
0.971240 1.500492
0.970268 1.500457
0.969298 1.500451
0.968329 1.500483
0.967360 1.500519
0.966393 1.500544
0.965427 1.500547
0.964461 1.500527
0.963497 1.500483
0.962533 1.500434
0.961571 1.500452
0.960609 1.500498
0.959649 1.500519
0.958689 1.500502
0.957730 1.500461
0.956773 1.500485
0.955816 1.500522
0.954860 1.500519
0.953905 1.500499
0.952951 1.500466
0.951998 1.500468
0.951046 1.500481
0.950095 1.500501
0.949145 1.500512
0.948196 1.500500
0.947248 1.500476
0.946301 1.500483
0.945354 1.500485
0.944409 1.500485
0.943464 1.500465
0.942521 1.500464
0.941578 1.500454
0.940637 1.500447
0.939696 1.500457
0.938757 1.500468
0.937818 1.500490
0.936880 1.500518
0.935943 1.500523
0.935007 1.500497
0.934072 1.500460
0.933138 1.500451
0.932205 1.500475
0.931273 1.500467
0.930341 1.500473
0.929411 1.500527
0.928482 1.500524
0.927553 1.500509
0.926626 1.500509
0.925699 1.500530
0.924773 1.500544
0.923849 1.500537
0.922925 1.500527
0.922002 1.500502
0.921080 1.500482
0.920159 1.500474
0.919239 1.500471
0.918319 1.500460
0.917401 1.500435
0.916484 1.500446
0.915567 1.500451
0.914652 1.500449
0.913737 1.500491
0.912823 1.500516
0.911910 1.500512
0.910998 1.500501
0.910087 1.500506
0.909177 1.500523
0.908268 1.500504
0.907360 1.500506
0.906453 1.500496
0.905546 1.500497
0.904641 1.500511
0.903736 1.500492
0.902832 1.500460
0.901929 1.500476
0.901027 1.500502
0.900126 1.500481
0.899226 1.500460
0.898327 1.500499
0.897429 1.500512
0.896531 1.500476
0.895635 1.500452
0.894739 1.500475
0.893844 1.500504
0.892951 1.500488
0.892058 1.500459
0.891166 1.500466
0.890274 1.500477
0.889384 1.500486
0.888495 1.500506
0.887606 1.500490
0.886719 1.500441
0.885832 1.500401
0.884946 1.500418
0.884061 1.500442
0.883177 1.500476
0.882294 1.500504
0.881412 1.500501
0.880530 1.500489
0.879650 1.500461
0.878770 1.500438
0.877891 1.500459
0.877013 1.500491
0.876136 1.500472
0.875260 1.500437
0.874385 1.500436
0.873511 1.500472
0.872637 1.500491
0.871764 1.500511
0.870893 1.500498
0.870022 1.500513
0.869152 1.500533
0.868283 1.500513
0.867414 1.500474
0.866547 1.500454
0.865680 1.500471
0.864815 1.500490
0.863950 1.500501
0.863086 1.500491
0.862223 1.500482
0.861361 1.500458
0.860499 1.500417
0.859639 1.500413
0.858779 1.500435
0.857920 1.500443
0.857062 1.500437
0.856205 1.500433
0.855349 1.500424
0.854494 1.500428
0.853639 1.500459
0.852786 1.500486
0.851933 1.500470
0.851081 1.500456
0.850230 1.500472
0.849380 1.500486
0.848530 1.500463
0.847682 1.500462
0.846834 1.500476
0.845987 1.500460
0.845141 1.500436
0.844296 1.500428
0.843452 1.500424
0.842608 1.500425
0.841766 1.500444
0.840924 1.500457
0.840083 1.500481
0.839243 1.500526
0.838404 1.500536
0.837565 1.500505
0.836728 1.500519
0.835891 1.500583
0.835055 1.500616
0.834220 1.500579
0.833386 1.500519
0.832552 1.500507
0.831720 1.500497
0.830888 1.500458
0.830057 1.500464
0.829227 1.500502
0.828398 1.500504
0.827570 1.500487
0.826742 1.500479
0.825915 1.500491
0.825089 1.500489
0.824264 1.500459
0.823440 1.500453
0.822617 1.500480
0.821794 1.500508
0.820972 1.500494
0.820151 1.500456
0.819331 1.500447
0.818512 1.500466
0.817693 1.500468
0.816875 1.500459
0.816059 1.500448
0.815243 1.500456
0.814427 1.500476
0.813613 1.500492
0.812799 1.500493
0.811986 1.500483
0.811174 1.500491
0.810363 1.500542
0.809553 1.500545
0.808743 1.500528
0.807935 1.500520
0.807127 1.500512
0.806320 1.500516
0.805513 1.500511
0.804708 1.500507
0.803903 1.500510
0.803099 1.500505
0.802296 1.500505
0.801494 1.500501
0.800692 1.500497
0.799892 1.500499
0.799092 1.500506
0.798293 1.500488
0.797494 1.500480
0.796697 1.500495
0.795900 1.500507
0.795104 1.500518
0.794309 1.500517
0.793515 1.500498
0.792721 1.500474
0.791929 1.500468
0.791137 1.500480
0.790345 1.500497
0.789555 1.500502
0.788766 1.500498
0.787977 1.500485
0.787189 1.500454
0.786402 1.500444
0.785615 1.500493
0.784830 1.500517
0.784045 1.500534
0.783261 1.500549
0.782477 1.500525
0.781695 1.500509
0.780913 1.500498
0.780132 1.500491
0.779352 1.500510
0.778573 1.500523
0.777794 1.500530
0.777017 1.500499
0.776240 1.500477
0.775463 1.500472
0.774688 1.500488
0.773913 1.500503
0.773139 1.500502
0.772366 1.500478
0.771594 1.500474
0.770822 1.500469
0.770051 1.500484
0.769281 1.500502
0.768512 1.500478
0.767743 1.500447
0.766976 1.500468
0.766209 1.500525
0.765443 1.500557
0.764677 1.500563
0.763912 1.500555
0.763148 1.500514
0.762385 1.500446
0.761623 1.500455
0.760861 1.500488
0.760100 1.500486
0.759340 1.500475
0.758581 1.500500
0.757822 1.500518
0.757065 1.500511
0.756308 1.500511
0.755551 1.500501
0.754796 1.500492
0.754041 1.500488
0.753287 1.500494
0.752534 1.500539
0.751781 1.500560
0.751029 1.500521
0.750278 1.500507
0.749528 1.500508
0.748778 1.500509
0.748030 1.500487
0.747282 1.500470
0.746534 1.500459
0.745788 1.500479
0.745042 1.500497
0.744297 1.500524
0.743553 1.500572
0.742809 1.500603
0.742066 1.500590
0.741324 1.500543
0.740583 1.500498
0.739842 1.500501
0.739102 1.500526
0.738363 1.500535
0.737625 1.500544
0.736887 1.500581
0.736151 1.500587
0.735414 1.500561
0.734679 1.500552
0.733944 1.500548
0.733210 1.500533
0.732477 1.500551
0.731745 1.500596
0.731013 1.500611
0.730282 1.500572
0.729552 1.500551
0.728822 1.500560
0.728093 1.500576
0.727365 1.500571
0.726638 1.500564
0.725911 1.500567
0.725185 1.500542
0.724460 1.500534
0.723736 1.500562
0.723012 1.500572
0.722289 1.500571
0.721567 1.500590
0.720845 1.500593
0.720124 1.500575
0.719404 1.500583
0.718685 1.500566
0.717966 1.500537
0.717248 1.500556
0.716531 1.500558
0.715814 1.500526
0.715098 1.500538
0.714383 1.500560
0.713669 1.500557
0.712955 1.500574
0.712242 1.500646
0.711530 1.500666
0.710818 1.500597
0.710108 1.500595
0.709398 1.500636
0.708688 1.500655
0.707979 1.500634
0.707271 1.500651
0.706564 1.500704
0.705858 1.500688
0.705152 1.500655
0.704447 1.500668
0.703742 1.500717
0.703038 1.500747
0.702335 1.500723
0.701633 1.500646
0.700931 1.500620
0.700231 1.500645
0.699530 1.500645
0.698831 1.500621
0.698132 1.500624
0.697434 1.500619
0.696736 1.500652
0.696040 1.500676
0.695344 1.500617
0.694648 1.500590
0.693954 1.500615
0.693260 1.500616
0.692566 1.500611
0.691874 1.500651
0.691182 1.500716
0.690491 1.500730
0.689800 1.500708
0.689110 1.500692
0.688421 1.500707
0.687733 1.500697
0.687045 1.500692
0.686358 1.500721
0.685672 1.500740
0.684986 1.500744
0.684301 1.500704
0.683617 1.500642
0.682933 1.500670
0.682250 1.500718
0.681568 1.500710
0.680886 1.500708
0.680206 1.500691
0.679525 1.500701
0.678846 1.500689
0.678167 1.500678
0.677489 1.500673
0.676811 1.500658
0.676135 1.500696
0.675458 1.500730
0.674783 1.500711
0.674108 1.500699
0.673434 1.500711
0.672761 1.500727
0.672088 1.500745
0.671416 1.500711
0.670744 1.500672
0.670074 1.500660
0.669404 1.500658
0.668734 1.500667
0.668065 1.500696
0.667397 1.500704
0.666730 1.500719
0.666063 1.500740
0.665397 1.500709
0.664732 1.500705
0.664067 1.500704
0.663403 1.500687
0.662740 1.500668
0.662077 1.500658
0.661415 1.500657
0.660753 1.500676
0.660093 1.500707
0.659432 1.500671
0.658773 1.500648
0.658114 1.500698
0.657456 1.500728
0.656799 1.500733
0.656142 1.500705
0.655486 1.500707
0.654830 1.500718
0.654175 1.500727
0.653521 1.500752
0.652868 1.500744
0.652215 1.500775
0.651563 1.500739
0.650911 1.500775
0.650260 1.500822
0.649610 1.500812
0.648960 1.500787
0.648311 1.500791
0.647663 1.500838
0.647015 1.500843
0.646368 1.500799
0.645722 1.500771
0.645076 1.500736
0.644431 1.500755
0.643787 1.500788
0.643143 1.500766
0.642500 1.500705
0.641857 1.500665
0.641215 1.500672
0.640574 1.500757
0.639934 1.500751
0.639294 1.500734
0.638654 1.500752
0.638016 1.500724
0.637378 1.500772
0.636740 1.500831
0.636104 1.500842
0.635468 1.500874
0.634832 1.500889
0.634197 1.500813
0.633563 1.500771
0.632930 1.500809
0.632297 1.500804
0.631664 1.500807
0.631033 1.500835
0.630402 1.500818
0.629771 1.500761
0.629141 1.500770
0.628512 1.500796
0.627884 1.500783
0.627256 1.500764
0.626629 1.500776
0.626002 1.500833
0.625376 1.500869
0.624751 1.500807
0.624126 1.500742
0.623502 1.500757
0.622878 1.500805
0.622255 1.500784
0.621633 1.500755
0.621011 1.500796
0.620390 1.500829
0.619770 1.500845
0.619150 1.500876
0.618531 1.500912
0.617913 1.500874
0.617295 1.500846
0.616677 1.500863
0.616061 1.500825
0.615445 1.500878
0.614829 1.500885
0.614214 1.500818
0.613600 1.500822
0.612987 1.500872
0.612374 1.500906
0.611761 1.500880
0.611149 1.500840
0.610538 1.500855
0.609928 1.500870
0.609318 1.500922
0.608709 1.500987
0.608100 1.500920
0.607492 1.500895
0.606884 1.500930
0.606277 1.500913
0.605671 1.500884
0.605065 1.500897
0.604460 1.500863
0.603856 1.500841
0.603252 1.500856
0.602649 1.500895
0.602046 1.500975
0.601444 1.500953
0.600843 1.500840
0.600242 1.500844
0.599642 1.500956
0.599042 1.500982
0.598443 1.500940
0.597844 1.500924
0.597247 1.500924
0.596649 1.500900
0.596053 1.500856
0.595457 1.500851
0.594861 1.500902
0.594266 1.500975
0.593672 1.500960
0.593078 1.500961
0.592485 1.501013
0.591893 1.500959
0.591301 1.500902
0.590710 1.500921
0.590119 1.500918
0.589529 1.500946
0.588939 1.500986
0.588350 1.500975
0.587762 1.501006
0.587174 1.501045
0.586587 1.500974
0.586000 1.500902
0.585414 1.500859
0.584829 1.500865
0.584244 1.500906
0.583660 1.500945
0.583076 1.500905
0.582493 1.500857
0.581911 1.500884
0.581329 1.500905
0.580747 1.500920
0.580167 1.500953
0.579587 1.500941
0.579007 1.500878
0.578428 1.500847
0.577850 1.500907
0.577272 1.500951
0.576694 1.500906
0.576118 1.500840
0.575542 1.500823
0.574966 1.500824
0.574391 1.500827
0.573817 1.500847
0.573243 1.500775
0.572670 1.500777
0.572097 1.500848
0.571525 1.500836
0.570953 1.500825
0.570382 1.500892
0.569812 1.500902
0.569242 1.500805
0.568673 1.500768
0.568104 1.500822
0.567536 1.500850
0.566969 1.500852
0.566402 1.500931
0.565835 1.500936
0.565269 1.500792
0.564704 1.500728
0.564139 1.500767
0.563575 1.500801
0.563012 1.500804
0.562449 1.500814
0.561886 1.500821
0.561324 1.500833
0.560763 1.500911
0.560202 1.500918
0.559642 1.500885
0.559082 1.500924
0.558523 1.500985
0.557965 1.500957
0.557407 1.500906
0.556850 1.500884
0.556293 1.500913
0.555736 1.500935
0.555181 1.500925
0.554625 1.500909
0.554071 1.500909
0.553517 1.500913
0.552963 1.500871
0.552410 1.500877
0.551858 1.500875
0.551306 1.500822
0.550755 1.500786
0.550204 1.500849
0.549654 1.500870
0.549104 1.500829
0.548555 1.500862
0.548006 1.500934
0.547458 1.500937
0.546911 1.500898
0.546364 1.500909
0.545818 1.500982
0.545272 1.501021
0.544727 1.500989
0.544182 1.501009
0.543638 1.501023
0.543094 1.500990
0.542551 1.500935
0.542008 1.500853
0.541466 1.500852
0.540925 1.500899
0.540384 1.500924
0.539844 1.500960
0.539304 1.501040
0.538764 1.501137
0.538226 1.501089
0.537687 1.500924
0.537150 1.500877
0.536613 1.500900
0.536076 1.500965
0.535540 1.501008
0.535004 1.500971
0.534469 1.500961
0.533935 1.500959
0.533401 1.500932
0.532868 1.500992
0.532335 1.501051
0.531802 1.501055
0.531271 1.500989
0.530739 1.500913
0.530209 1.500882
0.529678 1.500859
0.529149 1.500924
0.528620 1.501009
0.528091 1.501057
0.527563 1.501016
0.527035 1.500934
0.526508 1.500891
0.525982 1.500871
0.525456 1.500890
0.524930 1.500934
0.524405 1.500944
0.523881 1.501004
0.523357 1.501004
0.522834 1.500978
0.522311 1.500983
0.521789 1.500939
0.521267 1.500907
0.520746 1.500977
0.520225 1.501022
0.519705 1.500957
0.519185 1.500864
0.518666 1.500860
0.518147 1.500887
0.517629 1.500939
0.517111 1.501038
0.516594 1.500969
0.516078 1.500858
0.515561 1.500872
0.515046 1.500892
0.514531 1.500944
0.514016 1.501018
0.513502 1.500977
0.512989 1.500921
0.512476 1.500917
0.511963 1.500914
0.511451 1.500938
0.510940 1.500953
0.510429 1.500958
0.509919 1.500945
0.509409 1.500935
0.508899 1.500989
0.508390 1.501043
0.507882 1.501039
0.507374 1.500986
0.506867 1.500965
0.506360 1.500916
0.505853 1.500894
0.505348 1.500961
0.504842 1.500986
0.504337 1.500943
0.503833 1.500938
0.503329 1.500954
0.502826 1.500921
0.502323 1.500987
0.501821 1.500980
0.501319 1.500971
0.500818 1.500999
0.500317 1.500985
0.499816 1.500952
0.499317 1.500967
0.498817 1.500999
0.498319 1.500986
0.497820 1.500960
0.497322 1.500931
0.496825 1.500977
0.496328 1.501028
0.495832 1.501038
0.495336 1.500998
0.494841 1.500959
0.494346 1.500965
0.493852 1.500980
0.493358 1.501044
0.492864 1.501058
0.492371 1.500986
0.491879 1.500948
0.491387 1.500981
0.490896 1.501044
0.490405 1.501027
0.489915 1.500959
0.489425 1.501012
0.488935 1.501071
0.488446 1.501027
0.487958 1.500966
0.487470 1.500999
0.486982 1.501056
0.486495 1.501107
0.486009 1.501073
0.485523 1.501035
0.485037 1.501066
0.484552 1.501076
0.484068 1.501049
0.483584 1.501030
0.483100 1.501019
0.482617 1.500983
0.482134 1.500964
0.481652 1.501008
0.481171 1.501086
0.480689 1.501068
0.480209 1.501072
0.479729 1.501124
0.479249 1.501098
0.478770 1.500999
0.478291 1.500971
0.477813 1.500982
0.477335 1.500951
0.476857 1.501016
0.476381 1.501096
0.475904 1.501106
0.475428 1.501075
0.474953 1.500982
0.474478 1.500962
0.474003 1.501007
0.473529 1.500954
0.473056 1.500894
0.472583 1.500942
0.472110 1.500992
0.471638 1.501054
0.471166 1.501094
0.470695 1.500972
0.470225 1.500996
0.469754 1.501069
0.469285 1.500998
0.468815 1.500960
0.468347 1.500980
0.467878 1.500955
0.467410 1.500947
0.466943 1.501067
0.466476 1.501165
0.466009 1.501118
0.465543 1.501063
0.465078 1.501008
0.464613 1.500985
0.464148 1.501003
0.463684 1.500990
0.463220 1.500955
0.462757 1.501010
0.462294 1.501043
0.461832 1.501044
0.461370 1.501062
0.460909 1.501093
0.460448 1.501069
0.459988 1.501095
0.459528 1.501178
0.459068 1.501138
0.458609 1.501060
0.458150 1.501064
0.457692 1.501004
0.457235 1.501014
0.456777 1.501156
0.456321 1.501207
0.455864 1.501143
0.455408 1.501053
0.454953 1.501043
0.454498 1.501132
0.454043 1.501130
0.453589 1.501091
0.453136 1.501125
0.452683 1.501040
0.452230 1.500976
0.451778 1.501037
0.451326 1.501083
0.450875 1.501029
0.450424 1.501064
0.449973 1.501129
0.449523 1.501100
0.449074 1.501043
0.448625 1.500983
0.448176 1.500921
0.447728 1.500990
0.447280 1.501065
0.446833 1.501039
0.446386 1.501012
0.445940 1.501047
0.445494 1.501063
0.445048 1.501100
0.444603 1.501160
0.444159 1.501170
0.443715 1.501130
0.443271 1.501095
0.442828 1.501177
0.442385 1.501180
0.441942 1.501084
0.441500 1.501024
0.441059 1.501029
0.440618 1.501087
0.440177 1.501119
0.439737 1.501058
0.439297 1.501088
0.438858 1.501174
0.438419 1.501136
0.437981 1.501049
0.437543 1.501015
0.437105 1.501106
0.436668 1.501136
0.436231 1.501225
0.435795 1.501292
0.435359 1.501227
0.434924 1.501099
0.434489 1.501107
0.434055 1.501151
0.433621 1.501190
0.433187 1.501176
0.432754 1.501035
0.432321 1.500931
0.431889 1.500967
0.431457 1.500983
0.431025 1.501008
0.430594 1.501092
0.430164 1.501177
0.429734 1.501117
0.429304 1.501040
0.428875 1.501121
0.428446 1.501233
0.428017 1.501160
0.427589 1.501086
0.427162 1.501136
0.426734 1.501126
0.426308 1.501073
0.425881 1.501082
0.425456 1.501165
0.425030 1.501173
0.424605 1.501201
0.424180 1.501128
0.423756 1.501036
0.423332 1.501085
0.422909 1.501098
0.422486 1.501038
0.422064 1.500948
0.421642 1.500963
0.421220 1.500994
0.420799 1.500981
0.420378 1.501050
0.419958 1.501134
0.419538 1.501105
0.419118 1.501092
0.418699 1.501082
0.418280 1.501099
0.417862 1.501166
0.417444 1.501208
0.417027 1.501228
0.416610 1.501238
0.416193 1.501122
0.415777 1.501070
0.415361 1.501286
0.414946 1.501311
0.414531 1.501223
0.414116 1.501283
0.413702 1.501254
0.413289 1.501187
0.412875 1.501053
0.412462 1.501011
0.412050 1.501169
0.411638 1.501259
0.411226 1.501222
0.410815 1.501180
0.410404 1.501241
0.409994 1.501250
0.409584 1.501196
0.409174 1.501143
0.408765 1.501142
0.408356 1.501156
0.407948 1.501195
0.407540 1.501231
0.407132 1.501258
0.406725 1.501210
0.406319 1.501061
0.405912 1.501047
0.405506 1.501110
0.405101 1.501112
0.404696 1.501145
0.404291 1.501153
0.403887 1.501140
0.403483 1.501159
0.403079 1.501201
0.402676 1.501174
0.402274 1.501116
0.401871 1.501099
0.401469 1.501231
0.401068 1.501234
0.400667 1.501194
0.400266 1.501149
0.399866 1.501082
0.399466 1.501104
0.399067 1.501200
0.398668 1.501256
0.398269 1.501217
0.397871 1.501150
0.397473 1.501085
0.397075 1.501146
0.396678 1.501217
0.396282 1.501205
0.395885 1.501116
0.395489 1.501018
0.395094 1.501134
0.394699 1.501313
0.394304 1.501291
0.393910 1.501214
0.393516 1.501257
0.393122 1.501222
0.392729 1.501156
0.392337 1.501124
0.391944 1.501152
0.391552 1.501138
0.391161 1.501138
0.390770 1.501149
0.390379 1.501122
0.389988 1.501173
0.389598 1.501287
0.389209 1.501304
0.388820 1.501220
0.388431 1.501195
0.388042 1.501205
0.387654 1.501227
0.387267 1.501247
0.386879 1.501112
0.386492 1.501006
0.386106 1.501091
0.385720 1.501186
0.385334 1.501196
0.384949 1.501195
0.384564 1.501230
0.384179 1.501208
0.383795 1.501165
0.383411 1.501153
0.383028 1.501173
0.382645 1.501166
0.382262 1.501186
0.381880 1.501238
0.381498 1.501239
0.381117 1.501241
0.380735 1.501206
0.380355 1.501132
0.379974 1.501141
0.379594 1.501230
0.379215 1.501287
0.378836 1.501248
0.378457 1.501127
0.378078 1.501091
0.377700 1.501138
0.377323 1.501192
0.376945 1.501199
0.376568 1.501200
0.376192 1.501154
0.375816 1.501189
0.375440 1.501195
0.375064 1.501175
0.374689 1.501158
0.374315 1.501180
0.373940 1.501268
0.373566 1.501344
0.373193 1.501255
0.372819 1.501183
0.372447 1.501131
0.372074 1.501129
0.371702 1.501130
0.371330 1.501165
0.370959 1.501226
0.370588 1.501203
0.370218 1.501125
0.369847 1.501141
0.369478 1.501216
0.369108 1.501165
0.368739 1.501145
0.368370 1.501200
0.368002 1.501170
0.367634 1.501178
0.367266 1.501289
0.366899 1.501298
0.366532 1.501204
0.366165 1.501153
0.365799 1.501095
0.365434 1.501084
0.365068 1.501078
0.364703 1.501098
0.364338 1.501208
0.363974 1.501272
0.363610 1.501245
0.363246 1.501274
0.362883 1.501296
0.362520 1.501171
0.362158 1.501143
0.361796 1.501256
0.361434 1.501287
0.361072 1.501201
0.360711 1.501180
0.360351 1.501198
0.359990 1.501230
0.359630 1.501220
0.359271 1.501252
0.358911 1.501250
0.358552 1.501157
0.358194 1.501112
0.357836 1.501197
0.357478 1.501226
0.357120 1.501165
0.356763 1.501144
0.356406 1.501212
0.356050 1.501274
0.355694 1.501200
0.355338 1.501131
0.354983 1.501224
0.354628 1.501314
0.354273 1.501200
0.353919 1.501188
0.353565 1.501335
0.353212 1.501437
0.352858 1.501340
0.352506 1.501244
0.352153 1.501240
0.351801 1.501256
0.351449 1.501298
0.351098 1.501228
0.350747 1.501291
0.350396 1.501333
0.350045 1.501233
0.349695 1.501235
0.349346 1.501297
0.348996 1.501280
0.348647 1.501229
0.348299 1.501170
0.347950 1.501220
0.347602 1.501319
0.347255 1.501333
0.346908 1.501335
0.346561 1.501342
0.346214 1.501365
0.345868 1.501315
0.345522 1.501260
0.345176 1.501172
0.344831 1.501196
0.344486 1.501262
0.344142 1.501270
0.343798 1.501268
0.343454 1.501235
0.343111 1.501249
0.342767 1.501332
0.342425 1.501299
0.342082 1.501274
0.341740 1.501265
0.341398 1.501290
0.341057 1.501318
0.340716 1.501320
0.340375 1.501411
0.340035 1.501459
0.339695 1.501363
0.339355 1.501304
0.339016 1.501376
0.338677 1.501423
0.338338 1.501348
0.338000 1.501341
0.337662 1.501336
0.337324 1.501322
0.336987 1.501305
0.336650 1.501319
0.336313 1.501298
0.335977 1.501318
0.335641 1.501415
0.335305 1.501451
0.334970 1.501320
0.334635 1.501283
0.334300 1.501304
0.333966 1.501284
0.333632 1.501303
0.333298 1.501251
0.332965 1.501198
0.332632 1.501185
0.332300 1.501214
0.331967 1.501222
0.331635 1.501240
0.331304 1.501258
0.330972 1.501293
0.330641 1.501278
0.330311 1.501294
0.329980 1.501358
0.329650 1.501253
0.329321 1.501200
0.328991 1.501248
0.328662 1.501314
0.328334 1.501331
0.328005 1.501346
0.327677 1.501364
0.327350 1.501436
0.327022 1.501439
0.326695 1.501340
0.326369 1.501267
0.326042 1.501307
0.325716 1.501376
0.325391 1.501433
0.325065 1.501386
0.324740 1.501242
0.324415 1.501199
0.324091 1.501365
0.323767 1.501535
0.323443 1.501565
0.323120 1.501436
0.322797 1.501329
0.322474 1.501355
0.322151 1.501390
0.321829 1.501365
0.321507 1.501313
0.321186 1.501312
0.320865 1.501401
0.320544 1.501344
0.320223 1.501219
0.319903 1.501270
0.319583 1.501335
0.319264 1.501298
0.318944 1.501281
0.318625 1.501348
0.318307 1.501464
0.317988 1.501415
0.317670 1.501299
0.317353 1.501368
0.317035 1.501330
0.316718 1.501215
0.316402 1.501219
0.316085 1.501316
0.315769 1.501305
0.315453 1.501221
0.315138 1.501198
0.314823 1.501230
0.314508 1.501248
0.314193 1.501231
0.313879 1.501229
0.313565 1.501274
0.313252 1.501317
0.312939 1.501250
0.312626 1.501189
0.312313 1.501175
0.312001 1.501213
0.311689 1.501252
0.311377 1.501261
0.311066 1.501276
0.310755 1.501313
0.310444 1.501269
0.310133 1.501266
0.309823 1.501369
0.309513 1.501442
0.309204 1.501423
0.308895 1.501417
0.308586 1.501327
0.308277 1.501237
0.307969 1.501352
0.307661 1.501452
0.307353 1.501374
0.307046 1.501252
0.306739 1.501265
0.306432 1.501334
0.306126 1.501417
0.305820 1.501405
0.305514 1.501355
0.305208 1.501289
0.304903 1.501285
0.304598 1.501339
0.304294 1.501351
0.303989 1.501382
0.303685 1.501454
0.303382 1.501511
0.303078 1.501391
0.302775 1.501238
0.302472 1.501253
0.302170 1.501353
0.301868 1.501382
0.301566 1.501347
0.301264 1.501315
0.300963 1.501265
0.300662 1.501192
0.300361 1.501211
0.300061 1.501303
0.299761 1.501291
0.299461 1.501267
0.299162 1.501380
0.298863 1.501496
0.298564 1.501401
0.298265 1.501286
0.297967 1.501226
0.297669 1.501194
0.297371 1.501283
0.297074 1.501415
0.296777 1.501446
0.296480 1.501482
0.296184 1.501525
0.295887 1.501499
0.295591 1.501463
0.295296 1.501409
0.295001 1.501360
0.294706 1.501296
0.294411 1.501277
0.294116 1.501408
0.293822 1.501565
0.293529 1.501604
0.293235 1.501578
0.292942 1.501526
0.292649 1.501485
0.292356 1.501417
0.292064 1.501448
0.291772 1.501482
0.291480 1.501474
0.291188 1.501417
0.290897 1.501433
0.290606 1.501367
0.290316 1.501340
0.290025 1.501338
0.289735 1.501390
0.289446 1.501486
0.289156 1.501466
0.288867 1.501432
0.288578 1.501351
0.288290 1.501238
0.288001 1.501194
0.287713 1.501317
0.287426 1.501461
0.287138 1.501520
0.286851 1.501548
0.286564 1.501547
0.286278 1.501435
0.285991 1.501521
0.285705 1.501674
0.285420 1.501583
0.285134 1.501476
0.284849 1.501424
0.284564 1.501501
0.284280 1.501444
0.283995 1.501358
0.283711 1.501364
0.283428 1.501394
0.283144 1.501396
0.282861 1.501420
0.282578 1.501368
0.282296 1.501380
0.282013 1.501337
0.281731 1.501356
0.281450 1.501531
0.281168 1.501652
0.280887 1.501591
0.280606 1.501452
0.280326 1.501478
0.280045 1.501566
0.279765 1.501578
0.279485 1.501516
0.279206 1.501452
0.278927 1.501398
0.278648 1.501288
0.278369 1.501255
0.278091 1.501378
0.277813 1.501479
0.277535 1.501496
0.277257 1.501468
0.276980 1.501396
0.276703 1.501387
0.276426 1.501392
0.276150 1.501335
0.275874 1.501275
0.275598 1.501345
0.275322 1.501424
0.275047 1.501328
0.274772 1.501357
0.274497 1.501539
0.274223 1.501604
0.273949 1.501573
0.273675 1.501415
0.273401 1.501337
0.273128 1.501406
0.272854 1.501535
0.272582 1.501571
0.272309 1.501431
0.272037 1.501408
0.271765 1.501620
0.271493 1.501752
0.271221 1.501569
0.270950 1.501414
0.270679 1.501348
0.270408 1.501392
0.270138 1.501527
0.269868 1.501407
0.269598 1.501333
0.269328 1.501418
0.269059 1.501507
0.268790 1.501670
0.268521 1.501639
0.268253 1.501657
0.267985 1.501731
0.267717 1.501692
0.267449 1.501591
0.267181 1.501570
0.266914 1.501621
0.266647 1.501585
0.266381 1.501536
0.266114 1.501546
0.265848 1.501538
0.265582 1.501492
0.265317 1.501435
0.265051 1.501388
0.264786 1.501376
0.264522 1.501429
0.264257 1.501498
0.263993 1.501467
0.263729 1.501505
0.263465 1.501490
0.263202 1.501489
0.262938 1.501560
0.262675 1.501594
0.262413 1.501483
0.262150 1.501415
0.261888 1.501495
0.261626 1.501520
0.261365 1.501481
0.261103 1.501421
0.260842 1.501422
0.260581 1.501445
0.260321 1.501413
0.260060 1.501433
0.259800 1.501417
0.259541 1.501447
0.259281 1.501524
0.259022 1.501550
0.258763 1.501497
0.258504 1.501469
0.258246 1.501367
0.257987 1.501329
0.257729 1.501443
0.257472 1.501486
0.257214 1.501424
0.256957 1.501369
0.256700 1.501438
0.256443 1.501520
0.256187 1.501548
0.255931 1.501611
0.255675 1.501643
0.255419 1.501528
0.255164 1.501452
0.254908 1.501441
0.254653 1.501449
0.254399 1.501445
0.254144 1.501462
0.253890 1.501470
0.253636 1.501462
0.253383 1.501591
0.253129 1.501725
0.252876 1.501632
0.252623 1.501496
0.252371 1.501455
0.252118 1.501404
0.251866 1.501398
0.251614 1.501475
0.251363 1.501542
0.251111 1.501609
0.250860 1.501602
0.250609 1.501572
0.250359 1.501574
0.250108 1.501621
0.249858 1.501620
0.249609 1.501523
0.249359 1.501407
0.249110 1.501461
0.248860 1.501509
0.248612 1.501381
0.248363 1.501439
0.248115 1.501667
0.247866 1.501669
0.247619 1.501574
0.247371 1.501668
0.247124 1.501760
0.246877 1.501629
0.246630 1.501340
0.246383 1.501378
0.246137 1.501554
0.245890 1.501561
0.245645 1.501475
0.245399 1.501396
0.245154 1.501459
0.244908 1.501541
0.244663 1.501520
0.244419 1.501563
0.244174 1.501651
0.243930 1.501535
0.243686 1.501488
0.243443 1.501556
0.243199 1.501599
0.242956 1.501677
0.242713 1.501801
0.242470 1.501878
0.242228 1.501820
0.241986 1.501636
0.241744 1.501467
0.241502 1.501558
0.241260 1.501650
0.241019 1.501491
0.240778 1.501534
0.240537 1.501636
0.240297 1.501540
0.240056 1.501547
0.239816 1.501577
0.239577 1.501587
0.239337 1.501618
0.239098 1.501605
0.238859 1.501690
0.238620 1.501723
0.238381 1.501633
0.238143 1.501622
0.237905 1.501569
0.237667 1.501471
0.237429 1.501569
0.237192 1.501699
0.236954 1.501644
0.236717 1.501586
0.236481 1.501525
0.236244 1.501516
0.236008 1.501630
0.235772 1.501661
0.235536 1.501551
0.235301 1.501655
0.235065 1.501622
0.234830 1.501499
0.234595 1.501444
0.234361 1.501536
0.234127 1.501687
0.233892 1.501617
0.233659 1.501515
0.233425 1.501534
0.233191 1.501612
0.232958 1.501720
0.232725 1.501614
0.232493 1.501503
0.232260 1.501547
0.232028 1.501615
0.231796 1.501617
0.231564 1.501581
0.231332 1.501609
0.231101 1.501685
0.230870 1.501611
0.230639 1.501463
0.230408 1.501418
0.230178 1.501455
0.229948 1.501518
0.229718 1.501443
0.229488 1.501364
0.229259 1.501455
0.229029 1.501474
0.228800 1.501474
0.228572 1.501498
0.228343 1.501485
0.228115 1.501549
0.227887 1.501676
0.227659 1.501741
0.227431 1.501762
0.227204 1.501720
0.226976 1.501640
0.226749 1.501478
0.226523 1.501404
0.226296 1.501529
0.226070 1.501704
0.225844 1.501606
0.225618 1.501451
0.225392 1.501525
0.225167 1.501612
0.224942 1.501624
0.224717 1.501573
0.224492 1.501608
0.224268 1.501709
0.224043 1.501665
0.223819 1.501615
0.223596 1.501638
0.223372 1.501607
0.223149 1.501527
0.222925 1.501554
0.222702 1.501513
0.222480 1.501512
0.222257 1.501595
0.222035 1.501574
0.221813 1.501631
0.221591 1.501792
0.221370 1.501860
0.221148 1.501751
0.220927 1.501593
0.220706 1.501490
0.220485 1.501596
0.220265 1.501736
0.220045 1.501723
0.219825 1.501707
0.219605 1.501734
0.219385 1.501695
0.219166 1.501549
0.218947 1.501556
0.218728 1.501669
0.218509 1.501730
0.218290 1.501724
0.218072 1.501680
0.217854 1.501604
0.217636 1.501589
0.217419 1.501724
0.217201 1.501740
0.216984 1.501610
0.216767 1.501616
0.216550 1.501767
0.216334 1.501793
0.216117 1.501638
0.215901 1.501555
0.215685 1.501637
0.215470 1.501665
0.215254 1.501641
0.215039 1.501618
0.214824 1.501648
0.214609 1.501635
0.214394 1.501628
0.214180 1.501718
0.213966 1.501762
0.213752 1.501632
0.213538 1.501548
0.213325 1.501501
0.213111 1.501492
0.212898 1.501546
0.212685 1.501543
0.212473 1.501589
0.212260 1.501897
0.212048 1.501966
0.211836 1.501737
0.211624 1.501787
0.211412 1.501806
0.211201 1.501605
0.210990 1.501664
0.210779 1.501818
0.210568 1.501776
0.210357 1.501643
0.210147 1.501605
0.209937 1.501614
0.209727 1.501701
0.209517 1.501667
0.209308 1.501589
0.209098 1.501531
0.208889 1.501520
0.208680 1.501676
0.208472 1.501730
0.208263 1.501613
0.208055 1.501802
0.207847 1.501975
0.207639 1.501834
0.207432 1.501758
0.207224 1.501732
0.207017 1.501727
0.206810 1.501786
0.206603 1.501771
0.206396 1.501784
0.206190 1.501694
0.205984 1.501603
0.205778 1.501567
0.205572 1.501519
0.205366 1.501520
0.205161 1.501613
0.204956 1.501671
0.204751 1.501770
0.204546 1.501820
0.204342 1.501828
0.204137 1.501815
0.203933 1.501684
0.203729 1.501514
0.203526 1.501633
0.203322 1.501682
0.203119 1.501631
0.202916 1.501697
0.202713 1.501661
0.202510 1.501617
0.202307 1.501631
0.202105 1.501621
0.201903 1.501566
0.201701 1.501470
0.201499 1.501495
0.201298 1.501563
0.201097 1.501628
0.200896 1.501717
0.200695 1.501665
0.200494 1.501577
0.200293 1.501627
0.200093 1.501780
0.199893 1.501895
0.199693 1.501853
0.199494 1.501868
0.199294 1.501868
0.199095 1.501828
0.198896 1.501768
0.198697 1.501845
0.198498 1.501979
0.198300 1.501905
0.198101 1.501723
0.197903 1.501618
0.197705 1.501588
0.197508 1.501615
0.197310 1.501701
0.197113 1.501734
0.196916 1.501733
0.196719 1.501780
0.196522 1.501593
0.196325 1.501625
0.196129 1.501865
0.195933 1.501845
0.195737 1.501644
0.195541 1.501655
0.195346 1.501749
0.195150 1.501937
0.194955 1.502103
0.194760 1.502147
0.194566 1.502144
0.194371 1.502020
0.194177 1.501939
0.193982 1.501848
0.193788 1.501772
0.193595 1.501781
0.193401 1.501794
0.193208 1.501881
0.193014 1.501879
0.192821 1.501868
0.192629 1.501925
0.192436 1.501878
0.192244 1.501668
0.192051 1.501525
0.191859 1.501633
0.191667 1.501646
0.191476 1.501555
0.191284 1.501638
0.191093 1.501748
0.190902 1.501699
0.190711 1.501757
0.190520 1.501829
0.190330 1.501868
0.190139 1.501982
0.189949 1.502082
0.189759 1.502013
0.189570 1.501814
0.189380 1.501745
0.189191 1.501630
0.189001 1.501549
0.188812 1.501636
0.188624 1.501865
0.188435 1.502033
0.188247 1.501886
0.188058 1.501722
0.187870 1.501672
0.187682 1.501722
0.187495 1.501781
0.187307 1.501800
0.187120 1.501807
0.186933 1.501802
0.186746 1.501792
0.186559 1.501773
0.186373 1.501749
0.186186 1.501768
0.186000 1.501805
0.185814 1.501771
0.185628 1.501667
0.185443 1.501612
0.185257 1.501587
0.185072 1.501687
0.184887 1.501979
0.184702 1.501992
0.184517 1.501796
0.184333 1.501689
0.184148 1.501729
0.183964 1.501836
0.183780 1.501896
0.183596 1.501866
0.183413 1.501732
0.183229 1.501718
0.183046 1.501776
0.182863 1.501718
0.182680 1.501654
0.182498 1.501647
0.182315 1.501694
0.182133 1.501747
0.181951 1.501797
0.181769 1.501771
0.181587 1.501713
0.181405 1.501674
0.181224 1.501791
0.181043 1.501866
0.180862 1.501786
0.180681 1.501707
0.180500 1.501778
0.180320 1.501776
0.180139 1.501793
0.179959 1.501859
0.179779 1.501863
0.179599 1.501850
0.179420 1.501828
0.179240 1.501873
0.179061 1.501945
0.178882 1.502045
0.178703 1.502076
0.178525 1.501964
0.178346 1.502037
0.178168 1.502065
0.177990 1.501927
0.177812 1.502003
0.177634 1.501995
0.177456 1.501813
0.177279 1.501782
0.177101 1.501846
0.176924 1.501897
0.176747 1.501889
0.176571 1.502004
0.176394 1.501963
0.176218 1.501789
0.176041 1.501677
0.175865 1.501669
0.175689 1.501736
0.175514 1.501708
0.175338 1.501765
0.175163 1.501801
0.174988 1.501718
0.174813 1.501781
0.174638 1.501820
0.174463 1.501768
0.174289 1.501691
0.174115 1.501690
0.173940 1.501793
0.173767 1.501899
0.173593 1.501939
0.173419 1.501868
0.173246 1.501837
0.173073 1.501860
0.172899 1.501963
0.172727 1.502125
0.172554 1.502106
0.172381 1.502062
0.172209 1.502015
0.172037 1.501978
0.171865 1.502093
0.171693 1.502207
0.171521 1.502212
0.171350 1.502198
0.171178 1.501936
0.171007 1.501908
0.170836 1.501863
0.170665 1.501780
0.170495 1.501764
0.170324 1.501828
0.170154 1.501881
0.169984 1.501990
0.169814 1.501969
0.169644 1.502006
0.169474 1.502069
0.169305 1.501976
0.169135 1.501696
0.168966 1.501708
0.168797 1.501930
0.168628 1.501910
0.168460 1.501776
0.168291 1.501828
0.168123 1.501876
0.167955 1.501840
0.167787 1.501921
0.167619 1.502024
0.167452 1.502034
0.167284 1.501920
0.167117 1.501922
0.166950 1.501977
0.166783 1.501866
0.166616 1.501691
0.166449 1.501615
0.166283 1.501707
0.166117 1.501947
0.165951 1.502022
0.165785 1.501872
0.165619 1.501747
0.165453 1.501766
0.165288 1.501725
0.165122 1.501662
0.164957 1.501659
0.164792 1.501753
0.164628 1.501861
0.164463 1.501988
0.164298 1.502048
0.164134 1.501944
0.163970 1.501989
0.163806 1.501936
0.163642 1.501760
0.163479 1.501726
0.163315 1.501776
0.163152 1.501924
0.162989 1.501919
0.162826 1.501725
0.162663 1.501744
0.162500 1.501866
0.162338 1.501975
0.162175 1.501919
0.162013 1.501755
0.161851 1.501907
0.161689 1.502017
0.161528 1.501998
0.161366 1.501998
0.161205 1.502034
0.161044 1.502057
0.160882 1.501995
0.160722 1.501876
0.160561 1.501883
0.160400 1.501931
0.160240 1.501938
0.160080 1.501891
0.159920 1.501858
0.159760 1.501958
0.159600 1.501984
0.159440 1.501979
0.159281 1.501983
0.159122 1.502018
0.158962 1.501970
0.158804 1.501954
0.158645 1.501893
0.158486 1.501847
0.158328 1.501982
0.158169 1.502048
0.158011 1.501883
0.157853 1.501786
0.157695 1.501846
0.157538 1.501930
0.157380 1.501885
0.157223 1.501802
0.157065 1.501883
0.156908 1.502065
0.156751 1.502176
0.156595 1.502129
0.156438 1.502022
0.156282 1.501829
0.156125 1.501688
0.155969 1.501748
0.155813 1.501852
0.155657 1.501974
0.155502 1.501980
0.155346 1.501966
0.155191 1.501962
0.155036 1.501961
0.154881 1.501902
0.154726 1.501913
0.154571 1.502009
0.154417 1.502008
0.154262 1.501769
0.154108 1.501733
0.153954 1.501878
0.153800 1.501926
0.153646 1.501848
0.153492 1.501760
0.153339 1.501795
0.153185 1.501914
0.153032 1.502066
0.152879 1.501875
0.152726 1.501749
0.152574 1.501867
0.152421 1.501981
0.152269 1.502055
0.152116 1.502021
0.151964 1.501890
0.151812 1.501851
0.151661 1.501855
0.151509 1.501862
0.151357 1.501847
0.151206 1.501910
0.151055 1.501911
0.150904 1.501777
0.150753 1.501760
0.150602 1.501969
0.150451 1.501938
0.150301 1.501779
0.150151 1.501755
0.150001 1.501793
0.149851 1.501895
0.149701 1.501952
0.149551 1.502002
0.149401 1.502021
0.149252 1.501986
0.149103 1.502011
0.148954 1.502115
0.148805 1.502144
0.148656 1.502032
0.148507 1.501910
0.148359 1.501899
0.148210 1.501869
0.148062 1.501757
0.147914 1.501728
0.147766 1.501874
0.147618 1.501901
0.147471 1.501878
0.147323 1.501930
0.147176 1.501941
0.147029 1.501822
0.146882 1.501779
0.146735 1.501744
0.146588 1.501837
0.146442 1.502009
0.146295 1.502096
0.146149 1.502122
0.146003 1.502182
0.145857 1.502344
0.145711 1.502388
0.145565 1.502236
0.145420 1.502075
0.145274 1.501887
0.145129 1.501961
0.144984 1.502263
0.144839 1.502288
0.144694 1.502156
0.144549 1.502019
0.144405 1.501793
0.144260 1.501667
0.144116 1.501778
0.143972 1.501942
0.143828 1.501972
0.143684 1.502006
0.143540 1.501884
0.143397 1.501794
0.143254 1.501896
0.143110 1.501992
0.142967 1.501886
0.142824 1.501763
0.142681 1.501742
0.142539 1.501711
0.142396 1.501820
0.142254 1.501897
0.142112 1.501950
0.141969 1.502044
0.141827 1.502042
0.141686 1.501911
0.141544 1.501746
0.141402 1.501690
0.141261 1.501671
0.141120 1.501752
0.140979 1.501825
0.140838 1.501831
0.140697 1.501897
0.140556 1.501935
0.140416 1.501972
0.140275 1.501873
0.140135 1.501769
0.139995 1.501760
0.139855 1.501653
0.139715 1.501516
0.139575 1.501679
0.139436 1.502039
0.139296 1.502020
0.139157 1.501830
0.139018 1.501979
0.138879 1.502119
0.138740 1.502020
0.138601 1.501974
0.138462 1.502040
0.138324 1.502138
0.138186 1.501988
0.138047 1.501939
0.137909 1.502021
0.137772 1.502072
0.137634 1.502051
0.137496 1.501987
0.137359 1.501986
0.137221 1.501934
0.137084 1.501873
0.136947 1.502007
0.136810 1.502066
0.136673 1.502010
0.136537 1.501920
0.136400 1.501932
0.136264 1.502017
0.136127 1.502095
0.135991 1.502178
0.135855 1.502131
0.135719 1.501960
0.135584 1.501985
0.135448 1.502041
0.135313 1.502036
0.135177 1.502057
0.135042 1.502135
0.134907 1.502117
0.134772 1.501948
0.134637 1.501935
0.134503 1.502173
0.134368 1.502354
0.134234 1.502209
0.134100 1.501979
0.133966 1.501927
0.133832 1.501876
0.133698 1.501771
0.133564 1.501802
0.133430 1.501890
0.133297 1.501988
0.133164 1.502031
0.133031 1.502017
0.132898 1.502019
0.132765 1.501991
0.132632 1.501831
0.132499 1.501958
0.132367 1.502153
0.132234 1.502010
0.132102 1.501796
0.131970 1.501776
0.131838 1.501982
0.131706 1.502213
0.131575 1.502264
0.131443 1.502290
0.131312 1.502215
0.131180 1.502066
0.131049 1.501965
0.130918 1.501971
0.130787 1.502147
0.130656 1.502076
0.130526 1.501766
0.130395 1.501753
0.130265 1.501852
0.130134 1.501893
0.130004 1.502056
0.129874 1.502139
0.129744 1.501950
0.129615 1.501783
0.129485 1.501868
0.129356 1.501863
0.129226 1.501858
0.129097 1.502050
0.128968 1.502180
0.128839 1.502223
0.128710 1.502294
0.128581 1.502227
0.128453 1.502119
0.128324 1.502107
0.128196 1.501950
0.128068 1.501838
0.127940 1.501803
0.127812 1.501891
0.127684 1.501935
0.127556 1.502030
0.127429 1.502076
0.127301 1.501929
0.127174 1.501832
0.127047 1.501923
0.126920 1.501972
0.126793 1.502025
0.126666 1.502091
0.126539 1.502072
0.126413 1.502047
0.126286 1.501953
0.126160 1.501843
0.126034 1.501960
0.125908 1.502083
0.125782 1.502005
0.125656 1.501814
0.125531 1.501796
0.125405 1.501978
0.125280 1.502044
0.125154 1.501904
0.125029 1.501914
0.124904 1.501932
0.124779 1.501966
0.124655 1.501901
0.124530 1.501786
0.124405 1.501770
0.124281 1.501770
0.124157 1.501854
0.124033 1.501934
0.123909 1.502036
0.123785 1.502122
0.123661 1.502110
0.123537 1.502169
0.123414 1.502057
0.123290 1.501891
0.123167 1.501885
0.123044 1.502005
0.122921 1.502028
0.122798 1.501984
0.122675 1.501832
0.122552 1.501797
0.122430 1.501891
0.122307 1.501886
0.122185 1.501992
0.122063 1.502057
0.121941 1.501973
0.121819 1.501914
0.121697 1.501956
0.121575 1.502023
0.121454 1.502064
0.121332 1.502172
0.121211 1.502132
0.121090 1.502007
0.120969 1.501933
0.120848 1.501931
0.120727 1.501973
0.120606 1.501953
0.120486 1.502038
0.120365 1.502138
0.120245 1.502131
0.120124 1.502292
0.120004 1.502216
0.119884 1.501989
0.119764 1.501899
0.119645 1.501757
0.119525 1.501806
0.119405 1.501983
0.119286 1.501992
0.119167 1.501975
0.119048 1.502043
0.118929 1.502243
0.118810 1.502224
0.118691 1.502064
0.118572 1.502118
0.118454 1.502190
0.118335 1.502239
0.118217 1.502206
0.118099 1.502075
0.117980 1.502012
0.117862 1.502110
0.117745 1.502201
0.117627 1.502062
0.117509 1.501966
0.117392 1.502006
0.117274 1.502131
0.117157 1.502200
0.117040 1.502217
0.116923 1.502091
0.116806 1.502117
0.116689 1.502167
0.116572 1.502117
0.116456 1.502212
0.116339 1.502225
0.116223 1.502040
0.116107 1.501971
0.115991 1.502030
0.115875 1.502231
0.115759 1.502192
0.115643 1.502117
0.115527 1.502275
0.115412 1.502281
0.115297 1.502221
0.115181 1.502245
0.115066 1.502056
0.114951 1.501936
0.114836 1.501879
0.114721 1.501954
0.114606 1.502078
0.114492 1.502099
0.114377 1.502208
0.114263 1.502172
0.114149 1.502005
0.114035 1.501858
0.113921 1.501747
0.113807 1.501717
0.113693 1.501910
0.113579 1.502037
0.113466 1.501983
0.113352 1.501997
0.113239 1.502224
0.113126 1.502129
0.113012 1.501895
0.112899 1.501949
0.112786 1.502160
0.112674 1.502294
0.112561 1.502343
0.112448 1.502170
0.112336 1.501980
0.112224 1.502033
0.112111 1.502051
0.111999 1.502027
0.111887 1.502100
0.111775 1.502094
0.111664 1.502100
0.111552 1.502092
0.111440 1.501992
0.111329 1.501851
0.111218 1.501847
0.111106 1.501889
0.110995 1.501944
0.110884 1.501955
0.110773 1.501956
0.110663 1.501955
0.110552 1.502084
0.110442 1.502104
0.110331 1.502119
0.110221 1.502050
0.110111 1.502010
0.110000 1.501990
0.109890 1.502029
0.109781 1.502199
0.109671 1.502312
0.109561 1.502159
0.109451 1.502080
0.109342 1.502073
0.109233 1.501956
0.109123 1.501850
0.109014 1.501905
0.108905 1.502060
0.108796 1.502059
0.108688 1.502013
0.108579 1.501980
0.108470 1.501956
0.108362 1.502070
0.108254 1.502203
0.108145 1.502110
0.108037 1.502029
0.107929 1.502010
0.107821 1.502143
0.107713 1.502182
0.107606 1.502055
0.107498 1.502163
0.107391 1.502305
0.107283 1.502225
0.107176 1.502015
0.107069 1.501994
0.106962 1.502156
0.106855 1.502230
0.106748 1.502154
0.106641 1.502072
0.106534 1.502171
0.106428 1.502269
0.106321 1.502220
0.106215 1.502032
0.106109 1.502001
0.106003 1.502220
0.105897 1.502296
0.105791 1.502305
0.105685 1.502334
0.105579 1.502153
0.105474 1.502080
0.105368 1.502051
0.105263 1.501978
0.105158 1.502065
0.105053 1.502185
0.104948 1.502159
0.104843 1.502069
0.104738 1.501944
0.104633 1.501862
0.104528 1.501919
0.104424 1.502163
0.104319 1.502343
0.104215 1.502248
0.104111 1.502170
0.104007 1.502181
0.103903 1.502162
0.103799 1.502097
0.103695 1.502087
0.103591 1.502329
0.103488 1.502520
0.103384 1.502173
0.103281 1.501986
0.103178 1.502094
0.103074 1.502068
0.102971 1.502046
0.102868 1.502088
0.102766 1.502133
0.102663 1.502219
0.102560 1.502187
0.102458 1.502090
0.102355 1.502074
0.102253 1.502041
0.102150 1.502087
0.102048 1.502272
0.101946 1.502366
0.101844 1.502371
0.101742 1.502145
0.101641 1.502079
0.101539 1.502192
0.101438 1.502171
0.101336 1.502010
0.101235 1.502002
0.101134 1.502069
0.101032 1.502136
0.100931 1.502175
0.100830 1.502143
0.100730 1.502162
0.100629 1.502244
0.100528 1.502231
0.100428 1.502117
0.100327 1.502062
0.100227 1.502276
0.100127 1.502372
0.100027 1.502238
0.099927 1.502115
