T Cv
2.497500 1.501758
2.495003 1.501719
2.492507 1.501719
2.490015 1.501828
2.487525 1.501812
2.485037 1.501661
2.482552 1.501812
2.480070 1.501933
2.477590 1.501888
2.475112 1.501888
2.472637 1.501834
2.470164 1.501855
2.467694 1.501924
2.465227 1.501841
2.462761 1.501756
2.460299 1.501775
2.457838 1.501731
2.455380 1.501714
2.452925 1.501653
2.450472 1.501563
2.448022 1.501533
2.445574 1.501540
2.443128 1.501527
2.440685 1.501556
2.438244 1.501514
2.435806 1.501410
2.433370 1.501403
2.430937 1.501435
2.428506 1.501465
2.426077 1.501460
2.423651 1.501462
2.421228 1.501452
2.418806 1.501515
2.416388 1.501469
2.413971 1.501529
2.411557 1.501536
2.409146 1.501561
2.406737 1.501582
2.404330 1.501558
2.401926 1.501521
2.399524 1.501461
2.397124 1.501463
2.394727 1.501467
2.392332 1.501490
2.389940 1.501530
2.387550 1.501544
2.385162 1.501578
2.382777 1.501534
2.380394 1.501477
2.378014 1.501430
2.375636 1.501496
2.373260 1.501577
2.370887 1.501549
2.368516 1.501515
2.366148 1.501509
2.363782 1.501548
2.361418 1.501574
2.359056 1.501556
2.356697 1.501513
2.354341 1.501463
2.351986 1.501467
2.349634 1.501466
2.347285 1.501496
2.344937 1.501524
2.342592 1.501497
2.340250 1.501481
2.337910 1.501506
2.335572 1.501468
2.333236 1.501489
2.330903 1.501428
2.328572 1.501428
2.326243 1.501404
2.323917 1.501446
2.321593 1.501414
2.319272 1.501442
2.316952 1.501408
2.314635 1.501447
2.312321 1.501448
2.310009 1.501468
2.307698 1.501457
2.305391 1.501497
2.303085 1.501454
2.300782 1.501443
2.298482 1.501439
2.296183 1.501438
2.293887 1.501434
2.291593 1.501461
2.289301 1.501422
2.287012 1.501450
2.284725 1.501525
2.282440 1.501465
2.280158 1.501390
2.277878 1.501335
2.275600 1.501342
2.273324 1.501366
2.271051 1.501405
2.268780 1.501427
2.266511 1.501423
2.264245 1.501409
2.261980 1.501384
2.259718 1.501375
2.257459 1.501452
2.255201 1.501498
2.252946 1.501429
2.250693 1.501444
2.248442 1.501374
2.246194 1.501343
2.243948 1.501270
2.241704 1.501266
2.239462 1.501359
2.237223 1.501411
2.234985 1.501408
2.232750 1.501398
2.230518 1.501482
2.228287 1.501556
2.226059 1.501500
2.223833 1.501551
2.221609 1.501591
2.219387 1.501540
2.217168 1.501559
2.214951 1.501540
2.212736 1.501562
2.210523 1.501476
2.208313 1.501462
2.206104 1.501374
2.203898 1.501324
2.201694 1.501374
2.199493 1.501347
2.197293 1.501238
2.195096 1.501276
2.192901 1.501280
2.190708 1.501251
2.188517 1.501296
2.186329 1.501312
2.184142 1.501279
2.181958 1.501300
2.179776 1.501357
2.177596 1.501380
2.175419 1.501410
2.173243 1.501347
2.171070 1.501344
2.168899 1.501358
2.166730 1.501373
2.164563 1.501444
2.162399 1.501420
2.160236 1.501417
2.158076 1.501429
2.155918 1.501482
2.153762 1.501429
2.151608 1.501396
2.149457 1.501392
2.147307 1.501415
2.145160 1.501341
2.143015 1.501318
2.140872 1.501370
2.138731 1.501343
2.136592 1.501408
2.134456 1.501392
2.132321 1.501344
2.130189 1.501361
2.128059 1.501299
2.125931 1.501313
2.123805 1.501356
2.121681 1.501311
2.119559 1.501289
2.117440 1.501292
2.115322 1.501267
2.113207 1.501286
2.111094 1.501326
2.108983 1.501336
2.106874 1.501297
2.104767 1.501298
2.102662 1.501300
2.100559 1.501272
2.098459 1.501239
2.096360 1.501284
2.094264 1.501283
2.092170 1.501232
2.090078 1.501301
2.087987 1.501340
2.085899 1.501344
2.083814 1.501296
2.081730 1.501340
2.079648 1.501325
2.077568 1.501314
2.075491 1.501352
2.073415 1.501373
2.071342 1.501312
2.069271 1.501325
2.067201 1.501321
2.065134 1.501287
2.063069 1.501277
2.061006 1.501242
2.058945 1.501319
2.056886 1.501308
2.054829 1.501211
2.052774 1.501171
2.050721 1.501154
2.048671 1.501135
2.046622 1.501143
2.044575 1.501169
2.042531 1.501200
2.040488 1.501210
2.038448 1.501238
2.036409 1.501247
2.034373 1.501235
2.032339 1.501251
2.030306 1.501265
2.028276 1.501224
2.026248 1.501228
2.024221 1.501244
2.022197 1.501257
2.020175 1.501307
2.018155 1.501368
2.016137 1.501346
2.014121 1.501322
2.012106 1.501271
2.010094 1.501303
2.008084 1.501314
2.006076 1.501344
2.004070 1.501348
2.002066 1.501233
2.000064 1.501349
1.998064 1.501398
1.996066 1.501430
1.994070 1.501415
1.992076 1.501423
1.990084 1.501325
1.988094 1.501220
1.986105 1.501265
1.984119 1.501296
1.982135 1.501281
1.980153 1.501264
1.978173 1.501270
1.976195 1.501251
1.974219 1.501297
1.972244 1.501315
1.970272 1.501307
1.968302 1.501321
1.966334 1.501283
1.964367 1.501265
1.962403 1.501248
1.960440 1.501187
1.958480 1.501183
1.956521 1.501214
1.954565 1.501208
1.952610 1.501203
1.950658 1.501204
1.948707 1.501196
1.946758 1.501164
1.944812 1.501142
1.942867 1.501118
1.940924 1.501122
1.938983 1.501143
1.937044 1.501135
1.935107 1.501118
1.933172 1.501128
1.931239 1.501135
1.929308 1.501094
1.927378 1.501092
1.925451 1.501135
1.923525 1.501138
1.921602 1.501191
1.919680 1.501204
1.917761 1.501155
1.915843 1.501134
1.913927 1.501143
1.912013 1.501182
1.910101 1.501225
1.908191 1.501258
1.906283 1.501242
1.904376 1.501217
1.902472 1.501206
1.900570 1.501159
1.898669 1.501168
1.896770 1.501190
1.894874 1.501210
1.892979 1.501181
1.891086 1.501165
1.889195 1.501203
1.887305 1.501218
1.885418 1.501251
1.883533 1.501249
1.881649 1.501214
1.879768 1.501231
1.877888 1.501201
1.876010 1.501167
1.874134 1.501185
1.872260 1.501199
1.870388 1.501211
1.868517 1.501229
1.866649 1.501250
1.864782 1.501201
1.862917 1.501144
1.861054 1.501089
1.859193 1.501062
1.857334 1.501077
1.855477 1.501047
1.853621 1.501025
1.851768 1.501034
1.849916 1.501083
1.848066 1.501190
1.846218 1.501201
1.844372 1.501171
1.842527 1.501162
1.840685 1.501127
1.838844 1.501168
1.837005 1.501144
1.835168 1.501129
1.833333 1.501098
1.831500 1.501095
1.829668 1.501097
1.827839 1.501140
1.826011 1.501197
1.824185 1.501199
1.822360 1.501206
1.820538 1.501139
1.818718 1.501102
1.816899 1.501101
1.815082 1.501093
1.813267 1.501061
1.811454 1.501059
1.809642 1.501113
1.807833 1.501109
1.806025 1.501136
1.804219 1.501168
1.802414 1.501143
1.800612 1.501111
1.798811 1.501138
1.797013 1.501116
1.795216 1.501075
1.793420 1.501087
1.791627 1.501131
1.789835 1.501131
1.788045 1.501057
1.786257 1.501051
1.784471 1.501108
1.782687 1.501094
1.780904 1.501101
1.779123 1.501140
1.777344 1.501129
1.775567 1.501088
1.773791 1.501104
1.772017 1.501048
1.770245 1.501032
1.768475 1.501041
1.766707 1.501095
1.764940 1.501100
1.763175 1.501091
1.761412 1.501057
1.759650 1.501068
1.757891 1.501123
1.756133 1.501127
1.754377 1.501084
1.752622 1.501037
1.750870 1.501040
1.749119 1.501110
1.747370 1.501102
1.745622 1.501067
1.743877 1.501055
1.742133 1.501032
1.740391 1.500977
1.738650 1.500951
1.736912 1.500971
1.735175 1.500978
1.733440 1.501002
1.731706 1.501036
1.729974 1.501045
1.728244 1.501020
1.726516 1.501008
1.724790 1.501023
1.723065 1.501011
1.721342 1.501002
1.719620 1.500959
1.717901 1.500976
1.716183 1.500991
1.714467 1.500989
1.712752 1.500977
1.711040 1.500963
1.709329 1.500963
1.707619 1.500972
1.705912 1.500988
1.704206 1.500974
1.702501 1.500932
1.700799 1.500923
1.699098 1.500924
1.697399 1.500924
1.695702 1.500925
1.694006 1.500929
1.692312 1.500930
1.690620 1.500915
1.688929 1.500870
1.687240 1.500852
1.685553 1.500869
1.683867 1.500860
1.682183 1.500907
1.680501 1.500925
1.678821 1.500940
1.677142 1.500970
1.675465 1.500953
1.673789 1.500933
1.672116 1.500888
1.670443 1.500853
1.668773 1.500895
1.667104 1.500913
1.665437 1.500892
1.663772 1.500890
1.662108 1.500883
1.660446 1.500881
1.658785 1.500940
1.657127 1.500946
1.655469 1.500915
1.653814 1.500910
1.652160 1.500889
1.650508 1.500895
1.648857 1.500899
1.647209 1.500890
1.645561 1.500889
1.643916 1.500883
1.642272 1.500874
1.640630 1.500902
1.638989 1.500928
1.637350 1.500908
1.635713 1.500873
1.634077 1.500838
1.632443 1.500841
1.630810 1.500837
1.629180 1.500870
1.627550 1.500909
1.625923 1.500925
1.624297 1.500926
1.622673 1.500931
1.621050 1.500888
1.619429 1.500877
1.617810 1.500906
1.616192 1.500955
1.614576 1.500985
1.612961 1.500983
1.611348 1.500956
1.609737 1.500917
1.608127 1.500898
1.606519 1.500918
1.604912 1.500935
1.603307 1.500971
1.601704 1.500998
1.600102 1.501006
1.598502 1.501013
1.596904 1.500984
1.595307 1.500991
1.593712 1.500979
1.592118 1.501030
1.590526 1.501009
1.588935 1.500975
1.587346 1.500947
1.585759 1.500933
1.584173 1.500931
1.582589 1.500881
1.581006 1.500892
1.579425 1.500924
1.577846 1.500941
1.576268 1.500938
1.574692 1.500937
1.573117 1.500953
1.571544 1.500958
1.569972 1.500950
1.568402 1.500929
1.566834 1.500971
1.565267 1.501006
1.563702 1.501018
1.562138 1.501046
1.560576 1.501010
1.559016 1.501003
1.557457 1.501032
1.555899 1.500985
1.554343 1.500985
1.552789 1.500983
1.551236 1.501004
1.549685 1.500956
1.548135 1.500925
1.546587 1.500904
1.545040 1.500943
1.543495 1.500950
1.541952 1.500970
1.540410 1.500907
1.538870 1.500811
1.537331 1.500880
1.535793 1.500953
1.534258 1.500972
1.532723 1.501000
1.531191 1.500984
1.529659 1.500906
1.528130 1.500924
1.526602 1.500928
1.525075 1.500935
1.523550 1.500936
1.522026 1.500918
1.520504 1.500874
1.518984 1.500902
1.517465 1.500894
1.515947 1.500839
1.514431 1.500809
1.512917 1.500797
1.511404 1.500781
1.509893 1.500784
1.508383 1.500778
1.506874 1.500790
1.505368 1.500824
1.503862 1.500828
1.502358 1.500819
1.500856 1.500808
1.499355 1.500792
1.497856 1.500778
1.496358 1.500767
1.494862 1.500784
1.493367 1.500817
1.491873 1.500845
1.490381 1.500848
1.488891 1.500833
1.487402 1.500824
1.485915 1.500835
1.484429 1.500860
1.482944 1.500859
1.481461 1.500869
1.479980 1.500883
1.478500 1.500927
1.477021 1.500942
1.475544 1.500923
1.474069 1.500894
1.472595 1.500867
1.471122 1.500850
1.469651 1.500844
1.468181 1.500850
1.466713 1.500883
1.465247 1.500879
1.463781 1.500842
1.462318 1.500805
1.460855 1.500854
1.459394 1.500869
1.457935 1.500878
1.456477 1.500902
1.455021 1.500910
1.453566 1.500865
1.452112 1.500864
1.450660 1.500880
1.449209 1.500852
1.447760 1.500838
1.446312 1.500882
1.444866 1.500916
1.443421 1.500870
1.441978 1.500834
1.440536 1.500839
1.439095 1.500859
1.437656 1.500845
1.436218 1.500877
1.434782 1.500878
1.433347 1.500839
1.431914 1.500823
1.430482 1.500833
1.429052 1.500857
1.427623 1.500901
1.426195 1.500916
1.424769 1.500890
1.423344 1.500909
1.421921 1.500925
1.420499 1.500931
1.419078 1.500972
1.417659 1.500982
1.416242 1.501008
1.414825 1.501002
1.413410 1.500980
1.411997 1.501027
1.410585 1.501040
1.409174 1.501049
1.407765 1.501013
1.406358 1.500991
1.404951 1.500980
1.403546 1.500937
1.402143 1.500912
1.400741 1.500903
1.399340 1.500950
1.397940 1.500965
1.396542 1.500905
1.395146 1.500838
1.393751 1.500858
1.392357 1.500918
1.390965 1.500950
1.389574 1.500934
1.388184 1.500918
1.386796 1.500924
1.385409 1.500913
1.384024 1.500913
1.382640 1.500924
1.381257 1.500914
1.379876 1.500876
1.378496 1.500869
1.377117 1.500881
1.375740 1.500856
1.374365 1.500894
1.372990 1.500911
1.371617 1.500874
1.370246 1.500865
1.368875 1.500808
1.367507 1.500831
1.366139 1.500879
1.364773 1.500842
1.363408 1.500806
1.362045 1.500807
1.360683 1.500798
1.359322 1.500830
1.357963 1.500857
1.356605 1.500869
1.355248 1.500912
1.353893 1.500917
1.352539 1.500891
1.351186 1.500897
1.349835 1.500920
1.348485 1.500959
1.347137 1.500943
1.345790 1.500915
1.344444 1.500922
1.343100 1.500900
1.341756 1.500889
1.340415 1.500890
1.339074 1.500901
1.337735 1.500904
1.336397 1.500914
1.335061 1.500901
1.333726 1.500853
1.332392 1.500811
1.331060 1.500840
1.329729 1.500856
1.328399 1.500849
1.327071 1.500879
1.325744 1.500871
1.324418 1.500890
1.323093 1.500896
1.321770 1.500863
1.320449 1.500840
1.319128 1.500864
1.317809 1.500867
1.316491 1.500829
1.315175 1.500835
1.313860 1.500890
1.312546 1.500913
1.311233 1.500860
1.309922 1.500874
1.308612 1.500911
1.307303 1.500908
1.305996 1.500907
1.304690 1.500870
1.303385 1.500786
1.302082 1.500786
1.300780 1.500824
1.299479 1.500850
1.298180 1.500884
1.296881 1.500862
1.295585 1.500827
1.294289 1.500811
1.292995 1.500801
1.291702 1.500815
1.290410 1.500826
1.289120 1.500845
1.287830 1.500847
1.286543 1.500855
1.285256 1.500849
1.283971 1.500859
1.282687 1.500876
1.281404 1.500855
1.280123 1.500845
1.278843 1.500852
1.277564 1.500843
1.276286 1.500871
1.275010 1.500897
1.273735 1.500866
1.272461 1.500813
1.271189 1.500821
1.269918 1.500816
1.268648 1.500820
1.267379 1.500842
1.266112 1.500836
1.264846 1.500797
1.263581 1.500773
1.262317 1.500799
1.261055 1.500779
1.259794 1.500744
1.258534 1.500743
1.257275 1.500746
1.256018 1.500762
1.254762 1.500798
1.253507 1.500822
1.252254 1.500828
1.251002 1.500840
1.249751 1.500833
1.248501 1.500829
1.247252 1.500820
1.246005 1.500824
1.244759 1.500817
1.243514 1.500805
1.242271 1.500833
1.241029 1.500812
1.239788 1.500830
1.238548 1.500871
1.237309 1.500833
1.236072 1.500811
1.234836 1.500836
1.233601 1.500860
1.232367 1.500856
1.231135 1.500851
1.229904 1.500869
1.228674 1.500827
1.227445 1.500826
1.226218 1.500873
1.224992 1.500909
1.223767 1.500896
1.222543 1.500874
1.221320 1.500856
1.220099 1.500831
1.218879 1.500831
1.217660 1.500809
1.216442 1.500798
1.215226 1.500788
1.214011 1.500737
1.212797 1.500706
1.211584 1.500711
1.210372 1.500712
1.209162 1.500718
1.207953 1.500756
1.206745 1.500776
1.205538 1.500828
1.204333 1.500839
1.203128 1.500817
1.201925 1.500808
1.200723 1.500841
1.199522 1.500838
1.198323 1.500811
1.197125 1.500814
1.195927 1.500849
1.194732 1.500849
1.193537 1.500854
1.192343 1.500846
1.191151 1.500809
1.189960 1.500799
1.188770 1.500796
1.187581 1.500773
1.186393 1.500747
1.185207 1.500755
1.184022 1.500764
1.182838 1.500730
1.181655 1.500738
1.180473 1.500762
1.179293 1.500754
1.178114 1.500796
1.176935 1.500781
1.175759 1.500736
1.174583 1.500793
1.173408 1.500827
1.172235 1.500818
1.171063 1.500843
1.169891 1.500868
1.168722 1.500870
1.167553 1.500890
1.166385 1.500905
1.165219 1.500899
1.164054 1.500888
1.162890 1.500864
1.161727 1.500890
1.160565 1.500949
1.159404 1.500932
1.158245 1.500888
1.157087 1.500871
1.155930 1.500882
1.154774 1.500891
1.153619 1.500937
1.152465 1.500952
1.151313 1.500919
1.150162 1.500897
1.149011 1.500904
1.147862 1.500890
1.146715 1.500852
1.145568 1.500834
1.144422 1.500840
1.143278 1.500824
1.142135 1.500799
1.140992 1.500827
1.139851 1.500857
1.138712 1.500858
1.137573 1.500865
1.136435 1.500885
1.135299 1.500927
1.134164 1.500955
1.133029 1.500940
1.131896 1.500872
1.130765 1.500841
1.129634 1.500878
1.128504 1.500875
1.127376 1.500859
1.126248 1.500847
1.125122 1.500875
1.123997 1.500876
1.122873 1.500786
1.121750 1.500734
1.120628 1.500767
1.119508 1.500788
1.118388 1.500762
1.117270 1.500770
1.116152 1.500807
1.115036 1.500841
1.113921 1.500813
1.112807 1.500782
1.111695 1.500804
1.110583 1.500760
1.109472 1.500722
1.108363 1.500741
1.107254 1.500763
1.106147 1.500768
1.105041 1.500789
1.103936 1.500818
1.102832 1.500826
1.101729 1.500805
1.100627 1.500831
1.099527 1.500861
1.098427 1.500827
1.097329 1.500804
1.096232 1.500803
1.095135 1.500810
1.094040 1.500814
1.092946 1.500816
1.091853 1.500826
1.090761 1.500841
1.089671 1.500849
1.088581 1.500841
1.087492 1.500837
1.086405 1.500853
1.085318 1.500883
1.084233 1.500930
1.083149 1.500979
1.082066 1.500983
1.080984 1.500941
1.079903 1.500911
1.078823 1.500909
1.077744 1.500924
1.076666 1.500968
1.075590 1.500934
1.074514 1.500901
1.073439 1.500889
1.072366 1.500899
1.071294 1.500918
1.070222 1.500974
1.069152 1.500927
1.068083 1.500842
1.067015 1.500863
1.065948 1.500951
1.064882 1.500941
1.063817 1.500869
1.062753 1.500813
1.061690 1.500816
1.060629 1.500883
1.059568 1.500921
1.058509 1.500948
1.057450 1.500949
1.056393 1.500889
1.055336 1.500905
1.054281 1.500981
1.053227 1.500958
1.052173 1.500905
1.051121 1.500868
1.050070 1.500806
1.049020 1.500737
1.047971 1.500753
1.046923 1.500813
1.045876 1.500803
1.044830 1.500822
1.043785 1.500830
1.042742 1.500810
1.041699 1.500861
1.040657 1.500929
1.039617 1.500965
1.038577 1.500933
1.037538 1.500908
1.036501 1.500938
1.035464 1.500915
1.034429 1.500885
1.033394 1.500915
1.032361 1.500928
1.031329 1.500930
1.030297 1.500929
1.029267 1.500919
1.028238 1.500920
1.027210 1.500935
1.026182 1.500939
1.025156 1.500924
1.024131 1.500904
1.023107 1.500893
1.022084 1.500900
1.021062 1.500972
1.020041 1.501007
1.019021 1.500962
1.018002 1.500942
1.016984 1.500995
1.015967 1.500979
1.014951 1.500931
1.013936 1.500921
1.012922 1.500918
1.011909 1.500953
1.010897 1.500952
1.009886 1.500966
1.008876 1.501001
1.007867 1.500978
1.006859 1.500942
1.005852 1.500954
1.004847 1.500997
1.003842 1.501007
1.002838 1.500968
1.001835 1.501022
1.000833 1.501060
0.999832 1.500992
0.998833 1.500963
0.997834 1.501009
0.996836 1.501029
0.995839 1.501083
0.994843 1.501071
0.993848 1.501038
0.992855 1.501043
0.991862 1.501080
0.990870 1.501133
0.989879 1.501123
0.988889 1.501093
0.987900 1.501147
0.986912 1.501132
0.985925 1.501052
0.984939 1.501069
0.983955 1.501121
0.982971 1.501095
0.981988 1.501104
0.981006 1.501118
0.980025 1.501165
0.979045 1.501192
0.978066 1.501126
0.977087 1.501108
0.976110 1.501116
0.975134 1.501145
0.974159 1.501097
0.973185 1.501088
0.972212 1.501132
0.971240 1.501116
0.970268 1.501083
0.969298 1.501083
0.968329 1.501112
0.967360 1.501101
0.966393 1.501089
0.965427 1.501099
0.964461 1.501109
0.963497 1.501169
0.962533 1.501161
0.961571 1.501034
0.960609 1.500952
0.959649 1.500970
0.958689 1.501031
0.957730 1.501089
0.956773 1.501116
0.955816 1.501053
0.954860 1.501127
0.953905 1.501206
0.952951 1.501166
0.951998 1.501192
0.951046 1.501240
0.950095 1.501265
0.949145 1.501217
0.948196 1.501161
0.947248 1.501171
0.946301 1.501164
0.945354 1.501130
0.944409 1.501132
0.943464 1.501211
0.942521 1.501247
0.941578 1.501206
0.940637 1.501179
0.939696 1.501245
0.938757 1.501272
0.937818 1.501258
0.936880 1.501267
0.935943 1.501283
0.935007 1.501303
0.934072 1.501329
0.933138 1.501323
0.932205 1.501338
0.931273 1.501319
0.930341 1.501291
0.929411 1.501289
0.928482 1.501291
0.927553 1.501271
0.926626 1.501210
0.925699 1.501217
0.924773 1.501238
0.923849 1.501246
0.922925 1.501246
0.922002 1.501259
0.921080 1.501291
0.920159 1.501247
0.919239 1.501203
0.918319 1.501193
0.917401 1.501233
0.916484 1.501265
0.915567 1.501242
0.914652 1.501206
0.913737 1.501201
0.912823 1.501219
0.911910 1.501236
0.910998 1.501220
0.910087 1.501240
0.909177 1.501241
0.908268 1.501165
0.907360 1.501157
0.906453 1.501128
0.905546 1.501143
0.904641 1.501211
0.903736 1.501213
0.902832 1.501200
0.901929 1.501192
0.901027 1.501127
0.900126 1.501138
0.899226 1.501236
0.898327 1.501274
0.897429 1.501222
0.896531 1.501211
0.895635 1.501189
0.894739 1.501134
0.893844 1.501100
0.892951 1.501141
0.892058 1.501128
0.891166 1.501069
0.890274 1.501068
0.889384 1.501086
0.888495 1.501120
0.887606 1.501166
0.886719 1.501160
0.885832 1.501134
0.884946 1.501174
0.884061 1.501167
0.883177 1.501162
0.882294 1.501169
0.881412 1.501185
0.880530 1.501168
0.879650 1.501181
0.878770 1.501232
0.877891 1.501311
0.877013 1.501367
0.876136 1.501351
0.875260 1.501318
0.874385 1.501321
0.873511 1.501322
0.872637 1.501312
0.871764 1.501326
0.870893 1.501349
0.870022 1.501362
0.869152 1.501301
0.868283 1.501247
0.867414 1.501254
0.866547 1.501291
0.865680 1.501339
0.864815 1.501259
0.863950 1.501150
0.863086 1.501220
0.862223 1.501294
0.861361 1.501229
0.860499 1.501186
0.859639 1.501222
0.858779 1.501230
0.857920 1.501256
0.857062 1.501310
0.856205 1.501350
0.855349 1.501341
0.854494 1.501282
0.853639 1.501234
0.852786 1.501258
0.851933 1.501270
0.851081 1.501275
0.850230 1.501308
0.849380 1.501334
0.848530 1.501271
0.847682 1.501225
0.846834 1.501263
0.845987 1.501289
0.845141 1.501312
0.844296 1.501302
0.843452 1.501280
0.842608 1.501271
0.841766 1.501325
0.840924 1.501354
0.840083 1.501353
0.839243 1.501396
0.838404 1.501467
0.837565 1.501525
0.836728 1.501536
0.835891 1.501556
0.835055 1.501486
0.834220 1.501445
0.833386 1.501422
0.832552 1.501446
0.831720 1.501530
0.830888 1.501690
0.830057 1.501755
0.829227 1.501636
0.828398 1.501594
0.827570 1.501659
0.826742 1.501706
0.825915 1.501653
0.825089 1.501622
0.824264 1.501655
0.823440 1.501597
0.822617 1.501625
0.821794 1.501761
0.820972 1.501769
0.820151 1.501714
0.819331 1.501615
0.818512 1.501565
0.817693 1.501814
0.816875 1.501903
0.816059 1.501851
0.815243 1.501820
0.814427 1.501757
0.813613 1.501637
0.812799 1.501645
0.811986 1.501701
0.811174 1.501592
0.810363 1.501470
0.809553 1.501498
0.808743 1.501496
0.807935 1.501434
0.807127 1.501498
0.806320 1.501473
0.805513 1.501486
0.804708 1.501508
0.803903 1.501396
0.803099 1.501294
0.802296 1.501325
0.801494 1.501386
0.800692 1.501476
0.799892 1.501537
0.799092 1.501507
0.798293 1.501532
0.797494 1.501571
0.796697 1.501524
0.795900 1.501433
0.795104 1.501455
0.794309 1.501529
0.793515 1.501538
0.792721 1.501566
0.791929 1.501615
0.791137 1.501552
0.790345 1.501514
0.789555 1.501567
0.788766 1.501663
0.787977 1.501631
0.787189 1.501655
0.786402 1.501613
0.785615 1.501570
0.784830 1.501576
0.784045 1.501683
0.783261 1.501673
0.782477 1.501541
0.781695 1.501492
0.780913 1.501577
0.780132 1.501595
0.779352 1.501581
0.778573 1.501536
0.777794 1.501498
0.777017 1.501577
0.776240 1.501522
0.775463 1.501535
0.774688 1.501615
0.773913 1.501580
0.773139 1.501499
0.772366 1.501456
0.771594 1.501535
0.770822 1.501563
0.770051 1.501488
0.769281 1.501482
0.768512 1.501525
0.767743 1.501631
0.766976 1.501762
0.766209 1.501713
0.765443 1.501654
0.764677 1.501625
0.763912 1.501579
0.763148 1.501645
0.762385 1.501542
0.761623 1.501518
0.760861 1.501538
0.760100 1.501605
0.759340 1.501636
0.758581 1.501658
0.757822 1.501643
0.757065 1.501576
0.756308 1.501636
0.755551 1.501671
0.754796 1.501561
0.754041 1.501518
0.753287 1.501553
0.752534 1.501477
0.751781 1.501500
0.751029 1.501547
0.750278 1.501531
0.749528 1.501590
0.748778 1.501643
0.748030 1.501483
0.747282 1.501313
0.746534 1.501373
0.745788 1.501522
0.745042 1.501512
0.744297 1.501494
0.743553 1.501447
0.742809 1.501467
0.742066 1.501422
0.741324 1.501354
0.740583 1.501353
0.739842 1.501376
0.739102 1.501391
0.738363 1.501421
0.737625 1.501465
0.736887 1.501562
0.736151 1.501582
0.735414 1.501499
0.734679 1.501421
0.733944 1.501425
0.733210 1.501502
0.732477 1.501553
0.731745 1.501521
0.731013 1.501546
0.730282 1.501580
0.729552 1.501591
0.728822 1.501542
0.728093 1.501564
0.727365 1.501591
0.726638 1.501622
0.725911 1.501655
0.725185 1.501641
0.724460 1.501608
0.723736 1.501615
0.723012 1.501687
0.722289 1.501683
0.721567 1.501680
0.720845 1.501701
0.720124 1.501599
0.719404 1.501578
0.718685 1.501678
0.717966 1.501724
0.717248 1.501696
0.716531 1.501645
0.715814 1.501688
0.715098 1.501722
0.714383 1.501618
0.713669 1.501559
0.712955 1.501603
0.712242 1.501626
0.711530 1.501627
0.710818 1.501497
0.710108 1.501614
0.709398 1.501716
0.708688 1.501655
0.707979 1.501652
0.707271 1.501756
0.706564 1.501798
0.705858 1.501758
0.705152 1.501705
0.704447 1.501649
0.703742 1.501638
0.703038 1.501675
0.702335 1.501653
0.701633 1.501614
0.700931 1.501676
0.700231 1.501597
0.699530 1.501607
0.698831 1.501727
0.698132 1.501699
0.697434 1.501705
0.696736 1.501809
0.696040 1.501824
0.695344 1.501741
0.694648 1.501696
0.693954 1.501675
0.693260 1.501656
0.692566 1.501797
0.691874 1.501918
0.691182 1.501937
0.690491 1.501874
0.689800 1.501866
0.689110 1.501848
0.688421 1.501864
0.687733 1.501822
0.687045 1.501671
0.686358 1.501699
0.685672 1.501711
0.684986 1.501688
0.684301 1.501691
0.683617 1.501736
0.682933 1.501794
0.682250 1.501831
0.681568 1.501808
0.680886 1.501693
0.680206 1.501650
0.679525 1.501693
0.678846 1.501779
0.678167 1.501791
0.677489 1.501702
0.676811 1.501670
0.676135 1.501665
0.675458 1.501762
0.674783 1.501773
0.674108 1.501692
0.673434 1.501666
0.672761 1.501693
0.672088 1.501724
0.671416 1.501674
0.670744 1.501681
0.670074 1.501708
0.669404 1.501710
0.668734 1.501775
0.668065 1.501845
0.667397 1.501804
0.666730 1.501803
0.666063 1.501901
0.665397 1.501855
0.664732 1.501746
0.664067 1.501677
0.663403 1.501653
0.662740 1.501652
0.662077 1.501762
0.661415 1.501777
0.660753 1.501708
0.660093 1.501778
0.659432 1.501827
0.658773 1.501790
0.658114 1.501718
0.657456 1.501689
0.656799 1.501668
0.656142 1.501695
0.655486 1.501761
0.654830 1.501731
0.654175 1.501743
0.653521 1.501748
0.652868 1.501721
0.652215 1.501749
0.651563 1.501781
0.650911 1.501816
0.650260 1.501801
0.649610 1.501779
0.648960 1.501867
0.648311 1.501930
0.647663 1.501865
0.647015 1.501848
0.646368 1.501898
0.645722 1.501853
0.645076 1.501790
0.644431 1.501850
0.643787 1.501896
0.643143 1.501898
0.642500 1.501951
0.641857 1.502004
0.641215 1.501868
0.640574 1.501744
0.639934 1.501926
0.639294 1.502019
0.638654 1.502092
0.638016 1.502133
0.637378 1.502123
0.636740 1.502054
0.636104 1.502052
0.635468 1.502025
0.634832 1.502006
0.634197 1.502170
0.633563 1.502224
0.632930 1.502255
0.632297 1.502305
0.631664 1.502275
0.631033 1.502385
0.630402 1.502519
0.629771 1.502392
0.629141 1.502159
0.628512 1.502092
0.627884 1.502275
0.627256 1.502325
0.626629 1.502188
0.626002 1.502203
0.625376 1.502160
0.624751 1.501922
0.624126 1.501872
0.623502 1.501942
0.622878 1.502006
0.622255 1.502156
0.621633 1.502242
0.621011 1.502296
0.620390 1.502202
0.619770 1.502069
0.619150 1.502120
0.618531 1.502086
0.617913 1.501935
0.617295 1.501851
0.616677 1.501846
0.616061 1.501865
0.615445 1.501880
0.614829 1.501906
0.614214 1.501901
0.613600 1.501947
0.612987 1.501988
0.612374 1.501992
0.611761 1.502057
0.611149 1.502070
0.610538 1.502093
0.609928 1.502215
0.609318 1.502232
0.608709 1.502069
0.608100 1.501922
0.607492 1.501981
0.606884 1.502047
0.606277 1.502078
0.605671 1.501999
0.605065 1.501889
0.604460 1.501877
0.603856 1.501920
0.603252 1.501872
0.602649 1.501754
0.602046 1.501740
0.601444 1.501750
0.600843 1.501784
0.600242 1.501795
0.599642 1.501824
0.599042 1.501851
0.598443 1.501855
0.597844 1.501899
0.597247 1.501868
0.596649 1.501909
0.596053 1.501868
0.595457 1.501829
0.594861 1.501862
0.594266 1.501924
0.593672 1.502053
0.593078 1.502122
0.592485 1.501997
0.591893 1.501991
0.591301 1.502030
0.590710 1.501944
0.590119 1.501884
0.589529 1.501803
0.588939 1.501781
0.588350 1.501914
0.587762 1.502041
0.587174 1.501974
0.586587 1.501990
0.586000 1.502021
0.585414 1.501924
0.584829 1.501880
0.584244 1.502025
0.583660 1.502139
0.583076 1.502168
0.582493 1.502066
0.581911 1.501961
0.581329 1.501931
0.580747 1.501993
0.580167 1.502113
0.579587 1.502025
0.579007 1.501964
0.578428 1.501929
0.577850 1.501977
0.577272 1.502161
0.576694 1.502261
0.576118 1.502175
0.575542 1.502171
0.574966 1.502327
0.574391 1.502301
0.573817 1.502063
0.573243 1.502057
0.572670 1.502158
0.572097 1.502206
0.571525 1.502181
0.570953 1.502201
0.570382 1.502344
0.569812 1.502382
0.569242 1.502313
0.568673 1.502205
0.568104 1.502335
0.567536 1.502262
0.566969 1.502156
0.566402 1.502230
0.565835 1.502353
0.565269 1.502372
0.564704 1.502310
0.564139 1.502199
0.563575 1.502100
0.563012 1.502051
0.562449 1.502032
0.561886 1.502016
0.561324 1.502111
0.560763 1.502046
0.560202 1.502028
0.559642 1.502011
0.559082 1.502132
0.558523 1.502059
0.557965 1.501938
0.557407 1.502090
0.556850 1.502188
0.556293 1.502129
0.555736 1.502155
0.555181 1.502219
0.554625 1.502180
0.554071 1.502056
0.553517 1.501988
0.552963 1.501933
0.552410 1.501965
0.551858 1.502008
0.551306 1.502028
0.550755 1.502057
0.550204 1.502001
0.549654 1.501956
0.549104 1.501969
0.548555 1.501912
0.548006 1.501893
0.547458 1.502122
0.546911 1.502200
0.546364 1.502173
0.545818 1.502170
0.545272 1.502203
0.544727 1.502232
0.544182 1.502332
0.543638 1.502304
0.543094 1.502177
0.542551 1.502152
0.542008 1.502190
0.541466 1.502227
0.540925 1.502314
0.540384 1.502233
0.539844 1.502161
0.539304 1.502400
0.538764 1.502386
0.538226 1.502198
0.537687 1.502164
0.537150 1.502162
0.536613 1.502286
0.536076 1.502202
0.535540 1.502005
0.535004 1.502127
0.534469 1.502343
0.533935 1.502367
0.533401 1.502238
0.532868 1.502187
0.532335 1.502313
0.531802 1.502477
0.531271 1.502495
0.530739 1.502378
0.530209 1.502232
0.529678 1.502179
0.529149 1.502261
0.528620 1.502374
0.528091 1.502403
0.527563 1.502385
0.527035 1.502490
0.526508 1.502460
0.525982 1.502296
0.525456 1.502292
0.524930 1.502435
0.524405 1.502441
0.523881 1.502341
0.523357 1.502320
0.522834 1.502284
0.522311 1.502263
0.521789 1.502258
0.521267 1.502247
0.520746 1.502339
0.520225 1.502438
0.519705 1.502496
0.519185 1.502460
0.518666 1.502320
0.518147 1.502408
0.517629 1.502579
0.517111 1.502636
0.516594 1.502625
0.516078 1.502431
0.515561 1.502379
0.515046 1.502412
0.514531 1.502604
0.514016 1.502701
0.513502 1.502669
0.512989 1.502504
0.512476 1.502277
0.511963 1.502186
0.511451 1.502281
0.510940 1.502366
0.510429 1.502420
0.509919 1.502296
0.509409 1.502160
0.508899 1.502222
0.508390 1.502201
0.507882 1.502268
0.507374 1.502539
0.506867 1.502449
0.506360 1.502410
0.505853 1.502425
0.505348 1.502443
0.504842 1.502390
0.504337 1.502274
0.503833 1.502443
0.503329 1.502754
0.502826 1.502783
0.502323 1.502650
0.501821 1.502535
0.501319 1.502431
0.500818 1.502331
0.500317 1.502380
0.499816 1.502400
0.499317 1.502277
0.498817 1.502162
0.498319 1.502242
0.497820 1.502262
0.497322 1.502228
0.496825 1.502231
0.496328 1.502352
0.495832 1.502433
0.495336 1.502361
0.494841 1.502388
0.494346 1.502472
0.493852 1.502462
0.493358 1.502365
0.492864 1.502406
0.492371 1.502447
0.491879 1.502440
0.491387 1.502410
0.490896 1.502250
0.490405 1.502247
0.489915 1.502385
0.489425 1.502423
0.488935 1.502335
0.488446 1.502411
0.487958 1.502527
0.487470 1.502554
0.486982 1.502449
0.486495 1.502400
0.486009 1.502441
0.485523 1.502536
0.485037 1.502543
0.484552 1.502482
0.484068 1.502301
0.483584 1.502377
0.483100 1.502423
0.482617 1.502481
0.482134 1.502599
0.481652 1.502786
0.481171 1.502934
0.480689 1.502932
0.480209 1.502838
0.479729 1.502826
0.479249 1.502967
0.478770 1.503140
0.478291 1.503138
0.477813 1.502961
0.477335 1.502718
0.476857 1.502638
0.476381 1.502809
0.475904 1.503067
0.475428 1.503150
0.474953 1.502978
0.474478 1.502734
0.474003 1.502568
0.473529 1.502702
0.473056 1.502821
0.472583 1.502866
0.472110 1.502847
0.471638 1.502810
0.471166 1.502714
0.470695 1.502823
0.470225 1.502844
0.469754 1.502748
0.469285 1.502546
0.468815 1.502460
0.468347 1.502484
0.467878 1.502520
0.467410 1.502550
0.466943 1.502672
0.466476 1.502667
0.466009 1.502462
0.465543 1.502376
0.465078 1.502492
0.464613 1.502596
0.464148 1.502665
0.463684 1.502763
0.463220 1.502993
0.462757 1.502927
0.462294 1.502725
0.461832 1.502796
0.461370 1.502765
0.460909 1.502666
0.460448 1.502632
0.459988 1.502570
0.459528 1.502474
0.459068 1.502716
0.458609 1.502880
0.458150 1.502724
0.457692 1.502586
0.457235 1.502537
0.456777 1.502459
0.456321 1.502322
0.455864 1.502426
0.455408 1.502700
0.454953 1.502796
0.454498 1.502773
0.454043 1.502793
0.453589 1.502745
0.453136 1.502751
0.452683 1.502600
0.452230 1.502600
0.451778 1.502581
0.451326 1.502472
0.450875 1.502636
0.450424 1.502687
0.449973 1.502567
0.449523 1.502612
0.449074 1.502715
0.448625 1.502625
0.448176 1.502550
0.447728 1.502675
0.447280 1.502731
0.446833 1.502648
0.446386 1.502466
0.445940 1.502327
0.445494 1.502410
0.445048 1.502611
0.444603 1.502645
0.444159 1.502515
0.443715 1.502450
0.443271 1.502543
0.442828 1.502571
0.442385 1.502451
0.441942 1.502378
0.441500 1.502448
0.441059 1.502493
0.440618 1.502672
0.440177 1.502749
0.439737 1.502684
0.439297 1.502643
0.438858 1.502639
0.438419 1.502530
0.437981 1.502370
0.437543 1.502345
0.437105 1.502527
0.436668 1.502640
0.436231 1.502486
0.435795 1.502559
0.435359 1.502824
0.434924 1.503028
0.434489 1.503160
0.434055 1.503118
0.433621 1.503007
0.433187 1.502970
0.432754 1.502955
0.432321 1.502801
0.431889 1.502653
0.431457 1.502739
0.431025 1.502781
0.430594 1.502823
0.430164 1.502988
0.429734 1.502912
0.429304 1.502728
0.428875 1.502775
0.428446 1.502856
0.428017 1.503066
0.427589 1.503016
0.427162 1.502968
0.426734 1.502795
0.426308 1.502849
0.425881 1.503166
0.425456 1.503051
0.425030 1.502796
0.424605 1.502532
0.424180 1.502457
0.423756 1.502461
0.423332 1.502717
0.422909 1.503017
0.422486 1.503125
0.422064 1.503049
0.421642 1.503084
0.421220 1.503038
0.420799 1.503272
0.420378 1.503309
0.419958 1.502951
0.419538 1.503008
0.419118 1.503122
0.418699 1.502940
0.418280 1.502798
0.417862 1.502821
0.417444 1.502856
0.417027 1.502861
0.416610 1.502940
0.416193 1.502860
0.415777 1.502543
0.415361 1.502519
0.414946 1.502692
0.414531 1.502904
0.414116 1.502976
0.413702 1.502899
0.413289 1.502923
0.412875 1.502966
0.412462 1.502850
0.412050 1.502827
0.411638 1.502832
0.411226 1.502783
0.410815 1.502782
0.410404 1.502791
0.409994 1.502920
0.409584 1.502930
0.409174 1.502847
0.408765 1.502971
0.408356 1.503025
0.407948 1.502985
0.407540 1.502889
0.407132 1.502889
0.406725 1.503004
0.406319 1.503023
0.405912 1.502908
0.405506 1.502836
0.405101 1.502836
0.404696 1.502945
0.404291 1.502789
0.403887 1.502701
0.403483 1.502715
0.403079 1.502709
0.402676 1.502773
0.402274 1.502746
0.401871 1.502758
0.401469 1.502777
0.401068 1.502655
0.400667 1.502797
0.400266 1.502828
0.399866 1.502652
0.399466 1.502661
0.399067 1.502674
0.398668 1.502849
0.398269 1.503077
0.397871 1.502864
0.397473 1.502801
0.397075 1.502957
0.396678 1.502916
0.396282 1.502788
0.395885 1.502721
0.395489 1.502724
0.395094 1.502892
0.394699 1.502874
0.394304 1.502782
0.393910 1.502853
0.393516 1.502975
0.393122 1.502900
0.392729 1.502790
0.392337 1.502860
0.391944 1.502949
0.391552 1.502729
0.391161 1.502720
0.390770 1.502860
0.390379 1.502930
0.389988 1.502881
0.389598 1.502973
0.389209 1.503220
0.388820 1.503221
0.388431 1.503102
0.388042 1.503092
0.387654 1.503045
0.387267 1.502925
0.386879 1.502865
0.386492 1.502898
0.386106 1.503057
0.385720 1.503022
0.385334 1.502996
0.384949 1.502948
0.384564 1.502937
0.384179 1.503166
0.383795 1.503378
0.383411 1.503480
0.383028 1.503613
0.382645 1.503541
0.382262 1.503342
0.381880 1.503333
0.381498 1.503264
0.381117 1.503355
0.380735 1.503422
0.380355 1.503365
0.379974 1.503408
0.379594 1.503469
0.379215 1.503263
0.378836 1.502996
0.378457 1.503211
0.378078 1.503333
0.377700 1.503378
0.377323 1.503510
0.376945 1.503493
0.376568 1.503315
0.376192 1.503219
0.375816 1.503297
0.375440 1.503493
0.375064 1.503437
0.374689 1.503355
0.374315 1.503264
0.373940 1.503109
0.373566 1.502839
0.373193 1.502918
0.372819 1.502860
0.372447 1.503142
0.372074 1.503318
0.371702 1.503299
0.371330 1.503606
0.370959 1.503696
0.370588 1.503463
0.370218 1.503311
0.369847 1.503238
0.369478 1.503306
0.369108 1.503412
0.368739 1.503514
0.368370 1.503580
0.368002 1.503555
0.367634 1.503356
0.367266 1.503177
0.366899 1.503422
0.366532 1.503543
0.366165 1.503267
0.365799 1.503161
0.365434 1.503245
0.365068 1.503238
0.364703 1.503192
0.364338 1.503143
0.363974 1.503135
0.363610 1.502983
0.363246 1.502935
0.362883 1.502862
0.362520 1.502764
0.362158 1.502727
0.361796 1.502810
0.361434 1.503085
0.361072 1.503184
0.360711 1.503171
0.360351 1.503230
0.359990 1.503351
0.359630 1.503286
0.359271 1.503092
0.358911 1.503018
0.358552 1.503105
0.358194 1.503287
0.357836 1.503224
0.357478 1.503189
0.357120 1.503213
0.356763 1.503163
0.356406 1.503152
0.356050 1.503181
0.355694 1.503159
0.355338 1.503259
0.354983 1.503412
0.354628 1.503545
0.354273 1.503662
0.353919 1.503480
0.353565 1.503252
0.353212 1.503320
0.352858 1.503562
0.352506 1.503627
0.352153 1.503677
0.351801 1.503661
0.351449 1.503564
0.351098 1.503683
0.350747 1.503691
0.350396 1.503397
0.350045 1.503091
0.349695 1.503117
0.349346 1.503378
0.348996 1.503544
0.348647 1.503581
0.348299 1.503601
0.347950 1.503519
0.347602 1.503346
0.347255 1.503120
0.346908 1.503113
0.346561 1.503232
0.346214 1.503297
0.345868 1.503517
0.345522 1.503620
0.345176 1.503690
0.344831 1.503836
0.344486 1.503830
0.344142 1.503711
0.343798 1.503696
0.343454 1.503703
0.343111 1.503611
0.342767 1.503460
0.342425 1.503602
0.342082 1.503870
0.341740 1.503948
0.341398 1.503839
0.341057 1.503683
0.340716 1.503495
0.340375 1.503338
0.340035 1.503329
0.339695 1.503500
0.339355 1.503849
0.339016 1.504183
0.338677 1.504157
0.338338 1.503825
0.338000 1.503636
0.337662 1.503708
0.337324 1.503904
0.336987 1.503840
0.336650 1.503687
0.336313 1.503683
0.335977 1.503581
0.335641 1.503562
0.335305 1.503677
0.334970 1.503777
0.334635 1.503781
0.334300 1.503764
0.333966 1.503759
0.333632 1.503609
0.333298 1.503382
0.332965 1.503236
0.332632 1.503380
0.332300 1.503486
0.331967 1.503346
0.331635 1.503250
0.331304 1.503558
0.330972 1.504025
0.330641 1.504102
0.330311 1.503783
0.329980 1.503564
0.329650 1.503544
0.329321 1.503754
0.328991 1.503773
0.328662 1.503604
0.328334 1.503526
0.328005 1.503572
0.327677 1.503469
0.327350 1.503275
0.327022 1.503500
0.326695 1.503595
0.326369 1.503448
0.326042 1.503502
0.325716 1.503672
0.325391 1.503670
0.325065 1.503885
0.324740 1.503979
0.324415 1.503678
0.324091 1.503731
0.323767 1.503871
0.323443 1.503790
0.323120 1.503651
0.322797 1.503547
0.322474 1.503323
0.322151 1.503554
0.321829 1.503887
0.321507 1.504015
0.321186 1.504159
0.320865 1.504030
0.320544 1.503818
0.320223 1.503850
0.319903 1.503933
0.319583 1.503802
0.319264 1.503631
0.318944 1.503628
0.318625 1.503815
0.318307 1.504095
0.317988 1.504047
0.317670 1.504037
0.317353 1.503885
0.317035 1.503483
0.316718 1.503728
0.316402 1.504233
0.316085 1.504188
0.315769 1.504073
0.315453 1.503966
0.315138 1.503879
0.314823 1.503651
0.314508 1.503679
0.314193 1.503802
0.313879 1.503899
0.313565 1.503917
0.313252 1.503957
0.312939 1.503766
0.312626 1.503981
0.312313 1.504125
0.312001 1.503930
0.311689 1.503861
0.311377 1.503959
0.311066 1.504272
0.310755 1.504273
0.310444 1.504031
0.310133 1.503970
0.309823 1.504036
0.309513 1.504247
0.309204 1.504278
0.308895 1.503715
0.308586 1.503566
0.308277 1.503639
0.307969 1.503442
0.307661 1.503464
0.307353 1.503599
0.307046 1.503716
0.306739 1.504010
0.306432 1.503994
0.306126 1.503880
0.305820 1.503723
0.305514 1.503715
0.305208 1.503809
0.304903 1.503758
0.304598 1.503726
0.304294 1.503716
0.303989 1.503711
0.303685 1.503573
0.303382 1.503405
0.303078 1.503618
0.302775 1.503849
0.302472 1.503823
0.302170 1.503676
0.301868 1.503556
0.301566 1.503653
0.301264 1.503886
0.300963 1.504118
0.300662 1.504281
0.300361 1.504170
0.300061 1.504151
0.299761 1.504005
0.299461 1.503811
0.299162 1.503725
0.298863 1.503611
0.298564 1.503501
0.298265 1.503571
0.297967 1.503794
0.297669 1.503870
0.297371 1.503739
0.297074 1.503762
0.296777 1.503771
0.296480 1.504023
0.296184 1.504357
0.295887 1.503999
0.295591 1.503609
0.295296 1.503707
0.295001 1.504046
0.294706 1.504254
0.294411 1.503978
0.294116 1.503872
0.293822 1.503975
0.293529 1.504177
0.293235 1.504282
0.292942 1.504068
0.292649 1.503975
0.292356 1.504034
0.292064 1.503969
0.291772 1.503870
0.291480 1.503798
0.291188 1.503863
0.290897 1.504176
0.290606 1.504432
0.290316 1.504081
0.290025 1.503681
0.289735 1.503985
0.289446 1.504243
0.289156 1.504252
0.288867 1.504245
0.288578 1.504206
0.288290 1.504390
0.288001 1.504512
0.287713 1.504229
0.287426 1.504251
0.287138 1.504397
0.286851 1.504356
0.286564 1.504446
0.286278 1.504478
0.285991 1.504303
0.285705 1.504197
0.285420 1.504393
0.285134 1.504642
0.284849 1.504498
0.284564 1.504526
0.284280 1.504612
0.283995 1.504519
0.283711 1.504118
0.283428 1.504158
0.283144 1.504244
0.282861 1.504196
0.282578 1.504087
0.282296 1.504127
0.282013 1.504126
0.281731 1.504047
0.281450 1.503876
0.281168 1.503813
0.280887 1.503973
0.280606 1.504061
0.280326 1.503831
0.280045 1.503637
0.279765 1.503917
0.279485 1.504337
0.279206 1.504495
0.278927 1.504426
0.278648 1.504274
0.278369 1.504114
0.278091 1.504241
0.277813 1.504233
0.277535 1.503950
0.277257 1.503741
0.276980 1.503663
0.276703 1.503690
0.276426 1.503888
0.276150 1.504177
0.275874 1.504375
0.275598 1.504331
0.275322 1.504536
0.275047 1.504538
0.274772 1.504307
0.274497 1.504208
0.274223 1.504198
0.273949 1.504367
0.273675 1.504390
0.273401 1.504350
0.273128 1.504318
0.272854 1.504306
0.272582 1.504206
0.272309 1.504014
0.272037 1.503831
0.271765 1.503977
0.271493 1.503939
0.271221 1.504067
0.270950 1.504399
0.270679 1.504263
0.270408 1.504135
0.270138 1.504387
0.269868 1.504986
0.269598 1.504799
0.269328 1.504602
0.269059 1.504923
0.268790 1.504492
0.268521 1.504444
0.268253 1.504503
0.267985 1.504776
0.267717 1.504877
0.267449 1.505159
0.267181 1.505058
0.266914 1.504680
0.266647 1.504839
0.266381 1.505166
0.266114 1.505137
0.265848 1.504801
0.265582 1.504598
0.265317 1.504732
0.265051 1.504837
0.264786 1.504754
0.264522 1.504630
0.264257 1.505069
0.263993 1.505282
0.263729 1.504802
0.263465 1.504400
0.263202 1.504308
0.262938 1.504483
0.262675 1.504668
0.262413 1.504328
0.262150 1.504211
0.261888 1.504495
0.261626 1.504655
0.261365 1.504713
0.261103 1.504656
0.260842 1.504376
0.260581 1.504161
0.260321 1.504168
0.260060 1.504375
0.259800 1.504542
0.259541 1.504569
0.259281 1.504247
0.259022 1.503963
0.258763 1.504017
0.258504 1.504329
0.258246 1.504395
0.257987 1.504443
0.257729 1.504543
0.257472 1.504497
0.257214 1.504743
0.256957 1.504912
0.256700 1.504630
0.256443 1.504681
0.256187 1.504677
0.255931 1.504774
0.255675 1.504630
0.255419 1.504520
0.255164 1.504524
0.254908 1.504517
0.254653 1.504501
0.254399 1.504630
0.254144 1.504882
0.253890 1.504695
0.253636 1.504140
0.253383 1.504050
0.253129 1.504403
0.252876 1.504858
0.252623 1.505175
0.252371 1.505229
0.252118 1.504911
0.251866 1.504485
0.251614 1.504499
0.251363 1.504697
0.251111 1.505016
0.250860 1.505297
0.250609 1.505337
0.250359 1.505612
0.250108 1.505499
0.249858 1.505076
0.249609 1.504854
0.249359 1.504938
0.249110 1.505147
0.248860 1.505311
0.248612 1.505141
0.248363 1.505096
0.248115 1.504867
0.247866 1.504435
0.247619 1.504414
0.247371 1.504507
0.247124 1.504841
0.246877 1.505058
0.246630 1.504736
0.246383 1.504601
0.246137 1.504960
0.245890 1.505201
0.245645 1.505194
0.245399 1.504888
0.245154 1.504868
0.244908 1.505103
0.244663 1.505165
0.244419 1.505127
0.244174 1.505099
0.243930 1.504737
0.243686 1.504502
0.243443 1.504577
0.243199 1.504473
0.242956 1.504719
0.242713 1.505403
0.242470 1.505462
0.242228 1.505103
0.241986 1.504890
0.241744 1.504991
0.241502 1.505416
0.241260 1.505176
0.241019 1.504682
0.240778 1.504670
0.240537 1.504769
0.240297 1.504621
0.240056 1.504589
0.239816 1.504917
0.239577 1.505233
0.239337 1.505138
0.239098 1.505025
0.238859 1.505078
0.238620 1.505041
0.238381 1.505216
0.238143 1.505311
0.237905 1.505183
0.237667 1.505030
0.237429 1.505093
0.237192 1.505133
0.236954 1.505007
0.236717 1.505033
0.236481 1.504891
0.236244 1.504554
0.236008 1.504634
0.235772 1.505118
0.235536 1.505229
0.235301 1.504873
0.235065 1.504900
0.234830 1.504746
0.234595 1.504290
0.234361 1.504382
0.234127 1.504994
0.233892 1.505213
0.233659 1.505137
0.233425 1.504872
0.233191 1.504825
0.232958 1.505110
0.232725 1.505235
0.232493 1.505196
0.232260 1.504979
0.232028 1.504893
0.231796 1.505136
0.231564 1.505148
0.231332 1.504971
0.231101 1.505246
0.230870 1.505303
0.230639 1.505001
0.230408 1.504960
0.230178 1.505213
0.229948 1.505035
0.229718 1.505002
0.229488 1.505452
0.229259 1.505350
0.229029 1.504781
0.228800 1.504850
0.228572 1.505338
0.228343 1.505379
0.228115 1.505164
0.227887 1.505208
0.227659 1.505539
0.227431 1.505762
0.227204 1.505638
0.226976 1.505191
0.226749 1.504809
0.226523 1.505056
0.226296 1.505382
0.226070 1.505282
0.225844 1.505250
0.225618 1.505335
0.225392 1.505287
0.225167 1.505208
0.224942 1.505047
0.224717 1.505028
0.224492 1.504870
0.224268 1.504888
0.224043 1.505226
0.223819 1.505280
0.223596 1.505072
0.223372 1.505318
0.223149 1.505652
0.222925 1.505393
0.222702 1.505252
0.222480 1.505288
0.222257 1.505363
0.222035 1.505157
0.221813 1.504702
0.221591 1.504758
0.221370 1.505125
0.221148 1.505177
0.220927 1.505378
0.220706 1.505853
0.220485 1.505952
0.220265 1.505816
0.220045 1.505644
0.219825 1.505609
0.219605 1.505711
0.219385 1.505692
0.219166 1.505379
0.218947 1.505013
0.218728 1.505127
0.218509 1.505021
0.218290 1.505548
0.218072 1.506107
0.217854 1.505580
0.217636 1.505635
0.217419 1.505589
0.217201 1.505329
0.216984 1.505521
0.216767 1.505590
0.216550 1.506589
0.216334 1.506623
0.216117 1.505852
0.215901 1.505769
0.215685 1.506112
0.215470 1.505983
0.215254 1.505803
0.215039 1.505836
0.214824 1.505700
0.214609 1.505181
0.214394 1.504854
0.214180 1.505185
0.213966 1.505758
0.213752 1.505836
0.213538 1.505619
0.213325 1.505618
0.213111 1.505878
0.212898 1.506054
0.212685 1.505964
0.212473 1.505724
0.212260 1.505587
0.212048 1.505507
0.211836 1.505358
0.211624 1.505326
0.211412 1.505068
0.211201 1.505176
0.210990 1.505799
0.210779 1.506351
0.210568 1.505916
0.210357 1.505296
0.210147 1.505211
0.209937 1.505314
0.209727 1.505397
0.209517 1.505651
0.209308 1.505736
0.209098 1.504960
0.208889 1.505124
0.208680 1.505585
0.208472 1.505620
0.208263 1.505669
0.208055 1.505618
0.207847 1.505600
0.207639 1.505531
0.207432 1.505265
0.207224 1.505049
0.207017 1.505259
0.206810 1.505717
0.206603 1.505659
0.206396 1.505225
0.206190 1.505118
0.205984 1.505271
0.205778 1.506196
0.205572 1.506575
0.205366 1.505814
0.205161 1.505841
0.204956 1.506132
0.204751 1.505707
0.204546 1.505180
0.204342 1.505161
0.204137 1.505186
0.203933 1.504960
0.203729 1.505051
0.203526 1.505604
0.203322 1.505750
0.203119 1.505184
0.202916 1.505190
0.202713 1.505614
0.202510 1.505887
0.202307 1.505683
0.202105 1.505285
0.201903 1.505318
0.201701 1.505848
0.201499 1.506254
0.201298 1.505933
0.201097 1.506042
0.200896 1.506329
0.200695 1.505906
0.200494 1.505569
0.200293 1.505707
0.200093 1.505986
0.199893 1.505781
0.199693 1.505551
0.199494 1.505585
0.199294 1.505495
0.199095 1.505494
0.198896 1.505485
0.198697 1.505516
0.198498 1.505708
0.198300 1.506572
0.198101 1.507010
0.197903 1.506285
0.197705 1.505412
0.197508 1.505204
0.197310 1.505770
0.197113 1.506460
0.196916 1.506206
0.196719 1.505668
0.196522 1.505479
0.196325 1.505494
0.196129 1.505417
0.195933 1.505315
0.195737 1.505403
0.195541 1.505562
0.195346 1.505952
0.195150 1.506001
0.194955 1.505590
0.194760 1.505590
0.194566 1.506062
0.194371 1.506387
0.194177 1.506382
0.193982 1.506384
0.193788 1.506309
0.193595 1.506037
0.193401 1.505916
0.193208 1.505766
0.193014 1.505654
0.192821 1.505930
0.192629 1.505938
0.192436 1.506245
0.192244 1.506476
0.192051 1.505657
0.191859 1.505164
0.191667 1.505804
0.191476 1.506118
0.191284 1.505627
0.191093 1.505434
0.190902 1.505516
0.190711 1.505892
0.190520 1.506120
0.190330 1.505854
0.190139 1.505421
0.189949 1.505571
0.189759 1.506383
0.189570 1.506556
0.189380 1.506112
0.189191 1.505597
0.189001 1.506108
0.188812 1.506301
0.188624 1.505941
0.188435 1.506304
0.188247 1.505905
0.188058 1.506038
0.187870 1.506077
0.187682 1.506157
0.187495 1.506008
0.187307 1.505688
0.187120 1.505672
0.186933 1.505833
0.186746 1.505928
0.186559 1.505635
0.186373 1.505584
0.186186 1.505929
0.186000 1.505980
0.185814 1.505985
0.185628 1.505771
0.185443 1.505556
0.185257 1.505090
0.185072 1.505261
0.184887 1.506019
0.184702 1.506273
0.184517 1.505741
0.184333 1.505372
0.184148 1.505634
0.183964 1.505710
0.183780 1.505567
0.183596 1.505537
0.183413 1.505698
0.183229 1.505659
0.183046 1.506053
0.182863 1.506311
0.182680 1.506486
0.182498 1.506226
0.182315 1.505645
0.182133 1.505772
0.181951 1.505831
0.181769 1.505690
0.181587 1.505866
0.181405 1.505912
0.181224 1.505952
0.181043 1.506323
0.180862 1.506478
0.180681 1.506481
0.180500 1.506332
0.180320 1.506219
0.180139 1.506097
0.179959 1.506265
0.179779 1.506389
0.179599 1.506475
0.179420 1.506794
0.179240 1.506606
0.179061 1.506434
0.178882 1.506568
0.178703 1.506311
0.178525 1.506023
0.178346 1.505952
0.178168 1.505754
0.177990 1.505905
0.177812 1.505885
0.177634 1.505791
0.177456 1.506290
0.177279 1.506437
0.177101 1.506291
0.176924 1.505996
0.176747 1.505636
0.176571 1.505849
0.176394 1.506650
0.176218 1.506504
0.176041 1.505978
0.175865 1.505921
0.175689 1.505816
0.175514 1.505984
0.175338 1.506613
0.175163 1.506934
0.174988 1.506451
0.174813 1.505967
0.174638 1.506167
0.174463 1.506425
0.174289 1.506479
0.174115 1.505983
0.173940 1.506085
0.173767 1.506462
0.173593 1.506453
0.173419 1.506746
0.173246 1.507214
0.173073 1.507237
0.172899 1.506599
0.172727 1.506753
0.172554 1.506946
0.172381 1.506665
0.172209 1.506779
0.172037 1.506260
0.171865 1.505895
0.171693 1.505912
0.171521 1.506268
0.171350 1.506314
0.171178 1.505962
0.171007 1.505760
0.170836 1.506153
0.170665 1.506557
0.170495 1.506682
0.170324 1.506847
0.170154 1.506470
0.169984 1.506002
0.169814 1.505994
0.169644 1.506523
0.169474 1.506688
0.169305 1.506495
0.169135 1.506370
0.168966 1.506495
0.168797 1.506169
0.168628 1.506194
0.168460 1.506643
0.168291 1.506483
0.168123 1.506136
0.167955 1.506217
0.167787 1.506708
0.167619 1.506611
0.167452 1.506556
0.167284 1.506230
0.167117 1.505994
0.166950 1.505802
0.166783 1.505953
0.166616 1.505911
0.166449 1.506005
0.166283 1.506350
0.166117 1.506878
0.165951 1.507046
0.165785 1.506548
0.165619 1.506312
0.165453 1.506446
0.165288 1.506571
0.165122 1.506158
0.164957 1.505824
0.164792 1.506219
0.164628 1.506584
0.164463 1.506273
0.164298 1.506073
0.164134 1.506447
0.163970 1.506433
0.163806 1.506427
0.163642 1.506754
0.163479 1.506893
0.163315 1.506824
0.163152 1.506301
0.162989 1.505755
0.162826 1.506179
0.162663 1.506310
0.162500 1.505996
0.162338 1.505892
0.162175 1.505861
0.162013 1.506145
0.161851 1.506265
0.161689 1.506462
0.161528 1.506683
0.161366 1.506190
0.161205 1.505799
0.161044 1.505787
0.160882 1.505900
0.160722 1.505951
0.160561 1.506118
0.160400 1.506164
0.160240 1.506015
0.160080 1.505916
0.159920 1.506541
0.159760 1.506911
0.159600 1.506773
0.159440 1.506404
0.159281 1.506271
0.159122 1.506148
0.158962 1.506103
0.158804 1.506000
0.158645 1.505874
0.158486 1.505645
0.158328 1.505948
0.158169 1.505883
0.158011 1.506105
0.157853 1.506495
0.157695 1.506447
0.157538 1.506602
0.157380 1.507061
0.157223 1.507045
0.157065 1.507003
0.156908 1.507035
0.156751 1.506625
0.156595 1.506291
0.156438 1.506449
0.156282 1.506949
0.156125 1.506803
0.155969 1.506220
0.155813 1.506379
0.155657 1.506553
0.155502 1.506469
0.155346 1.506781
0.155191 1.506918
0.155036 1.507244
0.154881 1.507689
0.154726 1.507406
0.154571 1.507081
0.154417 1.507349
0.154262 1.507648
0.154108 1.507606
0.153954 1.507235
0.153800 1.506707
0.153646 1.506202
0.153492 1.506402
0.153339 1.507124
0.153185 1.508057
0.153032 1.508011
0.152879 1.507045
0.152726 1.507170
0.152574 1.508026
0.152421 1.508075
0.152269 1.507835
0.152116 1.507491
0.151964 1.507064
0.151812 1.506897
0.151661 1.506827
0.151509 1.506437
0.151357 1.506348
0.151206 1.506319
0.151055 1.506032
0.150904 1.505886
0.150753 1.505957
0.150602 1.506440
0.150451 1.506478
0.150301 1.506340
0.150151 1.506879
0.150001 1.507121
0.149851 1.507079
0.149701 1.507653
0.149551 1.507925
0.149401 1.507115
0.149252 1.506649
0.149103 1.506231
0.148954 1.506577
0.148805 1.507150
0.148656 1.507228
0.148507 1.507393
0.148359 1.507180
0.148210 1.507070
0.148062 1.507198
0.147914 1.507570
0.147766 1.507931
0.147618 1.507824
0.147471 1.507304
0.147323 1.506910
0.147176 1.507161
0.147029 1.507781
0.146882 1.507620
0.146735 1.507041
0.146588 1.506778
0.146442 1.506964
0.146295 1.507567
0.146149 1.507745
0.146003 1.507454
0.145857 1.507811
0.145711 1.507765
0.145565 1.507501
0.145420 1.507509
0.145274 1.507198
0.145129 1.507014
0.144984 1.507451
0.144839 1.507479
0.144694 1.507095
0.144549 1.507067
0.144405 1.506789
0.144260 1.507246
0.144116 1.507366
0.143972 1.507359
0.143828 1.508178
0.143684 1.508348
0.143540 1.507397
0.143397 1.507325
0.143254 1.507848
0.143110 1.508013
0.142967 1.508241
0.142824 1.508176
0.142681 1.508120
0.142539 1.507804
0.142396 1.507492
0.142254 1.507161
0.142112 1.507346
0.141969 1.507603
0.141827 1.507512
0.141686 1.507699
0.141544 1.507876
0.141402 1.507730
0.141261 1.507338
0.141120 1.507566
0.140979 1.507645
0.140838 1.507479
0.140697 1.507739
0.140556 1.507928
0.140416 1.508083
0.140275 1.508244
0.140135 1.507796
0.139995 1.508195
0.139855 1.508846
0.139715 1.508130
0.139575 1.507513
0.139436 1.507110
0.139296 1.507373
0.139157 1.507869
0.139018 1.507736
0.138879 1.507890
0.138740 1.507795
0.138601 1.507185
0.138462 1.506998
0.138324 1.507540
0.138186 1.507385
0.138047 1.507481
0.137909 1.507675
0.137772 1.507834
0.137634 1.508119
0.137496 1.507297
0.137359 1.506368
0.137221 1.506602
0.137084 1.506928
0.136947 1.506553
0.136810 1.506947
0.136673 1.507363
0.136537 1.507247
0.136400 1.506995
0.136264 1.507309
0.136127 1.507605
0.135991 1.507815
0.135855 1.507924
0.135719 1.507369
0.135584 1.506890
0.135448 1.507040
0.135313 1.507458
0.135177 1.508060
0.135042 1.507938
0.134907 1.508190
0.134772 1.508732
0.134637 1.507817
0.134503 1.507676
0.134368 1.507921
0.134234 1.507979
0.134100 1.508284
0.133966 1.508266
0.133832 1.508613
0.133698 1.508448
0.133564 1.507420
0.133430 1.507145
0.133297 1.507467
0.133164 1.508295
0.133031 1.508744
0.132898 1.508184
0.132765 1.508414
0.132632 1.508968
0.132499 1.508827
0.132367 1.508498
0.132234 1.508518
0.132102 1.508550
0.131970 1.508621
0.131838 1.508319
0.131706 1.508518
0.131575 1.508716
0.131443 1.508847
0.131312 1.508401
0.131180 1.508079
0.131049 1.507858
0.130918 1.507679
0.130787 1.507720
0.130656 1.507466
0.130526 1.507394
0.130395 1.507861
0.130265 1.508053
0.130134 1.507413
0.130004 1.507600
0.129874 1.508267
0.129744 1.508190
0.129615 1.508314
0.129485 1.508046
0.129356 1.507600
0.129226 1.507887
0.129097 1.508014
0.128968 1.507897
0.128839 1.508440
0.128710 1.508582
0.128581 1.508376
0.128453 1.507673
0.128324 1.507662
0.128196 1.508585
0.128068 1.508721
0.127940 1.508008
0.127812 1.507676
0.127684 1.508217
0.127556 1.509131
0.127429 1.509933
0.127301 1.510008
0.127174 1.509908
0.127047 1.509731
0.126920 1.508934
0.126793 1.508885
0.126666 1.508902
0.126539 1.508841
0.126413 1.508479
0.126286 1.508636
0.126160 1.509076
0.126034 1.508842
0.125908 1.508089
0.125782 1.507835
0.125656 1.508263
0.125531 1.508251
0.125405 1.508652
0.125280 1.508970
0.125154 1.508711
0.125029 1.508377
0.124904 1.508463
0.124779 1.508499
0.124655 1.508518
0.124530 1.509557
0.124405 1.509649
0.124281 1.508810
0.124157 1.508678
0.124033 1.508419
0.123909 1.507670
0.123785 1.507479
0.123661 1.507888
0.123537 1.508564
0.123414 1.508957
0.123290 1.508965
0.123167 1.509144
0.123044 1.509352
0.122921 1.509266
0.122798 1.508822
0.122675 1.508423
0.122552 1.508581
0.122430 1.508006
0.122307 1.507812
0.122185 1.508096
0.122063 1.508485
0.121941 1.508707
0.121819 1.508567
0.121697 1.508494
0.121575 1.507987
0.121454 1.507800
0.121332 1.507885
0.121211 1.507929
0.121090 1.508867
0.120969 1.509423
0.120848 1.509334
0.120727 1.508981
0.120606 1.508951
0.120486 1.508840
0.120365 1.508774
0.120245 1.508877
0.120124 1.508978
0.120004 1.508471
0.119884 1.508167
0.119764 1.509017
0.119645 1.509670
0.119525 1.508804
0.119405 1.508385
0.119286 1.509326
0.119167 1.509542
0.119048 1.508694
0.118929 1.508373
0.118810 1.508754
0.118691 1.508718
0.118572 1.508480
0.118454 1.508755
0.118335 1.509080
0.118217 1.508858
0.118099 1.508459
0.117980 1.507970
0.117862 1.507799
0.117745 1.507960
0.117627 1.508050
0.117509 1.508352
0.117392 1.508927
0.117274 1.508695
0.117157 1.508501
0.117040 1.508547
0.116923 1.508258
0.116806 1.508295
0.116689 1.508777
0.116572 1.509015
0.116456 1.509272
0.116339 1.509578
0.116223 1.509102
0.116107 1.508615
0.115991 1.509308
0.115875 1.509811
0.115759 1.508628
0.115643 1.507795
0.115527 1.508595
0.115412 1.509113
0.115297 1.508470
0.115181 1.508631
0.115066 1.509141
0.114951 1.509133
0.114836 1.508457
0.114721 1.508135
0.114606 1.508517
0.114492 1.508986
0.114377 1.509466
0.114263 1.509438
0.114149 1.508424
0.114035 1.508265
0.113921 1.508489
0.113807 1.508072
0.113693 1.507888
0.113579 1.507834
0.113466 1.507628
0.113352 1.508049
0.113239 1.508485
0.113126 1.508329
0.113012 1.508160
0.112899 1.508821
0.112786 1.508543
0.112674 1.508222
0.112561 1.508861
0.112448 1.509786
0.112336 1.509043
0.112224 1.508433
0.112111 1.508598
0.111999 1.509084
0.111887 1.508948
0.111775 1.508248
0.111664 1.508195
0.111552 1.508667
0.111440 1.508146
0.111329 1.508263
0.111218 1.508651
0.111106 1.508805
0.110995 1.509943
0.110884 1.510255
0.110773 1.509418
0.110663 1.508674
0.110552 1.508672
0.110442 1.509122
0.110331 1.508889
0.110221 1.509152
0.110111 1.509081
0.110000 1.508117
0.109890 1.508253
0.109781 1.509262
0.109671 1.509345
0.109561 1.509134
0.109451 1.509296
0.109342 1.509423
0.109233 1.509833
0.109123 1.509885
0.109014 1.509288
0.108905 1.509424
0.108796 1.509201
0.108688 1.508904
0.108579 1.508960
0.108470 1.509097
0.108362 1.508759
0.108254 1.508555
0.108145 1.508786
0.108037 1.508630
0.107929 1.508426
0.107821 1.508817
0.107713 1.509677
0.107606 1.510005
0.107498 1.509433
0.107391 1.509042
0.107283 1.509377
0.107176 1.510212
0.107069 1.509960
0.106962 1.509903
0.106855 1.509874
0.106748 1.508483
0.106641 1.508078
0.106534 1.508953
0.106428 1.509150
0.106321 1.508752
0.106215 1.509075
0.106109 1.508538
0.106003 1.508206
0.105897 1.508536
0.105791 1.508677
0.105685 1.508631
0.105579 1.508169
0.105474 1.508012
0.105368 1.508116
0.105263 1.508259
0.105158 1.508841
0.105053 1.509353
0.104948 1.509407
0.104843 1.509253
0.104738 1.509245
0.104633 1.509178
0.104528 1.508921
0.104424 1.508444
0.104319 1.508599
0.104215 1.509353
0.104111 1.509344
0.104007 1.508636
0.103903 1.508881
0.103799 1.509962
0.103695 1.510321
0.103591 1.509697
0.103488 1.508805
0.103384 1.508965
0.103281 1.509238
0.103178 1.508733
0.103074 1.508998
0.102971 1.509378
0.102868 1.509803
0.102766 1.510168
0.102663 1.509422
0.102560 1.508922
0.102458 1.509637
0.102355 1.509829
0.102253 1.509738
0.102150 1.509351
0.102048 1.509038
0.101946 1.509504
0.101844 1.509652
0.101742 1.508927
0.101641 1.508328
0.101539 1.508269
0.101438 1.508321
0.101336 1.508968
0.101235 1.509820
0.101134 1.509823
0.101032 1.509215
0.100931 1.509266
0.100830 1.509854
0.100730 1.509671
0.100629 1.510093
0.100528 1.510848
0.100428 1.510068
0.100327 1.509470
0.100227 1.510349
0.100127 1.510755
0.100027 1.509898
0.099927 1.509616
