T Cv
2.497500 1.501521
2.495003 1.501484
2.492507 1.501495
2.490015 1.501488
2.487525 1.501443
2.485037 1.501380
2.482552 1.501418
2.480070 1.501343
2.477590 1.501327
2.475112 1.501312
2.472637 1.501287
2.470164 1.501374
2.467694 1.501388
2.465227 1.501270
2.462761 1.501283
2.460299 1.501332
2.457838 1.501230
2.455380 1.501247
2.452925 1.501184
2.450472 1.501172
2.448022 1.501159
2.445574 1.501198
2.443128 1.501202
2.440685 1.501182
2.438244 1.501145
2.435806 1.501217
2.433370 1.501246
2.430937 1.501190
2.428506 1.501147
2.426077 1.501220
2.423651 1.501210
2.421228 1.501229
2.418806 1.501240
2.416388 1.501275
2.413971 1.501304
2.411557 1.501219
2.409146 1.501202
2.406737 1.501178
2.404330 1.501205
2.401926 1.501263
2.399524 1.501302
2.397124 1.501307
2.394727 1.501307
2.392332 1.501350
2.389940 1.501297
2.387550 1.501292
2.385162 1.501275
2.382777 1.501198
2.380394 1.501157
2.378014 1.501194
2.375636 1.501247
2.373260 1.501239
2.370887 1.501223
2.368516 1.501192
2.366148 1.501117
2.363782 1.501178
2.361418 1.501230
2.359056 1.501202
2.356697 1.501217
2.354341 1.501144
2.351986 1.501167
2.349634 1.501188
2.347285 1.501294
2.344937 1.501344
2.342592 1.501290
2.340250 1.501229
2.337910 1.501243
2.335572 1.501238
2.333236 1.501291
2.330903 1.501299
2.328572 1.501304
2.326243 1.501315
2.323917 1.501356
2.321593 1.501309
2.319272 1.501294
2.316952 1.501257
2.314635 1.501248
2.312321 1.501270
2.310009 1.501247
2.307698 1.501196
2.305391 1.501151
2.303085 1.501143
2.300782 1.501178
2.298482 1.501224
2.296183 1.501189
2.293887 1.501131
2.291593 1.501129
2.289301 1.501143
2.287012 1.501128
2.284725 1.501115
2.282440 1.501121
2.280158 1.501136
2.277878 1.501166
2.275600 1.501239
2.273324 1.501242
2.271051 1.501201
2.268780 1.501194
2.266511 1.501200
2.264245 1.501203
2.261980 1.501175
2.259718 1.501109
2.257459 1.501082
2.255201 1.501174
2.252946 1.501231
2.250693 1.501282
2.248442 1.501249
2.246194 1.501173
2.243948 1.501114
2.241704 1.501148
2.239462 1.501193
2.237223 1.501167
2.234985 1.501130
2.232750 1.501142
2.230518 1.501080
2.228287 1.501041
2.226059 1.501102
2.223833 1.501134
2.221609 1.501142
2.219387 1.501115
2.217168 1.501143
2.214951 1.501191
2.212736 1.501122
2.210523 1.501063
2.208313 1.501089
2.206104 1.501116
2.203898 1.501145
2.201694 1.501168
2.199493 1.501162
2.197293 1.501138
2.195096 1.501164
2.192901 1.501109
2.190708 1.501097
2.188517 1.501089
2.186329 1.501089
2.184142 1.501111
2.181958 1.501129
2.179776 1.501120
2.177596 1.501103
2.175419 1.501116
2.173243 1.501075
2.171070 1.501099
2.168899 1.501198
2.166730 1.501196
2.164563 1.501206
2.162399 1.501205
2.160236 1.501140
2.158076 1.501067
2.155918 1.501034
2.153762 1.501103
2.151608 1.501074
2.149457 1.501116
2.147307 1.501149
2.145160 1.501097
2.143015 1.501062
2.140872 1.501136
2.138731 1.501138
2.136592 1.501106
2.134456 1.501092
2.132321 1.501062
2.130189 1.501011
2.128059 1.500985
2.125931 1.501012
2.123805 1.501057
2.121681 1.501053
2.119559 1.501105
2.117440 1.501131
2.115322 1.501137
2.113207 1.501141
2.111094 1.501136
2.108983 1.501100
2.106874 1.501121
2.104767 1.501138
2.102662 1.501133
2.100559 1.501085
2.098459 1.501104
2.096360 1.501129
2.094264 1.501121
2.092170 1.501096
2.090078 1.500989
2.087987 1.500953
2.085899 1.500977
2.083814 1.500998
2.081730 1.501052
2.079648 1.501037
2.077568 1.501023
2.075491 1.501083
2.073415 1.501118
2.071342 1.501150
2.069271 1.501159
2.067201 1.501145
2.065134 1.501071
2.063069 1.501016
2.061006 1.501030
2.058945 1.501062
2.056886 1.501037
2.054829 1.501057
2.052774 1.501061
2.050721 1.501004
2.048671 1.500913
2.046622 1.501004
2.044575 1.501022
2.042531 1.500982
2.040488 1.501004
2.038448 1.501016
2.036409 1.500974
2.034373 1.501025
2.032339 1.501050
2.030306 1.501008
2.028276 1.500993
2.026248 1.501043
2.024221 1.501079
2.022197 1.500972
2.020175 1.500947
2.018155 1.500976
2.016137 1.501011
2.014121 1.501074
2.012106 1.501116
2.010094 1.501082
2.008084 1.501081
2.006076 1.501043
2.004070 1.501015
2.002066 1.501079
2.000064 1.501058
1.998064 1.500939
1.996066 1.500949
1.994070 1.501007
1.992076 1.501051
1.990084 1.501073
1.988094 1.501036
1.986105 1.501069
1.984119 1.501098
1.982135 1.501111
1.980153 1.501099
1.978173 1.501054
1.976195 1.501026
1.974219 1.500989
1.972244 1.500960
1.970272 1.500989
1.968302 1.501038
1.966334 1.501082
1.964367 1.501073
1.962403 1.501053
1.960440 1.501040
1.958480 1.501031
1.956521 1.501060
1.954565 1.501112
1.952610 1.501111
1.950658 1.501070
1.948707 1.501089
1.946758 1.501097
1.944812 1.501148
1.942867 1.501069
1.940924 1.501011
1.938983 1.501007
1.937044 1.501002
1.935107 1.501003
1.933172 1.501001
1.931239 1.501006
1.929308 1.501028
1.927378 1.501008
1.925451 1.500955
1.923525 1.500954
1.921602 1.500963
1.919680 1.500928
1.917761 1.500922
1.915843 1.501006
1.913927 1.500987
1.912013 1.500985
1.910101 1.500995
1.908191 1.501021
1.906283 1.501008
1.904376 1.501038
1.902472 1.501031
1.900570 1.501002
1.898669 1.501023
1.896770 1.501019
1.894874 1.501078
1.892979 1.501084
1.891086 1.500995
1.889195 1.501051
1.887305 1.501052
1.885418 1.501031
1.883533 1.501088
1.881649 1.501069
1.879768 1.501010
1.877888 1.501000
1.876010 1.501044
1.874134 1.501031
1.872260 1.501009
1.870388 1.501030
1.868517 1.501039
1.866649 1.500979
1.864782 1.500983
1.862917 1.500986
1.861054 1.500996
1.859193 1.500990
1.857334 1.500960
1.855477 1.500956
1.853621 1.500987
1.851768 1.501003
1.849916 1.500903
1.848066 1.500900
1.846218 1.500998
1.844372 1.500993
1.842527 1.500970
1.840685 1.500957
1.838844 1.500949
1.837005 1.500949
1.835168 1.500925
1.833333 1.500880
1.831500 1.500847
1.829668 1.500852
1.827839 1.500888
1.826011 1.500923
1.824185 1.500921
1.822360 1.500861
1.820538 1.500872
1.818718 1.500921
1.816899 1.500898
1.815082 1.500899
1.813267 1.500929
1.811454 1.500948
1.809642 1.500943
1.807833 1.500897
1.806025 1.500840
1.804219 1.500863
1.802414 1.500885
1.800612 1.500856
1.798811 1.500861
1.797013 1.500885
1.795216 1.500943
1.793420 1.500937
1.791627 1.500943
1.789835 1.500935
1.788045 1.500868
1.786257 1.500820
1.784471 1.500840
1.782687 1.500879
1.780904 1.500915
1.779123 1.500928
1.777344 1.500939
1.775567 1.500922
1.773791 1.500918
1.772017 1.500945
1.770245 1.500901
1.768475 1.500915
1.766707 1.500883
1.764940 1.500825
1.763175 1.500868
1.761412 1.500895
1.759650 1.500941
1.757891 1.500938
1.756133 1.500894
1.754377 1.500865
1.752622 1.500896
1.750870 1.500906
1.749119 1.500876
1.747370 1.500901
1.745622 1.500901
1.743877 1.500868
1.742133 1.500856
1.740391 1.500859
1.738650 1.500864
1.736912 1.500848
1.735175 1.500883
1.733440 1.500944
1.731706 1.500921
1.729974 1.500880
1.728244 1.500872
1.726516 1.500882
1.724790 1.500840
1.723065 1.500824
1.721342 1.500807
1.719620 1.500761
1.717901 1.500751
1.716183 1.500785
1.714467 1.500830
1.712752 1.500835
1.711040 1.500827
1.709329 1.500789
1.707619 1.500774
1.705912 1.500804
1.704206 1.500814
1.702501 1.500816
1.700799 1.500815
1.699098 1.500769
1.697399 1.500760
1.695702 1.500789
1.694006 1.500787
1.692312 1.500793
1.690620 1.500783
1.688929 1.500785
1.687240 1.500813
1.685553 1.500858
1.683867 1.500856
1.682183 1.500831
1.680501 1.500806
1.678821 1.500813
1.677142 1.500878
1.675465 1.500893
1.673789 1.500868
1.672116 1.500831
1.670443 1.500797
1.668773 1.500831
1.667104 1.500831
1.665437 1.500814
1.663772 1.500826
1.662108 1.500872
1.660446 1.500902
1.658785 1.500912
1.657127 1.500894
1.655469 1.500861
1.653814 1.500885
1.652160 1.500909
1.650508 1.500849
1.648857 1.500780
1.647209 1.500770
1.645561 1.500824
1.643916 1.500817
1.642272 1.500815
1.640630 1.500789
1.638989 1.500798
1.637350 1.500806
1.635713 1.500820
1.634077 1.500837
1.632443 1.500804
1.630810 1.500765
1.629180 1.500755
1.627550 1.500780
1.625923 1.500792
1.624297 1.500782
1.622673 1.500817
1.621050 1.500756
1.619429 1.500741
1.617810 1.500762
1.616192 1.500752
1.614576 1.500765
1.612961 1.500803
1.611348 1.500808
1.609737 1.500781
1.608127 1.500772
1.606519 1.500756
1.604912 1.500770
1.603307 1.500806
1.601704 1.500813
1.600102 1.500802
1.598502 1.500777
1.596904 1.500777
1.595307 1.500797
1.593712 1.500777
1.592118 1.500750
1.590526 1.500742
1.588935 1.500744
1.587346 1.500779
1.585759 1.500781
1.584173 1.500759
1.582589 1.500785
1.581006 1.500776
1.579425 1.500756
1.577846 1.500733
1.576268 1.500732
1.574692 1.500785
1.573117 1.500786
1.571544 1.500768
1.569972 1.500795
1.568402 1.500794
1.566834 1.500808
1.565267 1.500826
1.563702 1.500850
1.562138 1.500835
1.560576 1.500811
1.559016 1.500794
1.557457 1.500784
1.555899 1.500798
1.554343 1.500778
1.552789 1.500756
1.551236 1.500750
1.549685 1.500738
1.548135 1.500765
1.546587 1.500781
1.545040 1.500752
1.543495 1.500746
1.541952 1.500789
1.540410 1.500804
1.538870 1.500807
1.537331 1.500774
1.535793 1.500821
1.534258 1.500835
1.532723 1.500848
1.531191 1.500874
1.529659 1.500842
1.528130 1.500826
1.526602 1.500895
1.525075 1.500836
1.523550 1.500809
1.522026 1.500834
1.520504 1.500791
1.518984 1.500809
1.517465 1.500794
1.515947 1.500774
1.514431 1.500766
1.512917 1.500778
1.511404 1.500829
1.509893 1.500789
1.508383 1.500786
1.506874 1.500845
1.505368 1.500840
1.503862 1.500817
1.502358 1.500795
1.500856 1.500770
1.499355 1.500766
1.497856 1.500760
1.496358 1.500772
1.494862 1.500768
1.493367 1.500743
1.491873 1.500713
1.490381 1.500726
1.488891 1.500769
1.487402 1.500772
1.485915 1.500747
1.484429 1.500707
1.482944 1.500720
1.481461 1.500727
1.479980 1.500677
1.478500 1.500633
1.477021 1.500651
1.475544 1.500705
1.474069 1.500739
1.472595 1.500719
1.471122 1.500698
1.469651 1.500679
1.468181 1.500656
1.466713 1.500649
1.465247 1.500653
1.463781 1.500621
1.462318 1.500618
1.460855 1.500642
1.459394 1.500647
1.457935 1.500628
1.456477 1.500605
1.455021 1.500614
1.453566 1.500645
1.452112 1.500688
1.450660 1.500709
1.449209 1.500717
1.447760 1.500711
1.446312 1.500675
1.444866 1.500681
1.443421 1.500719
1.441978 1.500671
1.440536 1.500652
1.439095 1.500658
1.437656 1.500657
1.436218 1.500647
1.434782 1.500674
1.433347 1.500703
1.431914 1.500728
1.430482 1.500740
1.429052 1.500738
1.427623 1.500734
1.426195 1.500730
1.424769 1.500732
1.423344 1.500726
1.421921 1.500735
1.420499 1.500772
1.419078 1.500830
1.417659 1.500813
1.416242 1.500744
1.414825 1.500719
1.413410 1.500737
1.411997 1.500729
1.410585 1.500712
1.409174 1.500748
1.407765 1.500748
1.406358 1.500758
1.404951 1.500755
1.403546 1.500706
1.402143 1.500718
1.400741 1.500747
1.399340 1.500732
1.397940 1.500707
1.396542 1.500693
1.395146 1.500688
1.393751 1.500691
1.392357 1.500731
1.390965 1.500746
1.389574 1.500725
1.388184 1.500722
1.386796 1.500740
1.385409 1.500761
1.384024 1.500709
1.382640 1.500731
1.381257 1.500743
1.379876 1.500770
1.378496 1.500789
1.377117 1.500766
1.375740 1.500776
1.374365 1.500770
1.372990 1.500701
1.371617 1.500693
1.370246 1.500753
1.368875 1.500755
1.367507 1.500756
1.366139 1.500746
1.364773 1.500763
1.363408 1.500766
1.362045 1.500747
1.360683 1.500752
1.359322 1.500747
1.357963 1.500731
1.356605 1.500743
1.355248 1.500740
1.353893 1.500737
1.352539 1.500766
1.351186 1.500756
1.349835 1.500722
1.348485 1.500723
1.347137 1.500721
1.345790 1.500700
1.344444 1.500686
1.343100 1.500678
1.341756 1.500655
1.340415 1.500637
1.339074 1.500651
1.337735 1.500666
1.336397 1.500640
1.335061 1.500643
1.333726 1.500657
1.332392 1.500671
1.331060 1.500696
1.329729 1.500698
1.328399 1.500704
1.327071 1.500738
1.325744 1.500719
1.324418 1.500690
1.323093 1.500701
1.321770 1.500728
1.320449 1.500730
1.319128 1.500690
1.317809 1.500680
1.316491 1.500695
1.315175 1.500721
1.313860 1.500723
1.312546 1.500721
1.311233 1.500764
1.309922 1.500736
1.308612 1.500664
1.307303 1.500654
1.305996 1.500683
1.304690 1.500650
1.303385 1.500656
1.302082 1.500687
1.300780 1.500680
1.299479 1.500702
1.298180 1.500716
1.296881 1.500715
1.295585 1.500737
1.294289 1.500756
1.292995 1.500725
1.291702 1.500686
1.290410 1.500680
1.289120 1.500646
1.287830 1.500673
1.286543 1.500674
1.285256 1.500667
1.283971 1.500670
1.282687 1.500684
1.281404 1.500706
1.280123 1.500685
1.278843 1.500681
1.277564 1.500674
1.276286 1.500696
1.275010 1.500737
1.273735 1.500750
1.272461 1.500707
1.271189 1.500698
1.269918 1.500717
1.268648 1.500707
1.267379 1.500736
1.266112 1.500805
1.264846 1.500796
1.263581 1.500759
1.262317 1.500746
1.261055 1.500732
1.259794 1.500748
1.258534 1.500771
1.257275 1.500794
1.256018 1.500772
1.254762 1.500748
1.253507 1.500756
1.252254 1.500743
1.251002 1.500750
1.249751 1.500732
1.248501 1.500754
1.247252 1.500732
1.246005 1.500715
1.244759 1.500732
1.243514 1.500706
1.242271 1.500698
1.241029 1.500728
1.239788 1.500742
1.238548 1.500695
1.237309 1.500671
1.236072 1.500695
1.234836 1.500727
1.233601 1.500753
1.232367 1.500784
1.231135 1.500749
1.229904 1.500676
1.228674 1.500648
1.227445 1.500641
1.226218 1.500678
1.224992 1.500711
1.223767 1.500714
1.222543 1.500736
1.221320 1.500768
1.220099 1.500780
1.218879 1.500762
1.217660 1.500741
1.216442 1.500745
1.215226 1.500730
1.214011 1.500719
1.212797 1.500774
1.211584 1.500799
1.210372 1.500763
1.209162 1.500715
1.207953 1.500703
1.206745 1.500703
1.205538 1.500694
1.204333 1.500713
1.203128 1.500738
1.201925 1.500735
1.200723 1.500678
1.199522 1.500697
1.198323 1.500760
1.197125 1.500791
1.195927 1.500792
1.194732 1.500788
1.193537 1.500793
1.192343 1.500776
1.191151 1.500790
1.189960 1.500839
1.188770 1.500831
1.187581 1.500794
1.186393 1.500765
1.185207 1.500791
1.184022 1.500805
1.182838 1.500803
1.181655 1.500800
1.180473 1.500757
1.179293 1.500741
1.178114 1.500758
1.176935 1.500738
1.175759 1.500704
1.174583 1.500707
1.173408 1.500740
1.172235 1.500762
1.171063 1.500770
1.169891 1.500763
1.168722 1.500750
1.167553 1.500785
1.166385 1.500800
1.165219 1.500774
1.164054 1.500759
1.162890 1.500776
1.161727 1.500845
1.160565 1.500882
1.159404 1.500874
1.158245 1.500807
1.157087 1.500770
1.155930 1.500795
1.154774 1.500827
1.153619 1.500792
1.152465 1.500768
1.151313 1.500787
1.150162 1.500760
1.149011 1.500747
1.147862 1.500776
1.146715 1.500781
1.145568 1.500764
1.144422 1.500741
1.143278 1.500775
1.142135 1.500844
1.140992 1.500818
1.139851 1.500755
1.138712 1.500761
1.137573 1.500810
1.136435 1.500847
1.135299 1.500894
1.134164 1.500834
1.133029 1.500785
1.131896 1.500809
1.130765 1.500816
1.129634 1.500820
1.128504 1.500807
1.127376 1.500802
1.126248 1.500831
1.125122 1.500818
1.123997 1.500770
1.122873 1.500785
1.121750 1.500793
1.120628 1.500757
1.119508 1.500702
1.118388 1.500712
1.117270 1.500725
1.116152 1.500717
1.115036 1.500739
1.113921 1.500770
1.112807 1.500793
1.111695 1.500790
1.110583 1.500786
1.109472 1.500790
1.108363 1.500768
1.107254 1.500746
1.106147 1.500731
1.105041 1.500718
1.103936 1.500804
1.102832 1.500906
1.101729 1.500845
1.100627 1.500762
1.099527 1.500773
1.098427 1.500787
1.097329 1.500785
1.096232 1.500789
1.095135 1.500787
1.094040 1.500793
1.092946 1.500782
1.091853 1.500792
1.090761 1.500801
1.089671 1.500788
1.088581 1.500777
1.087492 1.500796
1.086405 1.500804
1.085318 1.500810
1.084233 1.500844
1.083149 1.500847
1.082066 1.500809
1.080984 1.500796
1.079903 1.500817
1.078823 1.500821
1.077744 1.500790
1.076666 1.500776
1.075590 1.500788
1.074514 1.500802
1.073439 1.500858
1.072366 1.500885
1.071294 1.500881
1.070222 1.500809
1.069152 1.500712
1.068083 1.500729
1.067015 1.500807
1.065948 1.500817
1.064882 1.500846
1.063817 1.500863
1.062753 1.500837
1.061690 1.500815
1.060629 1.500797
1.059568 1.500765
1.058509 1.500785
1.057450 1.500812
1.056393 1.500832
1.055336 1.500898
1.054281 1.500909
1.053227 1.500889
1.052173 1.500916
1.051121 1.500882
1.050070 1.500838
1.049020 1.500845
1.047971 1.500888
1.046923 1.500866
1.045876 1.500921
1.044830 1.500980
1.043785 1.500969
1.042742 1.500916
1.041699 1.500890
1.040657 1.500930
1.039617 1.500941
1.038577 1.500910
1.037538 1.500894
1.036501 1.500861
1.035464 1.500834
1.034429 1.500878
1.033394 1.500949
1.032361 1.500970
1.031329 1.500918
1.030297 1.500910
1.029267 1.500927
1.028238 1.500964
1.027210 1.500921
1.026182 1.500886
1.025156 1.500886
1.024131 1.500896
1.023107 1.500927
1.022084 1.500915
1.021062 1.500905
1.020041 1.500927
1.019021 1.500921
1.018002 1.500911
1.016984 1.500886
1.015967 1.500859
1.014951 1.500869
1.013936 1.500913
1.012922 1.500873
1.011909 1.500833
1.010897 1.500854
1.009886 1.500848
1.008876 1.500881
1.007867 1.500937
1.006859 1.500942
1.005852 1.500947
1.004847 1.500955
1.003842 1.500927
1.002838 1.500888
1.001835 1.500868
1.000833 1.500869
0.999832 1.500889
0.998833 1.500966
0.997834 1.501053
0.996836 1.501064
0.995839 1.501004
0.994843 1.500959
0.993848 1.500966
0.992855 1.501010
0.991862 1.500955
0.990870 1.500889
0.989879 1.500921
0.988889 1.500932
0.987900 1.500918
0.986912 1.500957
0.985925 1.501037
0.984939 1.501048
0.983955 1.501055
0.982971 1.501079
0.981988 1.501027
0.981006 1.501000
0.980025 1.501055
0.979045 1.501083
0.978066 1.501089
0.977087 1.501065
0.976110 1.501049
0.975134 1.501085
0.974159 1.501033
0.973185 1.501018
0.972212 1.501064
0.971240 1.501076
0.970268 1.501038
0.969298 1.501057
0.968329 1.501172
0.967360 1.501205
0.966393 1.501150
0.965427 1.501184
0.964461 1.501247
0.963497 1.501223
0.962533 1.501193
0.961571 1.501134
0.960609 1.501131
0.959649 1.501084
0.958689 1.501121
0.957730 1.501199
0.956773 1.501126
0.955816 1.501039
0.954860 1.501032
0.953905 1.501072
0.952951 1.501115
0.951998 1.501139
0.951046 1.501111
0.950095 1.501032
0.949145 1.501009
0.948196 1.501043
0.947248 1.501068
0.946301 1.501060
0.945354 1.501078
0.944409 1.501066
0.943464 1.501064
0.942521 1.501058
0.941578 1.501076
0.940637 1.501077
0.939696 1.501056
0.938757 1.501049
0.937818 1.500982
0.936880 1.500970
0.935943 1.501011
0.935007 1.501002
0.934072 1.500987
0.933138 1.500950
0.932205 1.500928
0.931273 1.500940
0.930341 1.501003
0.929411 1.501039
0.928482 1.501046
0.927553 1.501071
0.926626 1.501047
0.925699 1.501002
0.924773 1.501044
0.923849 1.501066
0.922925 1.501038
0.922002 1.500939
0.921080 1.500907
0.920159 1.500942
0.919239 1.500941
0.918319 1.500968
0.917401 1.500986
0.916484 1.500982
0.915567 1.501017
0.914652 1.501072
0.913737 1.501073
0.912823 1.501029
0.911910 1.500994
0.910998 1.501008
0.910087 1.501027
0.909177 1.501036
0.908268 1.501075
0.907360 1.501116
0.906453 1.501111
0.905546 1.501046
0.904641 1.500950
0.903736 1.500948
0.902832 1.501033
0.901929 1.501088
0.901027 1.501151
0.900126 1.501126
0.899226 1.501095
0.898327 1.501122
0.897429 1.501148
0.896531 1.501136
0.895635 1.501150
0.894739 1.501131
0.893844 1.501110
0.892951 1.501092
0.892058 1.501122
0.891166 1.501198
0.890274 1.501157
0.889384 1.501139
0.888495 1.501127
0.887606 1.501040
0.886719 1.501060
0.885832 1.501085
0.884946 1.501103
0.884061 1.501115
0.883177 1.501131
0.882294 1.501156
0.881412 1.501132
0.880530 1.501040
0.879650 1.501016
0.878770 1.501047
0.877891 1.501033
0.877013 1.501075
0.876136 1.501110
0.875260 1.501070
0.874385 1.501037
0.873511 1.501073
0.872637 1.501089
0.871764 1.501085
0.870893 1.501080
0.870022 1.501077
0.869152 1.501084
0.868283 1.501094
0.867414 1.501141
0.866547 1.501178
0.865680 1.501160
0.864815 1.501138
0.863950 1.501180
0.863086 1.501228
0.862223 1.501233
0.861361 1.501144
0.860499 1.501068
0.859639 1.501042
0.858779 1.501027
0.857920 1.501004
0.857062 1.501019
0.856205 1.501022
0.855349 1.501101
0.854494 1.501212
0.853639 1.501103
0.852786 1.500988
0.851933 1.501043
0.851081 1.501110
0.850230 1.501129
0.849380 1.501159
0.848530 1.501205
0.847682 1.501106
0.846834 1.501065
0.845987 1.501065
0.845141 1.501038
0.844296 1.501074
0.843452 1.501128
0.842608 1.501171
0.841766 1.501198
0.840924 1.501158
0.840083 1.501184
0.839243 1.501293
0.838404 1.501317
0.837565 1.501211
0.836728 1.501153
0.835891 1.501059
0.835055 1.501007
0.834220 1.501061
0.833386 1.501093
0.832552 1.501105
0.831720 1.501105
0.830888 1.501109
0.830057 1.501131
0.829227 1.501132
0.828398 1.501133
0.827570 1.501193
0.826742 1.501227
0.825915 1.501209
0.825089 1.501151
0.824264 1.501170
0.823440 1.501140
0.822617 1.501116
0.821794 1.501152
0.820972 1.501211
0.820151 1.501204
0.819331 1.501114
0.818512 1.501110
0.817693 1.501202
0.816875 1.501304
0.816059 1.501292
0.815243 1.501227
0.814427 1.501235
0.813613 1.501247
0.812799 1.501228
0.811986 1.501290
0.811174 1.501249
0.810363 1.501188
0.809553 1.501233
0.808743 1.501227
0.807935 1.501235
0.807127 1.501310
0.806320 1.501350
0.805513 1.501257
0.804708 1.501221
0.803903 1.501241
0.803099 1.501259
0.802296 1.501168
0.801494 1.501137
0.800692 1.501227
0.799892 1.501270
0.799092 1.501227
0.798293 1.501096
0.797494 1.501178
0.796697 1.501240
0.795900 1.501218
0.795104 1.501162
0.794309 1.501127
0.793515 1.501104
0.792721 1.501110
0.791929 1.501199
0.791137 1.501207
0.790345 1.501196
0.789555 1.501250
0.788766 1.501277
0.787977 1.501223
0.787189 1.501264
0.786402 1.501387
0.785615 1.501495
0.784830 1.501517
0.784045 1.501483
0.783261 1.501417
0.782477 1.501342
0.781695 1.501289
0.780913 1.501335
0.780132 1.501317
0.779352 1.501285
0.778573 1.501264
0.777794 1.501249
0.777017 1.501329
0.776240 1.501397
0.775463 1.501304
0.774688 1.501218
0.773913 1.501222
0.773139 1.501198
0.772366 1.501236
0.771594 1.501321
0.770822 1.501340
0.770051 1.501342
0.769281 1.501299
0.768512 1.501263
0.767743 1.501276
0.766976 1.501295
0.766209 1.501201
0.765443 1.501218
0.764677 1.501265
0.763912 1.501284
0.763148 1.501360
0.762385 1.501430
0.761623 1.501405
0.760861 1.501372
0.760100 1.501422
0.759340 1.501401
0.758581 1.501282
0.757822 1.501206
0.757065 1.501127
0.756308 1.501174
0.755551 1.501247
0.754796 1.501194
0.754041 1.501192
0.753287 1.501302
0.752534 1.501288
0.751781 1.501141
0.751029 1.501117
0.750278 1.501202
0.749528 1.501257
0.748778 1.501233
0.748030 1.501150
0.747282 1.501204
0.746534 1.501260
0.745788 1.501215
0.745042 1.501179
0.744297 1.501159
0.743553 1.501127
0.742809 1.501158
0.742066 1.501234
0.741324 1.501243
0.740583 1.501243
0.739842 1.501265
0.739102 1.501254
0.738363 1.501211
0.737625 1.501192
0.736887 1.501201
0.736151 1.501296
0.735414 1.501370
0.734679 1.501359
0.733944 1.501344
0.733210 1.501332
0.732477 1.501379
0.731745 1.501440
0.731013 1.501435
0.730282 1.501429
0.729552 1.501390
0.728822 1.501347
0.728093 1.501294
0.727365 1.501313
0.726638 1.501368
0.725911 1.501337
0.725185 1.501328
0.724460 1.501285
0.723736 1.501232
0.723012 1.501270
0.722289 1.501293
0.721567 1.501279
0.720845 1.501328
0.720124 1.501364
0.719404 1.501284
0.718685 1.501245
0.717966 1.501324
0.717248 1.501340
0.716531 1.501330
0.715814 1.501314
0.715098 1.501266
0.714383 1.501210
0.713669 1.501279
0.712955 1.501394
0.712242 1.501380
0.711530 1.501346
0.710818 1.501378
0.710108 1.501387
0.709398 1.501386
0.708688 1.501315
0.707979 1.501284
0.707271 1.501325
0.706564 1.501245
0.705858 1.501302
0.705152 1.501415
0.704447 1.501426
0.703742 1.501304
0.703038 1.501255
0.702335 1.501337
0.701633 1.501376
0.700931 1.501403
0.700231 1.501463
0.699530 1.501412
0.698831 1.501341
0.698132 1.501449
0.697434 1.501430
0.696736 1.501331
0.696040 1.501345
0.695344 1.501384
0.694648 1.501330
0.693954 1.501262
0.693260 1.501335
0.692566 1.501401
0.691874 1.501440
0.691182 1.501459
0.690491 1.501389
0.689800 1.501362
0.689110 1.501458
0.688421 1.501486
0.687733 1.501441
0.687045 1.501477
0.686358 1.501526
0.685672 1.501449
0.684986 1.501439
0.684301 1.501442
0.683617 1.501424
0.682933 1.501516
0.682250 1.501481
0.681568 1.501461
0.680886 1.501398
0.680206 1.501314
0.679525 1.501314
0.678846 1.501368
0.678167 1.501402
0.677489 1.501421
0.676811 1.501374
0.676135 1.501304
0.675458 1.501294
0.674783 1.501417
0.674108 1.501484
0.673434 1.501466
0.672761 1.501453
0.672088 1.501461
0.671416 1.501441
0.670744 1.501358
0.670074 1.501336
0.669404 1.501345
0.668734 1.501384
0.668065 1.501457
0.667397 1.501397
0.666730 1.501291
0.666063 1.501310
0.665397 1.501379
0.664732 1.501475
0.664067 1.501565
0.663403 1.501526
0.662740 1.501433
0.662077 1.501510
0.661415 1.501542
0.660753 1.501482
0.660093 1.501447
0.659432 1.501554
0.658773 1.501679
0.658114 1.501651
0.657456 1.501609
0.656799 1.501567
0.656142 1.501525
0.655486 1.501519
0.654830 1.501475
0.654175 1.501520
0.653521 1.501550
0.652868 1.501518
0.652215 1.501522
0.651563 1.501479
0.650911 1.501436
0.650260 1.501420
0.649610 1.501439
0.648960 1.501496
0.648311 1.501546
0.647663 1.501549
0.647015 1.501528
0.646368 1.501549
0.645722 1.501557
0.645076 1.501575
0.644431 1.501583
0.643787 1.501537
0.643143 1.501524
0.642500 1.501575
0.641857 1.501627
0.641215 1.501660
0.640574 1.501644
0.639934 1.501540
0.639294 1.501486
0.638654 1.501585
0.638016 1.501686
0.637378 1.501681
0.636740 1.501611
0.636104 1.501544
0.635468 1.501544
0.634832 1.501513
0.634197 1.501478
0.633563 1.501482
0.632930 1.501545
0.632297 1.501617
0.631664 1.501609
0.631033 1.501530
0.630402 1.501499
0.629771 1.501509
0.629141 1.501581
0.628512 1.501643
0.627884 1.501565
0.627256 1.501502
0.626629 1.501502
0.626002 1.501659
0.625376 1.501776
0.624751 1.501722
0.624126 1.501692
0.623502 1.501638
0.622878 1.501535
0.622255 1.501490
0.621633 1.501571
0.621011 1.501663
0.620390 1.501664
0.619770 1.501649
0.619150 1.501524
0.618531 1.501493
0.617913 1.501555
0.617295 1.501572
0.616677 1.501444
0.616061 1.501404
0.615445 1.501476
0.614829 1.501551
0.614214 1.501573
0.613600 1.501500
0.612987 1.501438
0.612374 1.501498
0.611761 1.501574
0.611149 1.501560
0.610538 1.501551
0.609928 1.501583
0.609318 1.501550
0.608709 1.501589
0.608100 1.501681
0.607492 1.501716
0.606884 1.501656
0.606277 1.501507
0.605671 1.501462
0.605065 1.501547
0.604460 1.501487
0.603856 1.501535
0.603252 1.501743
0.602649 1.501703
0.602046 1.501719
0.601444 1.501849
0.600843 1.501803
0.600242 1.501776
0.599642 1.501752
0.599042 1.501680
0.598443 1.501670
0.597844 1.501771
0.597247 1.501784
0.596649 1.501772
0.596053 1.501721
0.595457 1.501679
0.594861 1.501714
0.594266 1.501764
0.593672 1.501879
0.593078 1.501941
0.592485 1.502004
0.591893 1.502059
0.591301 1.502000
0.590710 1.501886
0.590119 1.501874
0.589529 1.501915
0.588939 1.501866
0.588350 1.501794
0.587762 1.501710
0.587174 1.501736
0.586587 1.501778
0.586000 1.501804
0.585414 1.501974
0.584829 1.502011
0.584244 1.501937
0.583660 1.501863
0.583076 1.501759
0.582493 1.501796
0.581911 1.501928
0.581329 1.501999
0.580747 1.502083
0.580167 1.502123
0.579587 1.501889
0.579007 1.501762
0.578428 1.501846
0.577850 1.501978
0.577272 1.501949
0.576694 1.501798
0.576118 1.501725
0.575542 1.501801
0.574966 1.501820
0.574391 1.501837
0.573817 1.501906
0.573243 1.501996
0.572670 1.502026
0.572097 1.501901
0.571525 1.501798
0.570953 1.501851
0.570382 1.501906
0.569812 1.501915
0.569242 1.501835
0.568673 1.501658
0.568104 1.501588
0.567536 1.501642
0.566969 1.501704
0.566402 1.501814
0.565835 1.501802
0.565269 1.501810
0.564704 1.501826
0.564139 1.501777
0.563575 1.501717
0.563012 1.501747
0.562449 1.501785
0.561886 1.501761
0.561324 1.501816
0.560763 1.501827
0.560202 1.501708
0.559642 1.501608
0.559082 1.501617
0.558523 1.501737
0.557965 1.501854
0.557407 1.501754
0.556850 1.501680
0.556293 1.501693
0.555736 1.501729
0.555181 1.501670
0.554625 1.501699
0.554071 1.501696
0.553517 1.501661
0.552963 1.501637
0.552410 1.501507
0.551858 1.501478
0.551306 1.501549
0.550755 1.501576
0.550204 1.501536
0.549654 1.501507
0.549104 1.501485
0.548555 1.501556
0.548006 1.501664
0.547458 1.501704
0.546911 1.501652
0.546364 1.501509
0.545818 1.501580
0.545272 1.501754
0.544727 1.501726
0.544182 1.501700
0.543638 1.501653
0.543094 1.501624
0.542551 1.501768
0.542008 1.501945
0.541466 1.502005
0.540925 1.502000
0.540384 1.501990
0.539844 1.501944
0.539304 1.501899
0.538764 1.501803
0.538226 1.501795
0.537687 1.501904
0.537150 1.501988
0.536613 1.501918
0.536076 1.501928
0.535540 1.501938
0.535004 1.501881
0.534469 1.501837
0.533935 1.501852
0.533401 1.501934
0.532868 1.501983
0.532335 1.501960
0.531802 1.501962
0.531271 1.501906
0.530739 1.501894
0.530209 1.501858
0.529678 1.501839
0.529149 1.501877
0.528620 1.501995
0.528091 1.502199
0.527563 1.502155
0.527035 1.501913
0.526508 1.501853
0.525982 1.501944
0.525456 1.501884
0.524930 1.501823
0.524405 1.501890
0.523881 1.501935
0.523357 1.501913
0.522834 1.501937
0.522311 1.502065
0.521789 1.502128
0.521267 1.502133
0.520746 1.502158
0.520225 1.502199
0.519705 1.502179
0.519185 1.502107
0.518666 1.501991
0.518147 1.502036
0.517629 1.502194
0.517111 1.502052
0.516594 1.502024
0.516078 1.502193
0.515561 1.502195
0.515046 1.502024
0.514531 1.502100
0.514016 1.502139
0.513502 1.502100
0.512989 1.502122
0.512476 1.502219
0.511963 1.502277
0.511451 1.502238
0.510940 1.502174
0.510429 1.502146
0.509919 1.502178
0.509409 1.502010
0.508899 1.501869
0.508390 1.501855
0.507882 1.501991
0.507374 1.502187
0.506867 1.502231
0.506360 1.502155
0.505853 1.502153
0.505348 1.502068
0.504842 1.501961
0.504337 1.502060
0.503833 1.502154
0.503329 1.502097
0.502826 1.502184
0.502323 1.502243
0.501821 1.502281
0.501319 1.502150
0.500818 1.501998
0.500317 1.501993
0.499816 1.502040
0.499317 1.502092
0.498817 1.502079
0.498319 1.502014
0.497820 1.502022
0.497322 1.502013
0.496825 1.502040
0.496328 1.502151
0.495832 1.502198
0.495336 1.502261
0.494841 1.502305
0.494346 1.502285
0.493852 1.502260
0.493358 1.502285
0.492864 1.502282
0.492371 1.502221
0.491879 1.502036
0.491387 1.502197
0.490896 1.502165
0.490405 1.501897
0.489915 1.502072
0.489425 1.502273
0.488935 1.502056
0.488446 1.501874
0.487958 1.501888
0.487470 1.501985
0.486982 1.502070
0.486495 1.502150
0.486009 1.502141
0.485523 1.502180
0.485037 1.502256
0.484552 1.502214
0.484068 1.502045
0.483584 1.502002
0.483100 1.502001
0.482617 1.501886
0.482134 1.501984
0.481652 1.501934
0.481171 1.501993
0.480689 1.502142
0.480209 1.502117
0.479729 1.502146
0.479249 1.502108
0.478770 1.502139
0.478291 1.502338
0.477813 1.502237
0.477335 1.502054
0.476857 1.502058
0.476381 1.502030
0.475904 1.501923
0.475428 1.501906
0.474953 1.501980
0.474478 1.501944
0.474003 1.501866
0.473529 1.501964
0.473056 1.502097
0.472583 1.502098
0.472110 1.502082
0.471638 1.502061
0.471166 1.502185
0.470695 1.502173
0.470225 1.502120
0.469754 1.501972
0.469285 1.502044
0.468815 1.502114
0.468347 1.502091
0.467878 1.502072
0.467410 1.502161
0.466943 1.502207
0.466476 1.502225
0.466009 1.502261
0.465543 1.502324
0.465078 1.502335
0.464613 1.502295
0.464148 1.502207
0.463684 1.502118
0.463220 1.502070
0.462757 1.502214
0.462294 1.502241
0.461832 1.502217
0.461370 1.502369
0.460909 1.502372
0.460448 1.502306
0.459988 1.502258
0.459528 1.502184
0.459068 1.502112
0.458609 1.502267
0.458150 1.502461
0.457692 1.502335
0.457235 1.502096
0.456777 1.502069
0.456321 1.502315
0.455864 1.502425
0.455408 1.502393
0.454953 1.502341
0.454498 1.502253
0.454043 1.502187
0.453589 1.502067
0.453136 1.502100
0.452683 1.502067
0.452230 1.502157
0.451778 1.502216
0.451326 1.502255
0.450875 1.502278
0.450424 1.502253
0.449973 1.502234
0.449523 1.502127
0.449074 1.502187
0.448625 1.502292
0.448176 1.502232
0.447728 1.502232
0.447280 1.502275
0.446833 1.502386
0.446386 1.502385
0.445940 1.502394
0.445494 1.502421
0.445048 1.502366
0.444603 1.502342
0.444159 1.502314
0.443715 1.502365
0.443271 1.502436
0.442828 1.502402
0.442385 1.502280
0.441942 1.502230
0.441500 1.502306
0.441059 1.502562
0.440618 1.502713
0.440177 1.502643
0.439737 1.502589
0.439297 1.502493
0.438858 1.502375
0.438419 1.502391
0.437981 1.502621
0.437543 1.502548
0.437105 1.502347
0.436668 1.502364
0.436231 1.502290
0.435795 1.502139
0.435359 1.502130
0.434924 1.502133
0.434489 1.502158
0.434055 1.502206
0.433621 1.502266
0.433187 1.502333
0.432754 1.502347
0.432321 1.502381
0.431889 1.502280
0.431457 1.502209
0.431025 1.502285
0.430594 1.502246
0.430164 1.502155
0.429734 1.502088
0.429304 1.502113
0.428875 1.502176
0.428446 1.502396
0.428017 1.502594
0.427589 1.502472
0.427162 1.502470
0.426734 1.502689
0.426308 1.502634
0.425881 1.502438
0.425456 1.502457
0.425030 1.502515
0.424605 1.502369
0.424180 1.502338
0.423756 1.502433
0.423332 1.502556
0.422909 1.502481
0.422486 1.502284
0.422064 1.502153
0.421642 1.502268
0.421220 1.502340
0.420799 1.502365
0.420378 1.502263
0.419958 1.502397
0.419538 1.502398
0.419118 1.502262
0.418699 1.502236
0.418280 1.502157
0.417862 1.502032
0.417444 1.502092
0.417027 1.502130
0.416610 1.502071
0.416193 1.502030
0.415777 1.502175
0.415361 1.502249
0.414946 1.502109
0.414531 1.502041
0.414116 1.502106
0.413702 1.502308
0.413289 1.502461
0.412875 1.502456
0.412462 1.502370
0.412050 1.502226
0.411638 1.502162
0.411226 1.502297
0.410815 1.502362
0.410404 1.502422
0.409994 1.502470
0.409584 1.502297
0.409174 1.502374
0.408765 1.502364
0.408356 1.502366
0.407948 1.502305
0.407540 1.502120
0.407132 1.502182
0.406725 1.502351
0.406319 1.502432
0.405912 1.502394
0.405506 1.502388
0.405101 1.502376
0.404696 1.502335
0.404291 1.502365
0.403887 1.502366
0.403483 1.502450
0.403079 1.502502
0.402676 1.502470
0.402274 1.502452
0.401871 1.502590
0.401469 1.502661
0.401068 1.502606
0.400667 1.502766
0.400266 1.502852
0.399866 1.502542
0.399466 1.502597
0.399067 1.502768
0.398668 1.502629
0.398269 1.502703
0.397871 1.502918
0.397473 1.502941
0.397075 1.502830
0.396678 1.502610
0.396282 1.502494
0.395885 1.502506
0.395489 1.502703
0.395094 1.502745
0.394699 1.502728
0.394304 1.502669
0.393910 1.502626
0.393516 1.502657
0.393122 1.502562
0.392729 1.502499
0.392337 1.502564
0.391944 1.502546
0.391552 1.502486
0.391161 1.502553
0.390770 1.502570
0.390379 1.502440
0.389988 1.502546
0.389598 1.502724
0.389209 1.502639
0.388820 1.502651
0.388431 1.502852
0.388042 1.502762
0.387654 1.502769
0.387267 1.502695
0.386879 1.502674
0.386492 1.502879
0.386106 1.502917
0.385720 1.502719
0.385334 1.502411
0.384949 1.502220
0.384564 1.502159
0.384179 1.502000
0.383795 1.502094
0.383411 1.502371
0.383028 1.502534
0.382645 1.502427
0.382262 1.502431
0.381880 1.502667
0.381498 1.502685
0.381117 1.502573
0.380735 1.502382
0.380355 1.502419
0.379974 1.502618
0.379594 1.502868
0.379215 1.502841
0.378836 1.502715
0.378457 1.502683
0.378078 1.502690
0.377700 1.502622
0.377323 1.502647
0.376945 1.502718
0.376568 1.502675
0.376192 1.502584
0.375816 1.502551
0.375440 1.502599
0.375064 1.502732
0.374689 1.502853
0.374315 1.502888
0.373940 1.502751
0.373566 1.502725
0.373193 1.502892
0.372819 1.502905
0.372447 1.502890
0.372074 1.502869
0.371702 1.502810
0.371330 1.502651
0.370959 1.502723
0.370588 1.502741
0.370218 1.502753
0.369847 1.502861
0.369478 1.502889
0.369108 1.503164
0.368739 1.503170
0.368370 1.502919
0.368002 1.502834
0.367634 1.502795
0.367266 1.502558
0.366899 1.502535
0.366532 1.502630
0.366165 1.502584
0.365799 1.502646
0.365434 1.502758
0.365068 1.502584
0.364703 1.502570
0.364338 1.502643
0.363974 1.502626
0.363610 1.502672
0.363246 1.502792
0.362883 1.502889
0.362520 1.502856
0.362158 1.503049
0.361796 1.503229
0.361434 1.503169
0.361072 1.502945
0.360711 1.502842
0.360351 1.502879
0.359990 1.503017
0.359630 1.503075
0.359271 1.503042
0.358911 1.502945
0.358552 1.502894
0.358194 1.502966
0.357836 1.502924
0.357478 1.503089
0.357120 1.503096
0.356763 1.502818
0.356406 1.502698
0.356050 1.502680
0.355694 1.502735
0.355338 1.502941
0.354983 1.503108
0.354628 1.503107
0.354273 1.502867
0.353919 1.502694
0.353565 1.502796
0.353212 1.502757
0.352858 1.502567
0.352506 1.502569
0.352153 1.502795
0.351801 1.502732
0.351449 1.502527
0.351098 1.502671
0.350747 1.502839
0.350396 1.502705
0.350045 1.502620
0.349695 1.502728
0.349346 1.502990
0.348996 1.502845
0.348647 1.502745
0.348299 1.502860
0.347950 1.502917
0.347602 1.502835
0.347255 1.502870
0.346908 1.503058
0.346561 1.503173
0.346214 1.503007
0.345868 1.502808
0.345522 1.502984
0.345176 1.502977
0.344831 1.502802
0.344486 1.502735
0.344142 1.502825
0.343798 1.502948
0.343454 1.502795
0.343111 1.502571
0.342767 1.502667
0.342425 1.502819
0.342082 1.502712
0.341740 1.502667
0.341398 1.502636
0.341057 1.502713
0.340716 1.502827
0.340375 1.502845
0.340035 1.502761
0.339695 1.502663
0.339355 1.502638
0.339016 1.502821
0.338677 1.502939
0.338338 1.502856
0.338000 1.502758
0.337662 1.502785
0.337324 1.502706
0.336987 1.502701
0.336650 1.503089
0.336313 1.502985
0.335977 1.502921
0.335641 1.503112
0.335305 1.502926
0.334970 1.502927
0.334635 1.502976
0.334300 1.502964
0.333966 1.503049
0.333632 1.503114
0.333298 1.503144
0.332965 1.503130
0.332632 1.503117
0.332300 1.503042
0.331967 1.502995
0.331635 1.503180
0.331304 1.503212
0.330972 1.503003
0.330641 1.502862
0.330311 1.502848
0.329980 1.502834
0.329650 1.502984
0.329321 1.503020
0.328991 1.502959
0.328662 1.502928
0.328334 1.502904
0.328005 1.502834
0.327677 1.503004
0.327350 1.503130
0.327022 1.503133
0.326695 1.503054
0.326369 1.502986
0.326042 1.503007
0.325716 1.503078
0.325391 1.503159
0.325065 1.503219
0.324740 1.503132
0.324415 1.502962
0.324091 1.503124
0.323767 1.503089
0.323443 1.503066
0.323120 1.503192
0.322797 1.503139
0.322474 1.503116
0.322151 1.503163
0.321829 1.503291
0.321507 1.503271
0.321186 1.503105
0.320865 1.502957
0.320544 1.502950
0.320223 1.503146
0.319903 1.503205
0.319583 1.503232
0.319264 1.502948
0.318944 1.502674
0.318625 1.502787
0.318307 1.502868
0.317988 1.503045
0.317670 1.503212
0.317353 1.502864
0.317035 1.502730
0.316718 1.503082
0.316402 1.503235
0.316085 1.503229
0.315769 1.503254
0.315453 1.503434
0.315138 1.503415
0.314823 1.503157
0.314508 1.502938
0.314193 1.502818
0.313879 1.502915
0.313565 1.503200
0.313252 1.503243
0.312939 1.503150
0.312626 1.503031
0.312313 1.502955
0.312001 1.502841
0.311689 1.502912
0.311377 1.502999
0.311066 1.502996
0.310755 1.502894
0.310444 1.502678
0.310133 1.502767
0.309823 1.502928
0.309513 1.502786
0.309204 1.502739
0.308895 1.502844
0.308586 1.502806
0.308277 1.502746
0.307969 1.502888
0.307661 1.502898
0.307353 1.503002
0.307046 1.503135
0.306739 1.502988
0.306432 1.502951
0.306126 1.503001
0.305820 1.503007
0.305514 1.503064
0.305208 1.503111
0.304903 1.503210
0.304598 1.503354
0.304294 1.503421
0.303989 1.503408
0.303685 1.503529
0.303382 1.503457
0.303078 1.503141
0.302775 1.503328
0.302472 1.503313
0.302170 1.503032
0.301868 1.503060
0.301566 1.503036
0.301264 1.502798
0.300963 1.503142
0.300662 1.503295
0.300361 1.503165
0.300061 1.503222
0.299761 1.503131
0.299461 1.503191
0.299162 1.503280
0.298863 1.503193
0.298564 1.503184
0.298265 1.503253
0.297967 1.503186
0.297669 1.503257
0.297371 1.503227
0.297074 1.503088
0.296777 1.503143
0.296480 1.502950
0.296184 1.503057
0.295887 1.503351
0.295591 1.503277
0.295296 1.503100
0.295001 1.503004
0.294706 1.503051
0.294411 1.503272
0.294116 1.503258
0.293822 1.503350
0.293529 1.503412
0.293235 1.503343
0.292942 1.503424
0.292649 1.503625
0.292356 1.503366
0.292064 1.503048
0.291772 1.503295
0.291480 1.503497
0.291188 1.503479
0.290897 1.503404
0.290606 1.503523
0.290316 1.503455
0.290025 1.503288
0.289735 1.503408
0.289446 1.503553
0.289156 1.503531
0.288867 1.503695
0.288578 1.503772
0.288290 1.503628
0.288001 1.503497
0.287713 1.503279
0.287426 1.503145
0.287138 1.503150
0.286851 1.503337
0.286564 1.503425
0.286278 1.503341
0.285991 1.503303
0.285705 1.503333
0.285420 1.503478
0.285134 1.503458
0.284849 1.503263
0.284564 1.503339
0.284280 1.503635
0.283995 1.503811
0.283711 1.503439
0.283428 1.503153
0.283144 1.503394
0.282861 1.503694
0.282578 1.503545
0.282296 1.503350
0.282013 1.503594
0.281731 1.503911
0.281450 1.503914
0.281168 1.503704
0.280887 1.503662
0.280606 1.503741
0.280326 1.503480
0.280045 1.503529
0.279765 1.503770
0.279485 1.503969
0.279206 1.503933
0.278927 1.503822
0.278648 1.503555
0.278369 1.503269
0.278091 1.503265
0.277813 1.503475
0.277535 1.503427
0.277257 1.503167
0.276980 1.503248
0.276703 1.503494
0.276426 1.503329
0.276150 1.503165
0.275874 1.503304
0.275598 1.503484
0.275322 1.503700
0.275047 1.503715
0.274772 1.503658
0.274497 1.503810
0.274223 1.503701
0.273949 1.503685
0.273675 1.503648
0.273401 1.503401
0.273128 1.503358
0.272854 1.503603
0.272582 1.503654
0.272309 1.503405
0.272037 1.503419
0.271765 1.503566
0.271493 1.503788
0.271221 1.503904
0.270950 1.503848
0.270679 1.503654
0.270408 1.503506
0.270138 1.503445
0.269868 1.503535
0.269598 1.503657
0.269328 1.503500
0.269059 1.503386
0.268790 1.503580
0.268521 1.503429
0.268253 1.503229
0.267985 1.503127
0.267717 1.503127
0.267449 1.503207
0.267181 1.503105
0.266914 1.503171
0.266647 1.503363
0.266381 1.503427
0.266114 1.503439
0.265848 1.503480
0.265582 1.503537
0.265317 1.503498
0.265051 1.503680
0.264786 1.503627
0.264522 1.503497
0.264257 1.503592
0.263993 1.503770
0.263729 1.503718
0.263465 1.503519
0.263202 1.503709
0.262938 1.503709
0.262675 1.503670
0.262413 1.503647
0.262150 1.503678
0.261888 1.503907
0.261626 1.504107
0.261365 1.504022
0.261103 1.503710
0.260842 1.503806
0.260581 1.504143
0.260321 1.503921
0.260060 1.503474
0.259800 1.503715
0.259541 1.503996
0.259281 1.503838
0.259022 1.503830
0.258763 1.504001
0.258504 1.503788
0.258246 1.503483
0.257987 1.503849
0.257729 1.504018
0.257472 1.503858
0.257214 1.503582
0.256957 1.503469
0.256700 1.503615
0.256443 1.503837
0.256187 1.503842
0.255931 1.503679
0.255675 1.503698
0.255419 1.503653
0.255164 1.503580
0.254908 1.503822
0.254653 1.503828
0.254399 1.503706
0.254144 1.503686
0.253890 1.503614
0.253636 1.503634
0.253383 1.503760
0.253129 1.503987
0.252876 1.504286
0.252623 1.504108
0.252371 1.504088
0.252118 1.504181
0.251866 1.503633
0.251614 1.503598
0.251363 1.503981
0.251111 1.504089
0.250860 1.503838
0.250609 1.503682
0.250359 1.503820
0.250108 1.503808
0.249858 1.503703
0.249609 1.503849
0.249359 1.503881
0.249110 1.504095
0.248860 1.504340
0.248612 1.504194
0.248363 1.504121
0.248115 1.504130
0.247866 1.503917
0.247619 1.503776
0.247371 1.503668
0.247124 1.503769
0.246877 1.503981
0.246630 1.503676
0.246383 1.503317
0.246137 1.503375
0.245890 1.503513
0.245645 1.503846
0.245399 1.504083
0.245154 1.503829
0.244908 1.503663
0.244663 1.504018
0.244419 1.504089
0.244174 1.504015
0.243930 1.504104
0.243686 1.504044
0.243443 1.503869
0.243199 1.503786
0.242956 1.504044
0.242713 1.504152
0.242470 1.504080
0.242228 1.504143
0.241986 1.504327
0.241744 1.504455
0.241502 1.504048
0.241260 1.503750
0.241019 1.503841
0.240778 1.503978
0.240537 1.504410
0.240297 1.504160
0.240056 1.503593
0.239816 1.503422
0.239577 1.503655
0.239337 1.503759
0.239098 1.503587
0.238859 1.503466
0.238620 1.503503
0.238381 1.503633
0.238143 1.503798
0.237905 1.503642
0.237667 1.503407
0.237429 1.503397
0.237192 1.503959
0.236954 1.504234
0.236717 1.504033
0.236481 1.504107
0.236244 1.504216
0.236008 1.504148
0.235772 1.503905
0.235536 1.503902
0.235301 1.504041
0.235065 1.503847
0.234830 1.504021
0.234595 1.504387
0.234361 1.504453
0.234127 1.503958
0.233892 1.503721
0.233659 1.503708
0.233425 1.503616
0.233191 1.503727
0.232958 1.503872
0.232725 1.503843
0.232493 1.503974
0.232260 1.504286
0.232028 1.504281
0.231796 1.504264
0.231564 1.504132
0.231332 1.504110
0.231101 1.504162
0.230870 1.504246
0.230639 1.504439
0.230408 1.504600
0.230178 1.504647
0.229948 1.504668
0.229718 1.504409
0.229488 1.504134
0.229259 1.504297
0.229029 1.504420
0.228800 1.504274
0.228572 1.504464
0.228343 1.504236
0.228115 1.503922
0.227887 1.504184
0.227659 1.504324
0.227431 1.504131
0.227204 1.504250
0.226976 1.504330
0.226749 1.504142
0.226523 1.503848
0.226296 1.503931
0.226070 1.504195
0.225844 1.504274
0.225618 1.504461
0.225392 1.504551
0.225167 1.504681
0.224942 1.504828
0.224717 1.504700
0.224492 1.504370
0.224268 1.504263
0.224043 1.504112
0.223819 1.503958
0.223596 1.504030
0.223372 1.504547
0.223149 1.504730
0.222925 1.504250
0.222702 1.503962
0.222480 1.503948
0.222257 1.504023
0.222035 1.504117
0.221813 1.503951
0.221591 1.503562
0.221370 1.503804
0.221148 1.504415
0.220927 1.504431
0.220706 1.504121
0.220485 1.504136
0.220265 1.504321
0.220045 1.504227
0.219825 1.504273
0.219605 1.504150
0.219385 1.503914
0.219166 1.503899
0.218947 1.504382
0.218728 1.504561
0.218509 1.504542
0.218290 1.504678
0.218072 1.504208
0.217854 1.504262
0.217636 1.504783
0.217419 1.504516
0.217201 1.504013
0.216984 1.503875
0.216767 1.504096
0.216550 1.504186
0.216334 1.504028
0.216117 1.504075
0.215901 1.504408
0.215685 1.504164
0.215470 1.503702
0.215254 1.503934
0.215039 1.504125
0.214824 1.504035
0.214609 1.504088
0.214394 1.504084
0.214180 1.504021
0.213966 1.504088
0.213752 1.504183
0.213538 1.504426
0.213325 1.504648
0.213111 1.504457
0.212898 1.504067
0.212685 1.504095
0.212473 1.504358
0.212260 1.504562
0.212048 1.504355
0.211836 1.503919
0.211624 1.503851
0.211412 1.504219
0.211201 1.504139
0.210990 1.504134
0.210779 1.504776
0.210568 1.504919
0.210357 1.504687
0.210147 1.504544
0.209937 1.504358
0.209727 1.504275
0.209517 1.504253
0.209308 1.504288
0.209098 1.504521
0.208889 1.504782
0.208680 1.504773
0.208472 1.504542
0.208263 1.504316
0.208055 1.504343
0.207847 1.504330
0.207639 1.504253
0.207432 1.504210
0.207224 1.504482
0.207017 1.504727
0.206810 1.504456
0.206603 1.504251
0.206396 1.504214
0.206190 1.504056
0.205984 1.503953
0.205778 1.504278
0.205572 1.504537
0.205366 1.504567
0.205161 1.504508
0.204956 1.504602
0.204751 1.504540
0.204546 1.504557
0.204342 1.504672
0.204137 1.504763
0.203933 1.504984
0.203729 1.504980
0.203526 1.504753
0.203322 1.504557
0.203119 1.504385
0.202916 1.504239
0.202713 1.504198
0.202510 1.504328
0.202307 1.504463
0.202105 1.504379
0.201903 1.504515
0.201701 1.504688
0.201499 1.504418
0.201298 1.504300
0.201097 1.504208
0.200896 1.504165
0.200695 1.504265
0.200494 1.504077
0.200293 1.503922
0.200093 1.504185
0.199893 1.504381
0.199693 1.504340
0.199494 1.504353
0.199294 1.504253
0.199095 1.504323
0.198896 1.504367
0.198697 1.504242
0.198498 1.504105
0.198300 1.504370
0.198101 1.504471
0.197903 1.504434
0.197705 1.504290
0.197508 1.504284
0.197310 1.504608
0.197113 1.504750
0.196916 1.504471
0.196719 1.504253
0.196522 1.504367
0.196325 1.504796
0.196129 1.505202
0.195933 1.505502
0.195737 1.505047
0.195541 1.504520
0.195346 1.504622
0.195150 1.504424
0.194955 1.504073
0.194760 1.503956
0.194566 1.504200
0.194371 1.504413
0.194177 1.504602
0.193982 1.504674
0.193788 1.504692
0.193595 1.504696
0.193401 1.504624
0.193208 1.504615
0.193014 1.504677
0.192821 1.504466
0.192629 1.504393
0.192436 1.504432
0.192244 1.504268
0.192051 1.503913
0.191859 1.503977
0.191667 1.504294
0.191476 1.504215
0.191284 1.504098
0.191093 1.504243
0.190902 1.504842
0.190711 1.504884
0.190520 1.504490
0.190330 1.504434
0.190139 1.504646
0.189949 1.504453
0.189759 1.504470
0.189570 1.504653
0.189380 1.504834
0.189191 1.505027
0.189001 1.504906
0.188812 1.504579
0.188624 1.504312
0.188435 1.504356
0.188247 1.504559
0.188058 1.504409
0.187870 1.504365
0.187682 1.504488
0.187495 1.504062
0.187307 1.504086
0.187120 1.504544
0.186933 1.504826
0.186746 1.504770
0.186559 1.504704
0.186373 1.504788
0.186186 1.504678
0.186000 1.504681
0.185814 1.504588
0.185628 1.504778
0.185443 1.504614
0.185257 1.504493
0.185072 1.504826
0.184887 1.504861
0.184702 1.504551
0.184517 1.504500
0.184333 1.504267
0.184148 1.504140
0.183964 1.504246
0.183780 1.504244
0.183596 1.504193
0.183413 1.504134
0.183229 1.504452
0.183046 1.504750
0.182863 1.504738
0.182680 1.504566
0.182498 1.504294
0.182315 1.504283
0.182133 1.504526
0.181951 1.504457
0.181769 1.504532
0.181587 1.504718
0.181405 1.504568
0.181224 1.504253
0.181043 1.504127
0.180862 1.504270
0.180681 1.504461
0.180500 1.504486
0.180320 1.504180
0.180139 1.504191
0.179959 1.504339
0.179779 1.504708
0.179599 1.504836
0.179420 1.504895
0.179240 1.505273
0.179061 1.505316
0.178882 1.505446
0.178703 1.505912
0.178525 1.505767
0.178346 1.505223
0.178168 1.504960
0.177990 1.504822
0.177812 1.505032
0.177634 1.505101
0.177456 1.505402
0.177279 1.505198
0.177101 1.504985
0.176924 1.504972
0.176747 1.504703
0.176571 1.504482
0.176394 1.504673
0.176218 1.504731
0.176041 1.504445
0.175865 1.504381
0.175689 1.504884
0.175514 1.505124
0.175338 1.504741
0.175163 1.504519
0.174988 1.504557
0.174813 1.504621
0.174638 1.504790
0.174463 1.505421
0.174289 1.505481
0.174115 1.504770
0.173940 1.504587
0.173767 1.504801
0.173593 1.504899
0.173419 1.505110
0.173246 1.505307
0.173073 1.505102
0.172899 1.504717
0.172727 1.504717
0.172554 1.504944
0.172381 1.505033
0.172209 1.505094
0.172037 1.505144
0.171865 1.505318
0.171693 1.505401
0.171521 1.505324
0.171350 1.505078
0.171178 1.504988
0.171007 1.505004
0.170836 1.504688
0.170665 1.504413
0.170495 1.504544
0.170324 1.504769
0.170154 1.504955
0.169984 1.505202
0.169814 1.505330
0.169644 1.505179
0.169474 1.504799
0.169305 1.504922
0.169135 1.504939
0.168966 1.504942
0.168797 1.505199
0.168628 1.505255
0.168460 1.505083
0.168291 1.505063
0.168123 1.505564
0.167955 1.505744
0.167787 1.505405
0.167619 1.505141
0.167452 1.505109
0.167284 1.504958
0.167117 1.504575
0.166950 1.504464
0.166783 1.504939
0.166616 1.505549
0.166449 1.505341
0.166283 1.504826
0.166117 1.505004
0.165951 1.505541
0.165785 1.505422
0.165619 1.505336
0.165453 1.505360
0.165288 1.504954
0.165122 1.505011
0.164957 1.505615
0.164792 1.505536
0.164628 1.504858
0.164463 1.504668
0.164298 1.505192
0.164134 1.505355
0.163970 1.505113
0.163806 1.505089
0.163642 1.505218
0.163479 1.505414
0.163315 1.505428
0.163152 1.505219
0.162989 1.505525
0.162826 1.505572
0.162663 1.505316
0.162500 1.505037
0.162338 1.505098
0.162175 1.505650
0.162013 1.505566
0.161851 1.505053
0.161689 1.504846
0.161528 1.505252
0.161366 1.505583
0.161205 1.505975
0.161044 1.506305
0.160882 1.505614
0.160722 1.504780
0.160561 1.505123
0.160400 1.505656
0.160240 1.505433
0.160080 1.505232
0.159920 1.505045
0.159760 1.504943
0.159600 1.504997
0.159440 1.505408
0.159281 1.505649
0.159122 1.504880
0.158962 1.504842
0.158804 1.505318
0.158645 1.505320
0.158486 1.504956
0.158328 1.504864
0.158169 1.504815
0.158011 1.504838
0.157853 1.505247
0.157695 1.505714
0.157538 1.505546
0.157380 1.505802
0.157223 1.505743
0.157065 1.505183
0.156908 1.505116
0.156751 1.505620
0.156595 1.505834
0.156438 1.505655
0.156282 1.505357
0.156125 1.505327
0.155969 1.505269
0.155813 1.505126
0.155657 1.505151
0.155502 1.505596
0.155346 1.505630
0.155191 1.505440
0.155036 1.505461
0.154881 1.505355
0.154726 1.505211
0.154571 1.505531
0.154417 1.505872
0.154262 1.506055
0.154108 1.506095
0.153954 1.505916
0.153800 1.505315
0.153646 1.504943
0.153492 1.505120
0.153339 1.505167
0.153185 1.505408
0.153032 1.505631
0.152879 1.505295
0.152726 1.505123
0.152574 1.505077
0.152421 1.505009
0.152269 1.505076
0.152116 1.505454
0.151964 1.505877
0.151812 1.505579
0.151661 1.504991
0.151509 1.505257
0.151357 1.505706
0.151206 1.505708
0.151055 1.505314
0.150904 1.505289
0.150753 1.505548
0.150602 1.505527
0.150451 1.505074
0.150301 1.505238
0.150151 1.505395
0.150001 1.505222
0.149851 1.505371
0.149701 1.505304
0.149551 1.505206
0.149401 1.505236
0.149252 1.505342
0.149103 1.505265
0.148954 1.505193
0.148805 1.505254
0.148656 1.505049
0.148507 1.505249
0.148359 1.505505
0.148210 1.505363
0.148062 1.505165
0.147914 1.505547
0.147766 1.505883
0.147618 1.505767
0.147471 1.505591
0.147323 1.505570
0.147176 1.505459
0.147029 1.505319
0.146882 1.505411
0.146735 1.506003
0.146588 1.506196
0.146442 1.505765
0.146295 1.505337
0.146149 1.505481
0.146003 1.505988
0.145857 1.505958
0.145711 1.505571
0.145565 1.505319
0.145420 1.505643
0.145274 1.505544
0.145129 1.505681
0.144984 1.505781
0.144839 1.505778
0.144694 1.506016
0.144549 1.506044
0.144405 1.505725
0.144260 1.505532
0.144116 1.505942
0.143972 1.506395
0.143828 1.505967
0.143684 1.505874
0.143540 1.505920
0.143397 1.505954
0.143254 1.506107
0.143110 1.506017
0.142967 1.505735
0.142824 1.505724
0.142681 1.505503
0.142539 1.505374
0.142396 1.505864
0.142254 1.505951
0.142112 1.505685
0.141969 1.505557
0.141827 1.505827
0.141686 1.505691
0.141544 1.505500
0.141402 1.505695
0.141261 1.505776
0.141120 1.505105
0.140979 1.504631
0.140838 1.505355
0.140697 1.505878
0.140556 1.505730
0.140416 1.505460
0.140275 1.505417
0.140135 1.505548
0.139995 1.505613
0.139855 1.505620
0.139715 1.505607
0.139575 1.505371
0.139436 1.505114
0.139296 1.505116
0.139157 1.505602
0.139018 1.505847
0.138879 1.505821
0.138740 1.505719
0.138601 1.505630
0.138462 1.505893
0.138324 1.506261
0.138186 1.506194
0.138047 1.505561
0.137909 1.505297
0.137772 1.505596
0.137634 1.505576
0.137496 1.505320
0.137359 1.505513
0.137221 1.505726
0.137084 1.505737
0.136947 1.505818
0.136810 1.506550
0.136673 1.506719
0.136537 1.506192
0.136400 1.505867
0.136264 1.506284
0.136127 1.506549
0.135991 1.506091
0.135855 1.506045
0.135719 1.505951
0.135584 1.505687
0.135448 1.505733
0.135313 1.505565
0.135177 1.505166
0.135042 1.505380
0.134907 1.505625
0.134772 1.505483
0.134637 1.505941
0.134503 1.506360
0.134368 1.506027
0.134234 1.505946
0.134100 1.505735
0.133966 1.505640
0.133832 1.505905
0.133698 1.506063
0.133564 1.506041
0.133430 1.506239
0.133297 1.505447
0.133164 1.505103
0.133031 1.505874
0.132898 1.506111
0.132765 1.505697
0.132632 1.505678
0.132499 1.506191
0.132367 1.506166
0.132234 1.505879
0.132102 1.505824
0.131970 1.505686
0.131838 1.505749
0.131706 1.506100
0.131575 1.506038
0.131443 1.505999
0.131312 1.506219
0.131180 1.506165
0.131049 1.506646
0.130918 1.506658
0.130787 1.505819
0.130656 1.505377
0.130526 1.505516
0.130395 1.506045
0.130265 1.506406
0.130134 1.506196
0.130004 1.505727
0.129874 1.505713
0.129744 1.506623
0.129615 1.506885
0.129485 1.506324
0.129356 1.506091
0.129226 1.505987
0.129097 1.505903
0.128968 1.505821
0.128839 1.505817
0.128710 1.506158
0.128581 1.506298
0.128453 1.505957
0.128324 1.506152
0.128196 1.506455
0.128068 1.506302
0.127940 1.506292
0.127812 1.506303
0.127684 1.506325
0.127556 1.506223
0.127429 1.506033
0.127301 1.506260
0.127174 1.505928
0.127047 1.505872
0.126920 1.505862
0.126793 1.505612
0.126666 1.505483
0.126539 1.505702
0.126413 1.505777
0.126286 1.505737
0.126160 1.505812
0.126034 1.505776
0.125908 1.505841
0.125782 1.506765
0.125656 1.506946
0.125531 1.506107
0.125405 1.505912
0.125280 1.506360
0.125154 1.506252
0.125029 1.505816
0.124904 1.506461
0.124779 1.506554
0.124655 1.505854
0.124530 1.505595
0.124405 1.506143
0.124281 1.506404
0.124157 1.505711
0.124033 1.505962
0.123909 1.506615
0.123785 1.506620
0.123661 1.506604
0.123537 1.506737
0.123414 1.506204
0.123290 1.505978
0.123167 1.506285
0.123044 1.506350
0.122921 1.505737
0.122798 1.505622
0.122675 1.506166
0.122552 1.506559
0.122430 1.506701
0.122307 1.506738
0.122185 1.506472
0.122063 1.506183
0.121941 1.506060
0.121819 1.506135
0.121697 1.506535
0.121575 1.506159
0.121454 1.505913
0.121332 1.506039
0.121211 1.505755
0.121090 1.505598
0.120969 1.505892
0.120848 1.506267
0.120727 1.506465
0.120606 1.506775
0.120486 1.507230
0.120365 1.507273
0.120245 1.506893
0.120124 1.506524
0.120004 1.506504
0.119884 1.506691
0.119764 1.506442
0.119645 1.506224
0.119525 1.506037
0.119405 1.505603
0.119286 1.505519
0.119167 1.505970
0.119048 1.506466
0.118929 1.506391
0.118810 1.505942
0.118691 1.505742
0.118572 1.505939
0.118454 1.506117
0.118335 1.506028
0.118217 1.506214
0.118099 1.506182
0.117980 1.506093
0.117862 1.506690
0.117745 1.506897
0.117627 1.506705
0.117509 1.506393
0.117392 1.506654
0.117274 1.506951
0.117157 1.506460
0.117040 1.506189
0.116923 1.505795
0.116806 1.505723
0.116689 1.505848
0.116572 1.506108
0.116456 1.506191
0.116339 1.506760
0.116223 1.506693
0.116107 1.505981
0.115991 1.506285
0.115875 1.506110
0.115759 1.505731
0.115643 1.506492
0.115527 1.507349
0.115412 1.506871
0.115297 1.506028
0.115181 1.506013
0.115066 1.506836
0.114951 1.507191
0.114836 1.507071
0.114721 1.506656
0.114606 1.506332
0.114492 1.506451
0.114377 1.506292
0.114263 1.506420
0.114149 1.506741
0.114035 1.506417
0.113921 1.505955
0.113807 1.506022
0.113693 1.506514
0.113579 1.506987
0.113466 1.507022
0.113352 1.506550
0.113239 1.506188
0.113126 1.505983
0.113012 1.505804
0.112899 1.505916
0.112786 1.505979
0.112674 1.505992
0.112561 1.505906
0.112448 1.506395
0.112336 1.507201
0.112224 1.507249
0.112111 1.507235
0.111999 1.507591
0.111887 1.506955
0.111775 1.506298
0.111664 1.505717
0.111552 1.505953
0.111440 1.506448
0.111329 1.506285
0.111218 1.506011
0.111106 1.506165
0.110995 1.506216
0.110884 1.506088
0.110773 1.505944
0.110663 1.505923
0.110552 1.506358
0.110442 1.506717
0.110331 1.506791
0.110221 1.506590
0.110111 1.506176
0.110000 1.506382
0.109890 1.506785
0.109781 1.506756
0.109671 1.506719
0.109561 1.506630
0.109451 1.506675
0.109342 1.506420
0.109233 1.506283
0.109123 1.506626
0.109014 1.507045
0.108905 1.507096
0.108796 1.506970
0.108688 1.506666
0.108579 1.506354
0.108470 1.506432
0.108362 1.506513
0.108254 1.506646
0.108145 1.506694
0.108037 1.506848
0.107929 1.507135
0.107821 1.507343
0.107713 1.507266
0.107606 1.506639
0.107498 1.506220
0.107391 1.506197
0.107283 1.506122
0.107176 1.505897
0.107069 1.506229
0.106962 1.507006
0.106855 1.506697
0.106748 1.506477
0.106641 1.506598
0.106534 1.506642
0.106428 1.506760
0.106321 1.506943
0.106215 1.506893
0.106109 1.506255
0.106003 1.506077
0.105897 1.506581
0.105791 1.506519
0.105685 1.506341
0.105579 1.506448
0.105474 1.506443
0.105368 1.506427
0.105263 1.506509
0.105158 1.506988
0.105053 1.507034
0.104948 1.506918
0.104843 1.506764
0.104738 1.506454
0.104633 1.506604
0.104528 1.507135
0.104424 1.507016
0.104319 1.506933
0.104215 1.507074
0.104111 1.506772
0.104007 1.506517
0.103903 1.507428
0.103799 1.508334
0.103695 1.508106
0.103591 1.507071
0.103488 1.506297
0.103384 1.506494
0.103281 1.506407
0.103178 1.506436
0.103074 1.507029
0.102971 1.507508
0.102868 1.507358
0.102766 1.507149
0.102663 1.507276
0.102560 1.507894
0.102458 1.508003
0.102355 1.508018
0.102253 1.507218
0.102150 1.506750
0.102048 1.506936
0.101946 1.507305
0.101844 1.507336
0.101742 1.506875
0.101641 1.506898
0.101539 1.507411
0.101438 1.507462
0.101336 1.507081
0.101235 1.507198
0.101134 1.506911
0.101032 1.506333
0.100931 1.506572
0.100830 1.506776
0.100730 1.506718
0.100629 1.506917
0.100528 1.507226
0.100428 1.507436
0.100327 1.507181
0.100227 1.506800
0.100127 1.506529
0.100027 1.506658
0.099927 1.506950
