Temp Cv
2.497500 1.501243
2.495003 1.501252
2.492507 1.501125
2.490015 1.501161
2.487525 1.501212
2.485037 1.501118
2.482552 1.501164
2.480070 1.501182
2.477590 1.501201
2.475112 1.501106
2.472637 1.501082
2.470164 1.501126
2.467694 1.501192
2.465227 1.501269
2.462761 1.501130
2.460299 1.501084
2.457838 1.501131
2.455380 1.501073
2.452925 1.501124
2.450472 1.501163
2.448022 1.501151
2.445574 1.501134
2.443128 1.501123
2.440685 1.501181
2.438244 1.501099
2.435806 1.501127
2.433370 1.501053
2.430937 1.501032
2.428506 1.501116
2.426077 1.501231
2.423651 1.501179
2.421228 1.501196
2.418806 1.501203
2.416388 1.501140
2.413971 1.501152
2.411557 1.501164
2.409146 1.501108
2.406737 1.501220
2.404330 1.501161
2.401926 1.501245
2.399524 1.501148
2.397124 1.501104
2.394727 1.501171
2.392332 1.501160
2.389940 1.501139
2.387550 1.501184
2.385162 1.501178
2.382777 1.501135
2.380394 1.501109
2.378014 1.501208
2.375636 1.501176
2.373260 1.501195
2.370887 1.501134
2.368516 1.501129
2.366148 1.501129
2.363782 1.501054
2.361418 1.501026
2.359056 1.501155
2.356697 1.501081
2.354341 1.501177
2.351986 1.501135
2.349634 1.501105
2.347285 1.501251
2.344937 1.501142
2.342592 1.501092
2.340250 1.501096
2.337910 1.501139
2.335572 1.501125
2.333236 1.501041
2.330903 1.501005
2.328572 1.501083
2.326243 1.501143
2.323917 1.501052
2.321593 1.501046
2.319272 1.501180
2.316952 1.501128
2.314635 1.501058
2.312321 1.501053
2.310009 1.501181
2.307698 1.501229
2.305391 1.501064
2.303085 1.501023
2.300782 1.501084
2.298482 1.501137
2.296183 1.501166
2.293887 1.501118
2.291593 1.501023
2.289301 1.501044
2.287012 1.501106
2.284725 1.501179
2.282440 1.501078
2.280158 1.501064
2.277878 1.501066
2.275600 1.501086
2.273324 1.501083
2.271051 1.501045
2.268780 1.501125
2.266511 1.501090
2.264245 1.501013
2.261980 1.501025
2.259718 1.501047
2.257459 1.501084
2.255201 1.501059
2.252946 1.501012
2.250693 1.501074
2.248442 1.501076
2.246194 1.501153
2.243948 1.501006
2.241704 1.500975
2.239462 1.501056
2.237223 1.501079
2.234985 1.501155
2.232750 1.501131
2.230518 1.501095
2.228287 1.500997
2.226059 1.500968
2.223833 1.500993
2.221609 1.501006
2.219387 1.501041
2.217168 1.501039
2.214951 1.500971
2.212736 1.500935
2.210523 1.500958
2.208313 1.501066
2.206104 1.501054
2.203898 1.500983
2.201694 1.500982
2.199493 1.501014
2.197293 1.500993
2.195096 1.500997
2.192901 1.500945
2.190708 1.500975
2.188517 1.501062
2.186329 1.501048
2.184142 1.501009
2.181958 1.500993
2.179776 1.501104
2.177596 1.501047
2.175419 1.501085
2.173243 1.501097
2.171070 1.501230
2.168899 1.501184
2.166730 1.501097
2.164563 1.501009
2.162399 1.500977
2.160236 1.501023
2.158076 1.501069
2.155918 1.501014
2.153762 1.500917
2.151608 1.500935
2.149457 1.501014
2.147307 1.500999
2.145160 1.500977
2.143015 1.500974
2.140872 1.501024
2.138731 1.500963
2.136592 1.500901
2.134456 1.501003
2.132321 1.501077
2.130189 1.501047
2.128059 1.501113
2.125931 1.501101
2.123805 1.501206
2.121681 1.501191
2.119559 1.501091
2.117440 1.501022
2.115322 1.501240
2.113207 1.501241
2.111094 1.501088
2.108983 1.501054
2.106874 1.501057
2.104767 1.501032
2.102662 1.501157
2.100559 1.501167
2.098459 1.501125
2.096360 1.501108
2.094264 1.501107
2.092170 1.501068
2.090078 1.501089
2.087987 1.501129
2.085899 1.501166
2.083814 1.501069
2.081730 1.501015
2.079648 1.501079
2.077568 1.501170
2.075491 1.501070
2.073415 1.501039
2.071342 1.501080
2.069271 1.501134
2.067201 1.501180
2.065134 1.501119
2.063069 1.501052
2.061006 1.500956
2.058945 1.500921
2.056886 1.500987
2.054829 1.501122
2.052774 1.501125
2.050721 1.501088
2.048671 1.500978
2.046622 1.501035
2.044575 1.501125
2.042531 1.500933
2.040488 1.500934
2.038448 1.501003
2.036409 1.500973
2.034373 1.501003
2.032339 1.501051
2.030306 1.501107
2.028276 1.501109
2.026248 1.501037
2.024221 1.500985
2.022197 1.500958
2.020175 1.500965
2.018155 1.500974
2.016137 1.501010
2.014121 1.501039
2.012106 1.501034
2.010094 1.500971
2.008084 1.501022
2.006076 1.501053
2.004070 1.501029
2.002066 1.501065
2.000064 1.501115
1.998064 1.501008
1.996066 1.501028
1.994070 1.501066
1.992076 1.501046
1.990084 1.501039
1.988094 1.501065
1.986105 1.501043
1.984119 1.501064
1.982135 1.500990
1.980153 1.500992
1.978173 1.500994
1.976195 1.501036
1.974219 1.500951
1.972244 1.500926
1.970272 1.500998
1.968302 1.501064
1.966334 1.501147
1.964367 1.501063
1.962403 1.501064
1.960440 1.501115
1.958480 1.501116
1.956521 1.501060
1.954565 1.501022
1.952610 1.501088
1.950658 1.501135
1.948707 1.501119
1.946758 1.501114
1.944812 1.501093
1.942867 1.501116
1.940924 1.500921
1.938983 1.500941
1.937044 1.500960
1.935107 1.500988
1.933172 1.500993
1.931239 1.500977
1.929308 1.501019
1.927378 1.501019
1.925451 1.500965
1.923525 1.500976
1.921602 1.501018
1.919680 1.501056
1.917761 1.501003
1.915843 1.501000
1.913927 1.500936
1.912013 1.500993
1.910101 1.500994
1.908191 1.501052
1.906283 1.501113
1.904376 1.501074
1.902472 1.501022
1.900570 1.501049
1.898669 1.500990
1.896770 1.500981
1.894874 1.501013
1.892979 1.501007
1.891086 1.500951
1.889195 1.500917
1.887305 1.500900
1.885418 1.500982
1.883533 1.500997
1.881649 1.501033
1.879768 1.501119
1.877888 1.501100
1.876010 1.501117
1.874134 1.501104
1.872260 1.501025
1.870388 1.501014
1.868517 1.501041
1.866649 1.501112
1.864782 1.501083
1.862917 1.501009
1.861054 1.501027
1.859193 1.501041
1.857334 1.500982
1.855477 1.500951
1.853621 1.501019
1.851768 1.501074
1.849916 1.500982
1.848066 1.501023
1.846218 1.501058
1.844372 1.501031
1.842527 1.501112
1.840685 1.501113
1.838844 1.501171
1.837005 1.501092
1.835168 1.501081
1.833333 1.501002
1.831500 1.501011
1.829668 1.501027
1.827839 1.501060
1.826011 1.501043
1.824185 1.500944
1.822360 1.500981
1.820538 1.501102
1.818718 1.500999
1.816899 1.500934
1.815082 1.501013
1.813267 1.500914
1.811454 1.501011
1.809642 1.500980
1.807833 1.500917
1.806025 1.500883
1.804219 1.500976
1.802414 1.500999
1.800612 1.500976
1.798811 1.501003
1.797013 1.500965
1.795216 1.500970
1.793420 1.501036
1.791627 1.501003
1.789835 1.500983
1.788045 1.500931
1.786257 1.501037
1.784471 1.501039
1.782687 1.501013
1.780904 1.501023
1.779123 1.501033
1.777344 1.500974
1.775567 1.500907
1.773791 1.500992
1.772017 1.501004
1.770245 1.500950
1.768475 1.500967
1.766707 1.501036
1.764940 1.501025
1.763175 1.500990
1.761412 1.500850
1.759650 1.500941
1.757891 1.501004
1.756133 1.500980
1.754377 1.500964
1.752622 1.500943
1.750870 1.500957
1.749119 1.500940
1.747370 1.500940
1.745622 1.500964
1.743877 1.500954
1.742133 1.501019
1.740391 1.500979
1.738650 1.501021
1.736912 1.500972
1.735175 1.500903
1.733440 1.500812
1.731706 1.500957
1.729974 1.501012
1.728244 1.500908
1.726516 1.500940
1.724790 1.500984
1.723065 1.500877
1.721342 1.500867
1.719620 1.500902
1.717901 1.501057
1.716183 1.501003
1.714467 1.500933
1.712752 1.500986
1.711040 1.501022
1.709329 1.500940
1.707619 1.500892
1.705912 1.500874
1.704206 1.500917
1.702501 1.500874
1.700799 1.500894
1.699098 1.500872
1.697399 1.500832
1.695702 1.500870
1.694006 1.500923
1.692312 1.500932
1.690620 1.500995
1.688929 1.500980
1.687240 1.500911
1.685553 1.500945
1.683867 1.500956
1.682183 1.501047
1.680501 1.500963
1.678821 1.500959
1.677142 1.501001
1.675465 1.500987
1.673789 1.500999
1.672116 1.500975
1.670443 1.500981
1.668773 1.500993
1.667104 1.500889
1.665437 1.500939
1.663772 1.501037
1.662108 1.501012
1.660446 1.501064
1.658785 1.501081
1.657127 1.501100
1.655469 1.501008
1.653814 1.500974
1.652160 1.500977
1.650508 1.501061
1.648857 1.501115
1.647209 1.501032
1.645561 1.500962
1.643916 1.500915
1.642272 1.500977
1.640630 1.501010
1.638989 1.500933
1.637350 1.500916
1.635713 1.500923
1.634077 1.500901
1.632443 1.500899
1.630810 1.500971
1.629180 1.501112
1.627550 1.501138
1.625923 1.501054
1.624297 1.501026
1.622673 1.500928
1.621050 1.500982
1.619429 1.500961
1.617810 1.500908
1.616192 1.500951
1.614576 1.500908
1.612961 1.500816
1.611348 1.500871
1.609737 1.500883
1.608127 1.500842
1.606519 1.500908
1.604912 1.500951
1.603307 1.500889
1.601704 1.500961
1.600102 1.500913
1.598502 1.500947
1.596904 1.500977
1.595307 1.501004
1.593712 1.501054
1.592118 1.500995
1.590526 1.500918
1.588935 1.500949
1.587346 1.500899
1.585759 1.500874
1.584173 1.500875
1.582589 1.500937
1.581006 1.500943
1.579425 1.501040
1.577846 1.500985
1.576268 1.500880
1.574692 1.500901
1.573117 1.500886
1.571544 1.500820
1.569972 1.500836
1.568402 1.500971
1.566834 1.500909
1.565267 1.500880
1.563702 1.500839
1.562138 1.500877
1.560576 1.500931
1.559016 1.500923
1.557457 1.500929
1.555899 1.501012
1.554343 1.500985
1.552789 1.500908
1.551236 1.500851
1.549685 1.500831
1.548135 1.500951
1.546587 1.501063
1.545040 1.501000
1.543495 1.501095
1.541952 1.501017
1.540410 1.500998
1.538870 1.501016
1.537331 1.500939
1.535793 1.500997
1.534258 1.501063
1.532723 1.500996
1.531191 1.500947
1.529659 1.500924
1.528130 1.501024
1.526602 1.500980
1.525075 1.500998
1.523550 1.501007
1.522026 1.501002
1.520504 1.500922
1.518984 1.500957
1.517465 1.500946
1.515947 1.500894
1.514431 1.500915
1.512917 1.500915
1.511404 1.500880
1.509893 1.500920
1.508383 1.501005
1.506874 1.501019
1.505368 1.500928
1.503862 1.500910
1.502358 1.500947
1.500856 1.500933
1.499355 1.500866
1.497856 1.500861
1.496358 1.500855
1.494862 1.500900
1.493367 1.500891
1.491873 1.500934
1.490381 1.500950
1.488891 1.500990
1.487402 1.500892
1.485915 1.500922
1.484429 1.500937
1.482944 1.500954
1.481461 1.500927
1.479980 1.500988
1.478500 1.500944
1.477021 1.500856
1.475544 1.500895
1.474069 1.500967
1.472595 1.501007
1.471122 1.500997
1.469651 1.500902
1.468181 1.500830
1.466713 1.500973
1.465247 1.501003
1.463781 1.500879
1.462318 1.500930
1.460855 1.500917
1.459394 1.500936
1.457935 1.500874
1.456477 1.500873
1.455021 1.500924
1.453566 1.500953
1.452112 1.500847
1.450660 1.500850
1.449209 1.500952
1.447760 1.500972
1.446312 1.500977
1.444866 1.500884
1.443421 1.500892
1.441978 1.500928
1.440536 1.500928
1.439095 1.500881
1.437656 1.500911
1.436218 1.500875
1.434782 1.500817
1.433347 1.500886
1.431914 1.500858
1.430482 1.500926
1.429052 1.500940
1.427623 1.500934
1.426195 1.500936
1.424769 1.501007
1.423344 1.500983
1.421921 1.500993
1.420499 1.501018
1.419078 1.500965
1.417659 1.500918
1.416242 1.500876
1.414825 1.500885
1.413410 1.500924
1.411997 1.500886
1.410585 1.500886
1.409174 1.500948
1.407765 1.500851
1.406358 1.500887
1.404951 1.501002
1.403546 1.501038
1.402143 1.501004
1.400741 1.500944
1.399340 1.500885
1.397940 1.500822
1.396542 1.500848
1.395146 1.500850
1.393751 1.500787
1.392357 1.500808
1.390965 1.500842
1.389574 1.500995
1.388184 1.500979
1.386796 1.500884
1.385409 1.500830
1.384024 1.500871
1.382640 1.500831
1.381257 1.500817
1.379876 1.500866
1.378496 1.500837
1.377117 1.500813
1.375740 1.500892
1.374365 1.500877
1.372990 1.500975
1.371617 1.501088
1.370246 1.500964
1.368875 1.500938
1.367507 1.500882
1.366139 1.500902
1.364773 1.500977
1.363408 1.500941
1.362045 1.500888
1.360683 1.500985
1.359322 1.500958
1.357963 1.500921
1.356605 1.500956
1.355248 1.500886
1.353893 1.500907
1.352539 1.500890
1.351186 1.500883
1.349835 1.500835
1.348485 1.500883
1.347137 1.500923
1.345790 1.500911
1.344444 1.500895
1.343100 1.500912
1.341756 1.500896
1.340415 1.500884
1.339074 1.500926
1.337735 1.500910
1.336397 1.500920
1.335061 1.500936
1.333726 1.500875
1.332392 1.500872
1.331060 1.500869
1.329729 1.500928
1.328399 1.500912
1.327071 1.500909
1.325744 1.500900
1.324418 1.500980
1.323093 1.500975
1.321770 1.500905
1.320449 1.500927
1.319128 1.500949
1.317809 1.500896
1.316491 1.500950
1.315175 1.500921
1.313860 1.500884
1.312546 1.500870
1.311233 1.500909
1.309922 1.500951
1.308612 1.500927
1.307303 1.500838
1.305996 1.500855
1.304690 1.500952
1.303385 1.501024
1.302082 1.501035
1.300780 1.500898
1.299479 1.500777
1.298180 1.500788
1.296881 1.500855
1.295585 1.500915
1.294289 1.500893
1.292995 1.500874
1.291702 1.500896
1.290410 1.500931
1.289120 1.500897
1.287830 1.500940
1.286543 1.500923
1.285256 1.500967
1.283971 1.500932
1.282687 1.500953
1.281404 1.501072
1.280123 1.500993
1.278843 1.500869
1.277564 1.500873
1.276286 1.500977
1.275010 1.500905
1.273735 1.500863
1.272461 1.500773
1.271189 1.500824
1.269918 1.500890
1.268648 1.500900
1.267379 1.500929
1.266112 1.500971
1.264846 1.500955
1.263581 1.500891
1.262317 1.500791
1.261055 1.500881
1.259794 1.500865
1.258534 1.500799
1.257275 1.500855
1.256018 1.500910
1.254762 1.500931
1.253507 1.500979
1.252254 1.500966
1.251002 1.500878
1.249751 1.500955
1.248501 1.500997
1.247252 1.500919
1.246005 1.501028
1.244759 1.501017
1.243514 1.501028
1.242271 1.501039
1.241029 1.501005
1.239788 1.500928
1.238548 1.500976
1.237309 1.500962
1.236072 1.500918
1.234836 1.500926
1.233601 1.500827
1.232367 1.500860
1.231135 1.500934
1.229904 1.500858
1.228674 1.500791
1.227445 1.500838
1.226218 1.500928
1.224992 1.500928
1.223767 1.500853
1.222543 1.500911
1.221320 1.500878
1.220099 1.500843
1.218879 1.500917
1.217660 1.500843
1.216442 1.500791
1.215226 1.500853
1.214011 1.500929
1.212797 1.500889
1.211584 1.500824
1.210372 1.500786
1.209162 1.500814
1.207953 1.500901
1.206745 1.500927
1.205538 1.500913
1.204333 1.500845
1.203128 1.500842
1.201925 1.500891
1.200723 1.500826
1.199522 1.500786
1.198323 1.500828
1.197125 1.500877
1.195927 1.500857
1.194732 1.500887
1.193537 1.500905
1.192343 1.500976
1.191151 1.501013
1.189960 1.501023
1.188770 1.500972
1.187581 1.500994
1.186393 1.501033
1.185207 1.500927
1.184022 1.500894
1.182838 1.500878
1.181655 1.500869
1.180473 1.500950
1.179293 1.501027
1.178114 1.500964
1.176935 1.500950
1.175759 1.500991
1.174583 1.500903
1.173408 1.500836
1.172235 1.500790
1.171063 1.500828
1.169891 1.500810
1.168722 1.500837
1.167553 1.500912
1.166385 1.500894
1.165219 1.500843
1.164054 1.500866
1.162890 1.500921
1.161727 1.500935
1.160565 1.500937
1.159404 1.500942
1.158245 1.500877
1.157087 1.500885
1.155930 1.500919
1.154774 1.500884
1.153619 1.500861
1.152465 1.500920
1.151313 1.500871
1.150162 1.500821
1.149011 1.500819
1.147862 1.500858
1.146715 1.500830
1.145568 1.500840
1.144422 1.500907
1.143278 1.500916
1.142135 1.500924
1.140992 1.500924
1.139851 1.500886
1.138712 1.500905
1.137573 1.500881
1.136435 1.500863
1.135299 1.500867
1.134164 1.500886
1.133029 1.500800
1.131896 1.500781
1.130765 1.500817
1.129634 1.500895
1.128504 1.500879
1.127376 1.500971
1.126248 1.500959
1.125122 1.500878
1.123997 1.500826
1.122873 1.500930
1.121750 1.500947
1.120628 1.500869
1.119508 1.500848
1.118388 1.500820
1.117270 1.500795
1.116152 1.500882
1.115036 1.500814
1.113921 1.500827
1.112807 1.500858
1.111695 1.500809
1.110583 1.500830
1.109472 1.500874
1.108363 1.500839
1.107254 1.500835
1.106147 1.500876
1.105041 1.500799
1.103936 1.500861
1.102832 1.500894
1.101729 1.500902
1.100627 1.500808
1.099527 1.500822
1.098427 1.500894
1.097329 1.500886
1.096232 1.500830
1.095135 1.500832
1.094040 1.500825
1.092946 1.500846
1.091853 1.500894
1.090761 1.500756
1.089671 1.500742
1.088581 1.500811
1.087492 1.500937
1.086405 1.500979
1.085318 1.500904
1.084233 1.500907
1.083149 1.500875
1.082066 1.500796
1.080984 1.500789
1.079903 1.500826
1.078823 1.500842
1.077744 1.500861
1.076666 1.500812
1.075590 1.500739
1.074514 1.500727
1.073439 1.500698
1.072366 1.500725
1.071294 1.500792
1.070222 1.500798
1.069152 1.500821
1.068083 1.500881
1.067015 1.500984
1.065948 1.500971
1.064882 1.500886
1.063817 1.500872
1.062753 1.500849
1.061690 1.500918
1.060629 1.500843
1.059568 1.500809
1.058509 1.500862
1.057450 1.500820
1.056393 1.500826
1.055336 1.500827
1.054281 1.500850
1.053227 1.500929
1.052173 1.500976
1.051121 1.501029
1.050070 1.500996
1.049020 1.500924
1.047971 1.501007
1.046923 1.500913
1.045876 1.500842
1.044830 1.500844
1.043785 1.500884
1.042742 1.500937
1.041699 1.500803
1.040657 1.500814
1.039617 1.500883
1.038577 1.500885
1.037538 1.500875
1.036501 1.500950
1.035464 1.500862
1.034429 1.500815
1.033394 1.500912
1.032361 1.500926
1.031329 1.500888
1.030297 1.500922
1.029267 1.500900
1.028238 1.500830
1.027210 1.500779
1.026182 1.500735
1.025156 1.500778
1.024131 1.500825
1.023107 1.500840
1.022084 1.500813
1.021062 1.500834
1.020041 1.500851
1.019021 1.500812
1.018002 1.500833
1.016984 1.500875
1.015967 1.500843
1.014951 1.500807
1.013936 1.500832
1.012922 1.500863
1.011909 1.500862
1.010897 1.500873
1.009886 1.500807
1.008876 1.500816
1.007867 1.500854
1.006859 1.500848
1.005852 1.500823
1.004847 1.500835
1.003842 1.500897
1.002838 1.500944
1.001835 1.500977
1.000833 1.500901
0.999832 1.500820
0.998833 1.500921
0.997834 1.500898
0.996836 1.500911
0.995839 1.500963
0.994843 1.500879
0.993848 1.500885
0.992855 1.500834
0.991862 1.500822
0.990870 1.500912
0.989879 1.500893
0.988889 1.500863
0.987900 1.500873
0.986912 1.500870
0.985925 1.500930
0.984939 1.500906
0.983955 1.500914
0.982971 1.500871
0.981988 1.500870
0.981006 1.500971
0.980025 1.500918
0.979045 1.500820
0.978066 1.500844
0.977087 1.500904
0.976110 1.500906
0.975134 1.500818
0.974159 1.500854
0.973185 1.500872
0.972212 1.500809
0.971240 1.500773
0.970268 1.500774
0.969298 1.500784
0.968329 1.500783
0.967360 1.500860
0.966393 1.500904
0.965427 1.500862
0.964461 1.500814
0.963497 1.500785
0.962533 1.500802
0.961571 1.500846
0.960609 1.500892
0.959649 1.500893
0.958689 1.500894
0.957730 1.500926
0.956773 1.500857
0.955816 1.500815
0.954860 1.500846
0.953905 1.500891
0.952951 1.500908
0.951998 1.500849
0.951046 1.500932
0.950095 1.500961
0.949145 1.500843
0.948196 1.500815
0.947248 1.500882
0.946301 1.500908
0.945354 1.500823
0.944409 1.500776
0.943464 1.500774
0.942521 1.500829
0.941578 1.500901
0.940637 1.500912
0.939696 1.500826
0.938757 1.500785
0.937818 1.500941
0.936880 1.500971
0.935943 1.500837
0.935007 1.500760
0.934072 1.500804
0.933138 1.500872
0.932205 1.500841
0.931273 1.500832
0.930341 1.500783
0.929411 1.500778
0.928482 1.500820
0.927553 1.500865
0.926626 1.500853
0.925699 1.500852
0.924773 1.500818
0.923849 1.500817
0.922925 1.500777
0.922002 1.500773
0.921080 1.500833
0.920159 1.500937
0.919239 1.500890
0.918319 1.500849
0.917401 1.500855
0.916484 1.500890
0.915567 1.500879
0.914652 1.500897
0.913737 1.500898
0.912823 1.500872
0.911910 1.500844
0.910998 1.500864
0.910087 1.500920
0.909177 1.500884
0.908268 1.500847
0.907360 1.500851
0.906453 1.500830
0.905546 1.500874
0.904641 1.500956
0.903736 1.500898
0.902832 1.500828
0.901929 1.500744
0.901027 1.500761
0.900126 1.500827
0.899226 1.500901
0.898327 1.500996
0.897429 1.500967
0.896531 1.500918
0.895635 1.500896
0.894739 1.500871
0.893844 1.500895
0.892951 1.500914
0.892058 1.500798
0.891166 1.500853
0.890274 1.500956
0.889384 1.500953
0.888495 1.500917
0.887606 1.500785
0.886719 1.500762
0.885832 1.500747
0.884946 1.500707
0.884061 1.500768
0.883177 1.500858
0.882294 1.500857
0.881412 1.500801
0.880530 1.500838
0.879650 1.500829
0.878770 1.500797
0.877891 1.500874
0.877013 1.500943
0.876136 1.500877
0.875260 1.500770
0.874385 1.500802
0.873511 1.500897
0.872637 1.500863
0.871764 1.500839
0.870893 1.500830
0.870022 1.500743
0.869152 1.500739
0.868283 1.500803
0.867414 1.500826
0.866547 1.500784
0.865680 1.500796
0.864815 1.500833
0.863950 1.500818
0.863086 1.500820
0.862223 1.500850
0.861361 1.500829
0.860499 1.500781
0.859639 1.500799
0.858779 1.500816
0.857920 1.500867
0.857062 1.500801
0.856205 1.500804
0.855349 1.500858
0.854494 1.500910
0.853639 1.500901
0.852786 1.500854
0.851933 1.500831
0.851081 1.500823
0.850230 1.500787
0.849380 1.500869
0.848530 1.500895
0.847682 1.500813
0.846834 1.500854
0.845987 1.500893
0.845141 1.500852
0.844296 1.500872
0.843452 1.500880
0.842608 1.500846
0.841766 1.500829
0.840924 1.500823
0.840083 1.500816
0.839243 1.500826
0.838404 1.500884
0.837565 1.500949
0.836728 1.500938
0.835891 1.500899
0.835055 1.500879
0.834220 1.500809
0.833386 1.500860
0.832552 1.500870
0.831720 1.500801
0.830888 1.500800
0.830057 1.500788
0.829227 1.500845
0.828398 1.500921
0.827570 1.500938
0.826742 1.500863
0.825915 1.500832
0.825089 1.500812
0.824264 1.500805
0.823440 1.500887
0.822617 1.500850
0.821794 1.500859
0.820972 1.500844
0.820151 1.500816
0.819331 1.500853
0.818512 1.500896
0.817693 1.500895
0.816875 1.500866
0.816059 1.500885
0.815243 1.500929
0.814427 1.500946
0.813613 1.500926
0.812799 1.500863
0.811986 1.500814
0.811174 1.500819
0.810363 1.500904
0.809553 1.500890
0.808743 1.500841
0.807935 1.500913
0.807127 1.500943
0.806320 1.500886
0.805513 1.500842
0.804708 1.500940
0.803903 1.500935
0.803099 1.500825
0.802296 1.500841
0.801494 1.500825
0.800692 1.500782
0.799892 1.500808
0.799092 1.500846
0.798293 1.500889
0.797494 1.500878
0.796697 1.500843
0.795900 1.500863
0.795104 1.500866
0.794309 1.500773
0.793515 1.500791
0.792721 1.500848
0.791929 1.500858
0.791137 1.500830
0.790345 1.500776
0.789555 1.500741
0.788766 1.500779
0.787977 1.500780
0.787189 1.500848
0.786402 1.500878
0.785615 1.500848
0.784830 1.500818
0.784045 1.500851
0.783261 1.500910
0.782477 1.500855
0.781695 1.500788
0.780913 1.500783
0.780132 1.500775
0.779352 1.500805
0.778573 1.500789
0.777794 1.500786
0.777017 1.500752
0.776240 1.500736
0.775463 1.500808
0.774688 1.500835
0.773913 1.500889
0.773139 1.500870
0.772366 1.500879
0.771594 1.500880
0.770822 1.500936
0.770051 1.500920
0.769281 1.500828
0.768512 1.500778
0.767743 1.500802
0.766976 1.500818
0.766209 1.500813
0.765443 1.500774
0.764677 1.500825
0.763912 1.500890
0.763148 1.500908
0.762385 1.500906
0.761623 1.500895
0.760861 1.500890
0.760100 1.500806
0.759340 1.500790
0.758581 1.500848
0.757822 1.500884
0.757065 1.500800
0.756308 1.500796
0.755551 1.500805
0.754796 1.500871
0.754041 1.500832
0.753287 1.500787
0.752534 1.500770
0.751781 1.500760
0.751029 1.500785
0.750278 1.500841
0.749528 1.500843
0.748778 1.500834
0.748030 1.500869
0.747282 1.500893
0.746534 1.500875
0.745788 1.500810
0.745042 1.500798
0.744297 1.500789
0.743553 1.500795
0.742809 1.500787
0.742066 1.500772
0.741324 1.500839
0.740583 1.500826
0.739842 1.500712
0.739102 1.500735
0.738363 1.500785
0.737625 1.500763
0.736887 1.500754
0.736151 1.500739
0.735414 1.500769
0.734679 1.500842
0.733944 1.500904
0.733210 1.500942
0.732477 1.500849
0.731745 1.500798
0.731013 1.500785
0.730282 1.500796
0.729552 1.500815
0.728822 1.500825
0.728093 1.500889
0.727365 1.500853
0.726638 1.500809
0.725911 1.500828
0.725185 1.500875
0.724460 1.500915
0.723736 1.500878
0.723012 1.500831
0.722289 1.500817
0.721567 1.500846
0.720845 1.500885
0.720124 1.500896
0.719404 1.500910
0.718685 1.500853
0.717966 1.500809
0.717248 1.500919
0.716531 1.500921
0.715814 1.500819
0.715098 1.500826
0.714383 1.500910
0.713669 1.500933
0.712955 1.500858
0.712242 1.500764
0.711530 1.500749
0.710818 1.500774
0.710108 1.500825
0.709398 1.500860
0.708688 1.500813
0.707979 1.500760
0.707271 1.500787
0.706564 1.500864
0.705858 1.500879
0.705152 1.500856
0.704447 1.500802
0.703742 1.500802
0.703038 1.500798
0.702335 1.500797
0.701633 1.500806
0.700931 1.500795
0.700231 1.500797
0.699530 1.500834
0.698831 1.500764
0.698132 1.500779
0.697434 1.500825
0.696736 1.500808
0.696040 1.500792
0.695344 1.500774
0.694648 1.500779
0.693954 1.500795
0.693260 1.500811
0.692566 1.500813
0.691874 1.500909
0.691182 1.500983
0.690491 1.500894
0.689800 1.500839
0.689110 1.500853
0.688421 1.500826
0.687733 1.500865
0.687045 1.500922
0.686358 1.500925
0.685672 1.500938
0.684986 1.500847
0.684301 1.500822
0.683617 1.500849
0.682933 1.500892
0.682250 1.500861
0.681568 1.500817
0.680886 1.500816
0.680206 1.500804
0.679525 1.500805
0.678846 1.500799
0.678167 1.500797
0.677489 1.500773
0.676811 1.500804
0.676135 1.500774
0.675458 1.500709
0.674783 1.500742
0.674108 1.500775
0.673434 1.500792
0.672761 1.500813
0.672088 1.500832
0.671416 1.500839
0.670744 1.500885
0.670074 1.500875
0.669404 1.500808
0.668734 1.500828
0.668065 1.500889
0.667397 1.500867
0.666730 1.500823
0.666063 1.500835
0.665397 1.500808
0.664732 1.500823
0.664067 1.500907
0.663403 1.500934
0.662740 1.500910
0.662077 1.500872
0.661415 1.500837
0.660753 1.500817
0.660093 1.500796
0.659432 1.500856
0.658773 1.500807
0.658114 1.500725
0.657456 1.500780
0.656799 1.500838
0.656142 1.500832
0.655486 1.500843
0.654830 1.500801
0.654175 1.500832
0.653521 1.500851
0.652868 1.500851
0.652215 1.500884
0.651563 1.500861
0.650911 1.500855
0.650260 1.500887
0.649610 1.500902
0.648960 1.500878
0.648311 1.500872
0.647663 1.500857
0.647015 1.500845
0.646368 1.500852
0.645722 1.500837
0.645076 1.500826
0.644431 1.500775
0.643787 1.500805
0.643143 1.500888
0.642500 1.500854
0.641857 1.500810
0.641215 1.500808
0.640574 1.500841
0.639934 1.500861
0.639294 1.500822
0.638654 1.500818
0.638016 1.500835
0.637378 1.500831
0.636740 1.500832
0.636104 1.500888
0.635468 1.500911
0.634832 1.500865
0.634197 1.500850
0.633563 1.500856
0.632930 1.500861
0.632297 1.500811
0.631664 1.500807
0.631033 1.500820
0.630402 1.500820
0.629771 1.500815
0.629141 1.500802
0.628512 1.500797
0.627884 1.500844
0.627256 1.500857
0.626629 1.500835
0.626002 1.500859
0.625376 1.500908
0.624751 1.500846
0.624126 1.500767
0.623502 1.500738
0.622878 1.500806
0.622255 1.500856
0.621633 1.500810
0.621011 1.500785
0.620390 1.500794
0.619770 1.500814
0.619150 1.500793
0.618531 1.500786
0.617913 1.500759
0.617295 1.500791
0.616677 1.500864
0.616061 1.500879
0.615445 1.500864
0.614829 1.500879
0.614214 1.500895
0.613600 1.500864
0.612987 1.500872
0.612374 1.500908
0.611761 1.500935
0.611149 1.500842
0.610538 1.500829
0.609928 1.500889
0.609318 1.500837
0.608709 1.500810
0.608100 1.500873
0.607492 1.500849
0.606884 1.500770
0.606277 1.500738
0.605671 1.500727
0.605065 1.500829
0.604460 1.500847
0.603856 1.500764
0.603252 1.500757
0.602649 1.500815
0.602046 1.500811
0.601444 1.500792
0.600843 1.500767
0.600242 1.500781
0.599642 1.500812
0.599042 1.500810
0.598443 1.500791
0.597844 1.500814
0.597247 1.500828
0.596649 1.500822
0.596053 1.500772
0.595457 1.500793
0.594861 1.500817
0.594266 1.500784
0.593672 1.500851
0.593078 1.500905
0.592485 1.500823
0.591893 1.500802
0.591301 1.500800
0.590710 1.500894
0.590119 1.500966
0.589529 1.500955
0.588939 1.500863
0.588350 1.500853
0.587762 1.500894
0.587174 1.500906
0.586587 1.500864
0.586000 1.500811
0.585414 1.500836
0.584829 1.500862
0.584244 1.500839
0.583660 1.500787
0.583076 1.500773
0.582493 1.500869
0.581911 1.500873
0.581329 1.500762
0.580747 1.500777
0.580167 1.500840
0.579587 1.500818
0.579007 1.500798
0.578428 1.500812
0.577850 1.500859
0.577272 1.500890
0.576694 1.500865
0.576118 1.500793
0.575542 1.500794
0.574966 1.500822
0.574391 1.500802
0.573817 1.500754
0.573243 1.500805
0.572670 1.500780
0.572097 1.500815
0.571525 1.500825
0.570953 1.500747
0.570382 1.500742
0.569812 1.500869
0.569242 1.500915
0.568673 1.500865
0.568104 1.500840
0.567536 1.500772
0.566969 1.500808
0.566402 1.500869
0.565835 1.500862
0.565269 1.500821
0.564704 1.500796
0.564139 1.500873
0.563575 1.500931
0.563012 1.500928
0.562449 1.500842
0.561886 1.500795
0.561324 1.500824
0.560763 1.500812
0.560202 1.500806
0.559642 1.500847
0.559082 1.500834
0.558523 1.500813
0.557965 1.500810
0.557407 1.500855
0.556850 1.500872
0.556293 1.500794
0.555736 1.500775
0.555181 1.500835
0.554625 1.500850
0.554071 1.500763
0.553517 1.500729
0.552963 1.500793
0.552410 1.500791
0.551858 1.500836
0.551306 1.500883
0.550755 1.500852
0.550204 1.500840
0.549654 1.500787
0.549104 1.500783
0.548555 1.500801
0.548006 1.500793
0.547458 1.500781
0.546911 1.500751
0.546364 1.500782
0.545818 1.500792
0.545272 1.500733
0.544727 1.500722
0.544182 1.500765
0.543638 1.500761
0.543094 1.500792
0.542551 1.500814
0.542008 1.500820
0.541466 1.500852
0.540925 1.500859
0.540384 1.500833
0.539844 1.500772
0.539304 1.500738
0.538764 1.500818
0.538226 1.500896
0.537687 1.500838
0.537150 1.500785
0.536613 1.500796
0.536076 1.500812
0.535540 1.500815
0.535004 1.500833
0.534469 1.500846
0.533935 1.500829
0.533401 1.500883
0.532868 1.500927
0.532335 1.500883
0.531802 1.500892
0.531271 1.500916
0.530739 1.500804
0.530209 1.500705
0.529678 1.500674
0.529149 1.500701
0.528620 1.500791
0.528091 1.500866
0.527563 1.500838
0.527035 1.500843
0.526508 1.500864
0.525982 1.500844
0.525456 1.500864
0.524930 1.500843
0.524405 1.500817
0.523881 1.500806
0.523357 1.500811
0.522834 1.500850
0.522311 1.500860
0.521789 1.500872
0.521267 1.500887
0.520746 1.500870
0.520225 1.500844
0.519705 1.500814
0.519185 1.500774
0.518666 1.500798
0.518147 1.500841
0.517629 1.500830
0.517111 1.500836
0.516594 1.500841
0.516078 1.500852
0.515561 1.500837
0.515046 1.500801
0.514531 1.500814
0.514016 1.500810
0.513502 1.500786
0.512989 1.500827
0.512476 1.500888
0.511963 1.500897
0.511451 1.500851
0.510940 1.500805
0.510429 1.500777
0.509919 1.500857
0.509409 1.500893
0.508899 1.500882
0.508390 1.500893
0.507882 1.500827
0.507374 1.500772
0.506867 1.500869
0.506360 1.500882
0.505853 1.500781
0.505348 1.500762
0.504842 1.500807
0.504337 1.500822
0.503833 1.500801
0.503329 1.500785
0.502826 1.500830
0.502323 1.500860
0.501821 1.500846
0.501319 1.500907
0.500818 1.500881
0.500317 1.500767
0.499816 1.500762
0.499317 1.500844
0.498817 1.500925
0.498319 1.500989
0.497820 1.500957
0.497322 1.500928
0.496825 1.500935
0.496328 1.500947
0.495832 1.500928
0.495336 1.500842
0.494841 1.500795
0.494346 1.500809
0.493852 1.500809
0.493358 1.500803
0.492864 1.500812
0.492371 1.500870
0.491879 1.500902
0.491387 1.500814
0.490896 1.500784
0.490405 1.500859
0.489915 1.500935
0.489425 1.500896
0.488935 1.500828
0.488446 1.500845
0.487958 1.500822
0.487470 1.500755
0.486982 1.500710
0.486495 1.500713
0.486009 1.500779
0.485523 1.500854
0.485037 1.500877
0.484552 1.500830
0.484068 1.500836
0.483584 1.500844
0.483100 1.500816
0.482617 1.500846
0.482134 1.500900
0.481652 1.500879
0.481171 1.500880
0.480689 1.500871
0.480209 1.500858
0.479729 1.500884
0.479249 1.500862
0.478770 1.500823
0.478291 1.500783
0.477813 1.500742
0.477335 1.500788
0.476857 1.500867
0.476381 1.500844
0.475904 1.500797
0.475428 1.500799
0.474953 1.500834
0.474478 1.500858
0.474003 1.500827
0.473529 1.500846
0.473056 1.500877
0.472583 1.500863
0.472110 1.500837
0.471638 1.500781
0.471166 1.500735
0.470695 1.500765
0.470225 1.500822
0.469754 1.500757
0.469285 1.500748
0.468815 1.500805
0.468347 1.500800
0.467878 1.500808
0.467410 1.500819
0.466943 1.500800
0.466476 1.500751
0.466009 1.500766
0.465543 1.500771
0.465078 1.500744
0.464613 1.500736
0.464148 1.500743
0.463684 1.500774
0.463220 1.500776
0.462757 1.500729
0.462294 1.500761
0.461832 1.500855
0.461370 1.500913
0.460909 1.500856
0.460448 1.500725
0.459988 1.500754
0.459528 1.500888
0.459068 1.500898
0.458609 1.500802
0.458150 1.500819
0.457692 1.500860
0.457235 1.500864
0.456777 1.500821
0.456321 1.500884
0.455864 1.500847
0.455408 1.500805
0.454953 1.500839
0.454498 1.500827
0.454043 1.500786
0.453589 1.500798
0.453136 1.500843
0.452683 1.500838
0.452230 1.500866
0.451778 1.500862
0.451326 1.500820
0.450875 1.500831
0.450424 1.500843
0.449973 1.500830
0.449523 1.500819
0.449074 1.500846
0.448625 1.500879
0.448176 1.500812
0.447728 1.500787
0.447280 1.500862
0.446833 1.500848
0.446386 1.500819
0.445940 1.500861
0.445494 1.500863
0.445048 1.500893
0.444603 1.500877
0.444159 1.500825
0.443715 1.500832
0.443271 1.500907
0.442828 1.500920
0.442385 1.500848
0.441942 1.500828
0.441500 1.500890
0.441059 1.500895
0.440618 1.500821
0.440177 1.500798
0.439737 1.500843
0.439297 1.500872
0.438858 1.500857
0.438419 1.500836
0.437981 1.500832
0.437543 1.500813
0.437105 1.500851
0.436668 1.500876
0.436231 1.500830
0.435795 1.500819
0.435359 1.500882
0.434924 1.500881
0.434489 1.500834
0.434055 1.500905
0.433621 1.500989
0.433187 1.500963
0.432754 1.500896
0.432321 1.500847
0.431889 1.500874
0.431457 1.500884
0.431025 1.500829
0.430594 1.500800
0.430164 1.500839
0.429734 1.500863
0.429304 1.500866
0.428875 1.500894
0.428446 1.500905
0.428017 1.500852
0.427589 1.500840
0.427162 1.500839
0.426734 1.500803
0.426308 1.500823
0.425881 1.500869
0.425456 1.500854
0.425030 1.500834
0.424605 1.500806
0.424180 1.500801
0.423756 1.500829
0.423332 1.500841
0.422909 1.500808
0.422486 1.500788
0.422064 1.500805
0.421642 1.500845
0.421220 1.500848
0.420799 1.500832
0.420378 1.500897
0.419958 1.500920
0.419538 1.500911
0.419118 1.500891
0.418699 1.500926
0.418280 1.500980
0.417862 1.500924
0.417444 1.500844
0.417027 1.500853
0.416610 1.500874
0.416193 1.500903
0.415777 1.500890
0.415361 1.500814
0.414946 1.500754
0.414531 1.500811
0.414116 1.500907
0.413702 1.500947
0.413289 1.500873
0.412875 1.500783
0.412462 1.500783
0.412050 1.500822
0.411638 1.500793
0.411226 1.500735
0.410815 1.500726
0.410404 1.500787
0.409994 1.500880
0.409584 1.500866
0.409174 1.500791
0.408765 1.500788
0.408356 1.500764
0.407948 1.500759
0.407540 1.500820
0.407132 1.500847
0.406725 1.500881
0.406319 1.500879
0.405912 1.500848
0.405506 1.500846
0.405101 1.500852
0.404696 1.500822
0.404291 1.500809
0.403887 1.500809
0.403483 1.500781
0.403079 1.500762
0.402676 1.500739
0.402274 1.500730
0.401871 1.500765
0.401469 1.500798
0.401068 1.500777
0.400667 1.500809
0.400266 1.500867
0.399866 1.500808
0.399466 1.500867
0.399067 1.500920
0.398668 1.500854
0.398269 1.500818
0.397871 1.500854
0.397473 1.500875
0.397075 1.500847
0.396678 1.500795
0.396282 1.500798
0.395885 1.500832
0.395489 1.500859
0.395094 1.500864
0.394699 1.500844
0.394304 1.500806
0.393910 1.500769
0.393516 1.500742
0.393122 1.500770
0.392729 1.500824
0.392337 1.500852
0.391944 1.500856
0.391552 1.500832
0.391161 1.500827
0.390770 1.500810
0.390379 1.500811
0.389988 1.500830
0.389598 1.500815
0.389209 1.500828
0.388820 1.500869
0.388431 1.500828
0.388042 1.500782
0.387654 1.500805
0.387267 1.500823
0.386879 1.500781
0.386492 1.500809
0.386106 1.500893
0.385720 1.500874
0.385334 1.500832
0.384949 1.500813
0.384564 1.500806
0.384179 1.500818
0.383795 1.500877
0.383411 1.500901
0.383028 1.500852
0.382645 1.500740
0.382262 1.500754
0.381880 1.500861
0.381498 1.500840
0.381117 1.500793
0.380735 1.500763
0.380355 1.500731
0.379974 1.500779
0.379594 1.500856
0.379215 1.500902
0.378836 1.500891
0.378457 1.500869
0.378078 1.500839
0.377700 1.500827
0.377323 1.500857
0.376945 1.500847
0.376568 1.500832
0.376192 1.500855
0.375816 1.500872
0.375440 1.500864
0.375064 1.500881
0.374689 1.500938
0.374315 1.500899
0.373940 1.500834
0.373566 1.500802
0.373193 1.500814
0.372819 1.500876
0.372447 1.500910
0.372074 1.500924
0.371702 1.500879
0.371330 1.500807
0.370959 1.500786
0.370588 1.500771
0.370218 1.500782
0.369847 1.500874
0.369478 1.500905
0.369108 1.500884
0.368739 1.500884
0.368370 1.500834
0.368002 1.500792
0.367634 1.500859
0.367266 1.500868
0.366899 1.500825
0.366532 1.500845
0.366165 1.500840
0.365799 1.500785
0.365434 1.500775
0.365068 1.500801
0.364703 1.500776
0.364338 1.500811
0.363974 1.500873
0.363610 1.500857
0.363246 1.500870
0.362883 1.500859
0.362520 1.500826
0.362158 1.500768
0.361796 1.500751
0.361434 1.500824
0.361072 1.500838
0.360711 1.500804
0.360351 1.500844
0.359990 1.500887
0.359630 1.500869
0.359271 1.500881
0.358911 1.500875
0.358552 1.500813
0.358194 1.500811
0.357836 1.500819
0.357478 1.500811
0.357120 1.500856
0.356763 1.500906
0.356406 1.500866
0.356050 1.500796
0.355694 1.500772
0.355338 1.500805
0.354983 1.500813
0.354628 1.500832
0.354273 1.500873
0.353919 1.500905
0.353565 1.500909
0.353212 1.500872
0.352858 1.500829
0.352506 1.500787
0.352153 1.500812
0.351801 1.500858
0.351449 1.500885
0.351098 1.500885
0.350747 1.500840
0.350396 1.500861
0.350045 1.500839
0.349695 1.500741
0.349346 1.500766
0.348996 1.500861
0.348647 1.500925
0.348299 1.500904
0.347950 1.500793
0.347602 1.500706
0.347255 1.500762
0.346908 1.500872
0.346561 1.500952
0.346214 1.500925
0.345868 1.500893
0.345522 1.500870
0.345176 1.500816
0.344831 1.500877
0.344486 1.500981
0.344142 1.500941
0.343798 1.500879
0.343454 1.500849
0.343111 1.500774
0.342767 1.500763
0.342425 1.500787
0.342082 1.500803
0.341740 1.500848
0.341398 1.500873
0.341057 1.500868
0.340716 1.500858
0.340375 1.500802
0.340035 1.500799
0.339695 1.500799
0.339355 1.500756
0.339016 1.500753
0.338677 1.500818
0.338338 1.500813
0.338000 1.500798
0.337662 1.500831
0.337324 1.500823
0.336987 1.500804
0.336650 1.500846
0.336313 1.500920
0.335977 1.500934
0.335641 1.500859
0.335305 1.500823
0.334970 1.500861
0.334635 1.500834
0.334300 1.500840
0.333966 1.500843
0.333632 1.500871
0.333298 1.500921
0.332965 1.500898
0.332632 1.500863
0.332300 1.500848
0.331967 1.500856
0.331635 1.500901
0.331304 1.500953
0.330972 1.500930
0.330641 1.500923
0.330311 1.500971
0.329980 1.500946
0.329650 1.500903
0.329321 1.500891
0.328991 1.500896
0.328662 1.500929
0.328334 1.500940
0.328005 1.500933
0.327677 1.500915
0.327350 1.500924
0.327022 1.500894
0.326695 1.500901
0.326369 1.500979
0.326042 1.500949
0.325716 1.500866
0.325391 1.500910
0.325065 1.500921
0.324740 1.500841
0.324415 1.500737
0.324091 1.500716
0.323767 1.500775
0.323443 1.500820
0.323120 1.500783
0.322797 1.500784
0.322474 1.500861
0.322151 1.500974
0.321829 1.500969
0.321507 1.500899
0.321186 1.500848
0.320865 1.500910
0.320544 1.500912
0.320223 1.500839
0.319903 1.500825
0.319583 1.500877
0.319264 1.500897
0.318944 1.500902
0.318625 1.500894
0.318307 1.500861
0.317988 1.500794
0.317670 1.500794
0.317353 1.500781
0.317035 1.500766
0.316718 1.500816
0.316402 1.500859
0.316085 1.500824
0.315769 1.500806
0.315453 1.500858
0.315138 1.500858
0.314823 1.500846
0.314508 1.500867
0.314193 1.500893
0.313879 1.500883
0.313565 1.500871
0.313252 1.500873
0.312939 1.500881
0.312626 1.500909
0.312313 1.500932
0.312001 1.500878
0.311689 1.500786
0.311377 1.500848
0.311066 1.500923
0.310755 1.500877
0.310444 1.500811
0.310133 1.500815
0.309823 1.500849
0.309513 1.500882
0.309204 1.500876
0.308895 1.500875
0.308586 1.500879
0.308277 1.500856
0.307969 1.500835
0.307661 1.500784
0.307353 1.500694
0.307046 1.500713
0.306739 1.500789
0.306432 1.500824
0.306126 1.500879
0.305820 1.500889
0.305514 1.500863
0.305208 1.500885
0.304903 1.500905
0.304598 1.500841
0.304294 1.500832
0.303989 1.500872
0.303685 1.500904
0.303382 1.500864
0.303078 1.500790
0.302775 1.500781
0.302472 1.500821
0.302170 1.500833
0.301868 1.500787
0.301566 1.500781
0.301264 1.500869
0.300963 1.500888
0.300662 1.500811
0.300361 1.500761
0.300061 1.500829
0.299761 1.500884
0.299461 1.500863
0.299162 1.500859
0.298863 1.500852
0.298564 1.500829
0.298265 1.500847
0.297967 1.500886
0.297669 1.500883
0.297371 1.500842
0.297074 1.500810
0.296777 1.500722
0.296480 1.500634
0.296184 1.500688
0.295887 1.500786
0.295591 1.500852
0.295296 1.500866
0.295001 1.500823
0.294706 1.500837
0.294411 1.500891
0.294116 1.500925
0.293822 1.500930
0.293529 1.500908
0.293235 1.500876
0.292942 1.500897
0.292649 1.500919
0.292356 1.500897
0.292064 1.500891
0.291772 1.500867
0.291480 1.500816
0.291188 1.500775
0.290897 1.500773
0.290606 1.500788
0.290316 1.500779
0.290025 1.500752
0.289735 1.500753
0.289446 1.500789
0.289156 1.500809
0.288867 1.500785
0.288578 1.500769
0.288290 1.500766
0.288001 1.500782
0.287713 1.500835
0.287426 1.500879
0.287138 1.500889
0.286851 1.500861
0.286564 1.500832
0.286278 1.500876
0.285991 1.500912
0.285705 1.500903
0.285420 1.500839
0.285134 1.500823
0.284849 1.500827
0.284564 1.500826
0.284280 1.500808
0.283995 1.500806
0.283711 1.500804
0.283428 1.500803
0.283144 1.500812
0.282861 1.500869
0.282578 1.500865
0.282296 1.500766
0.282013 1.500729
0.281731 1.500812
0.281450 1.500876
0.281168 1.500840
0.280887 1.500829
0.280606 1.500854
0.280326 1.500873
0.280045 1.500917
0.279765 1.500957
0.279485 1.500887
0.279206 1.500780
0.278927 1.500762
0.278648 1.500782
0.278369 1.500771
0.278091 1.500832
0.277813 1.500858
0.277535 1.500828
0.277257 1.500895
0.276980 1.500958
0.276703 1.500940
0.276426 1.500916
0.276150 1.500940
0.275874 1.500954
0.275598 1.500890
0.275322 1.500824
0.275047 1.500799
0.274772 1.500817
0.274497 1.500852
0.274223 1.500844
0.273949 1.500849
0.273675 1.500867
0.273401 1.500926
0.273128 1.500940
0.272854 1.500864
0.272582 1.500827
0.272309 1.500836
0.272037 1.500873
0.271765 1.500930
0.271493 1.500964
0.271221 1.500927
0.270950 1.500891
0.270679 1.500826
0.270408 1.500741
0.270138 1.500695
0.269868 1.500711
0.269598 1.500772
0.269328 1.500839
0.269059 1.500913
0.268790 1.500981
0.268521 1.500990
0.268253 1.500953
0.267985 1.500896
0.267717 1.500908
0.267449 1.500914
0.267181 1.500873
0.266914 1.500870
0.266647 1.500900
0.266381 1.500933
0.266114 1.500940
0.265848 1.500891
0.265582 1.500835
0.265317 1.500809
0.265051 1.500784
0.264786 1.500759
0.264522 1.500816
0.264257 1.500937
0.263993 1.500920
0.263729 1.500860
0.263465 1.500932
0.263202 1.500955
0.262938 1.500872
0.262675 1.500848
0.262413 1.500823
0.262150 1.500803
0.261888 1.500825
0.261626 1.500800
0.261365 1.500767
0.261103 1.500815
0.260842 1.500862
0.260581 1.500884
0.260321 1.500852
0.260060 1.500872
0.259800 1.500908
0.259541 1.500838
0.259281 1.500735
0.259022 1.500743
0.258763 1.500825
0.258504 1.500833
0.258246 1.500756
0.257987 1.500754
0.257729 1.500814
0.257472 1.500809
0.257214 1.500816
0.256957 1.500829
0.256700 1.500811
0.256443 1.500783
0.256187 1.500810
0.255931 1.500894
0.255675 1.500884
0.255419 1.500860
0.255164 1.500837
0.254908 1.500798
0.254653 1.500809
0.254399 1.500839
0.254144 1.500882
0.253890 1.500896
0.253636 1.500869
0.253383 1.500856
0.253129 1.500890
0.252876 1.500905
0.252623 1.500859
0.252371 1.500808
0.252118 1.500813
0.251866 1.500826
0.251614 1.500796
0.251363 1.500767
0.251111 1.500811
0.250860 1.500830
0.250609 1.500837
0.250359 1.500849
0.250108 1.500829
0.249858 1.500830
0.249609 1.500865
0.249359 1.500881
0.249110 1.500863
0.248860 1.500811
0.248612 1.500768
0.248363 1.500761
0.248115 1.500787
0.247866 1.500802
0.247619 1.500758
0.247371 1.500761
0.247124 1.500871
0.246877 1.500907
0.246630 1.500851
0.246383 1.500851
0.246137 1.500865
0.245890 1.500835
0.245645 1.500790
0.245399 1.500805
0.245154 1.500837
0.244908 1.500826
0.244663 1.500831
0.244419 1.500821
0.244174 1.500816
0.243930 1.500848
0.243686 1.500861
0.243443 1.500830
0.243199 1.500828
0.242956 1.500897
0.242713 1.500933
0.242470 1.500832
0.242228 1.500767
0.241986 1.500771
0.241744 1.500785
0.241502 1.500804
0.241260 1.500832
0.241019 1.500870
0.240778 1.500843
0.240537 1.500822
0.240297 1.500854
0.240056 1.500842
0.239816 1.500824
0.239577 1.500827
0.239337 1.500808
0.239098 1.500831
0.238859 1.500835
0.238620 1.500801
0.238381 1.500788
0.238143 1.500774
0.237905 1.500761
0.237667 1.500737
0.237429 1.500744
0.237192 1.500789
0.236954 1.500845
0.236717 1.500862
0.236481 1.500826
0.236244 1.500832
0.236008 1.500871
0.235772 1.500913
0.235536 1.500921
0.235301 1.500884
0.235065 1.500876
0.234830 1.500875
0.234595 1.500817
0.234361 1.500792
0.234127 1.500820
0.233892 1.500828
0.233659 1.500804
0.233425 1.500789
0.233191 1.500763
0.232958 1.500774
0.232725 1.500811
0.232493 1.500788
0.232260 1.500709
0.232028 1.500699
0.231796 1.500770
0.231564 1.500855
0.231332 1.500866
0.231101 1.500821
0.230870 1.500788
0.230639 1.500811
0.230408 1.500826
0.230178 1.500841
0.229948 1.500868
0.229718 1.500863
0.229488 1.500922
0.229259 1.500997
0.229029 1.500998
0.228800 1.500912
0.228572 1.500857
0.228343 1.500831
0.228115 1.500814
0.227887 1.500818
0.227659 1.500843
0.227431 1.500830
0.227204 1.500818
0.226976 1.500861
0.226749 1.500903
0.226523 1.500927
0.226296 1.500898
0.226070 1.500879
0.225844 1.500885
0.225618 1.500843
0.225392 1.500787
0.225167 1.500744
0.224942 1.500748
0.224717 1.500785
0.224492 1.500806
0.224268 1.500768
0.224043 1.500777
0.223819 1.500809
0.223596 1.500793
0.223372 1.500804
0.223149 1.500884
0.222925 1.500922
0.222702 1.500899
0.222480 1.500913
0.222257 1.500900
0.222035 1.500885
0.221813 1.500907
0.221591 1.500872
0.221370 1.500815
0.221148 1.500809
0.220927 1.500849
0.220706 1.500860
0.220485 1.500820
0.220265 1.500817
0.220045 1.500884
0.219825 1.500942
0.219605 1.500948
0.219385 1.500918
0.219166 1.500869
0.218947 1.500891
0.218728 1.500942
0.218509 1.500983
0.218290 1.500992
0.218072 1.500954
0.217854 1.500863
0.217636 1.500854
0.217419 1.500914
0.217201 1.500955
0.216984 1.500927
0.216767 1.500840
0.216550 1.500769
0.216334 1.500769
0.216117 1.500888
0.215901 1.500934
0.215685 1.500864
0.215470 1.500816
0.215254 1.500825
0.215039 1.500833
0.214824 1.500840
0.214609 1.500827
0.214394 1.500831
0.214180 1.500849
0.213966 1.500838
0.213752 1.500806
0.213538 1.500766
0.213325 1.500729
0.213111 1.500794
0.212898 1.500904
0.212685 1.500951
0.212473 1.500902
0.212260 1.500889
0.212048 1.500913
0.211836 1.500877
0.211624 1.500823
0.211412 1.500820
0.211201 1.500890
0.210990 1.500951
0.210779 1.500929
0.210568 1.500826
0.210357 1.500801
0.210147 1.500829
0.209937 1.500808
0.209727 1.500823
0.209517 1.500859
0.209308 1.500890
0.209098 1.500891
0.208889 1.500884
0.208680 1.500866
0.208472 1.500822
0.208263 1.500843
0.208055 1.500905
0.207847 1.500870
0.207639 1.500841
0.207432 1.500909
0.207224 1.500907
0.207017 1.500869
0.206810 1.500897
0.206603 1.500935
0.206396 1.500875
0.206190 1.500769
0.205984 1.500755
0.205778 1.500808
0.205572 1.500904
0.205366 1.501033
0.205161 1.501087
0.204956 1.500987
0.204751 1.500845
0.204546 1.500841
0.204342 1.500847
0.204137 1.500849
0.203933 1.500929
0.203729 1.500938
0.203526 1.500864
0.203322 1.500824
0.203119 1.500858
0.202916 1.500870
0.202713 1.500870
0.202510 1.500892
0.202307 1.500931
0.202105 1.500944
0.201903 1.500923
0.201701 1.500875
0.201499 1.500855
0.201298 1.500852
0.201097 1.500822
0.200896 1.500809
0.200695 1.500843
0.200494 1.500864
0.200293 1.500886
0.200093 1.500881
0.199893 1.500819
0.199693 1.500779
0.199494 1.500801
0.199294 1.500855
0.199095 1.500895
0.198896 1.500861
0.198697 1.500830
0.198498 1.500826
0.198300 1.500837
0.198101 1.500790
0.197903 1.500777
0.197705 1.500844
0.197508 1.500882
0.197310 1.500899
0.197113 1.500933
0.196916 1.500919
0.196719 1.500854
0.196522 1.500857
0.196325 1.500993
0.196129 1.501064
0.195933 1.500981
0.195737 1.500863
0.195541 1.500827
0.195346 1.500824
0.195150 1.500851
0.194955 1.500904
0.194760 1.500918
0.194566 1.500923
0.194371 1.500891
0.194177 1.500809
0.193982 1.500799
0.193788 1.500841
0.193595 1.500798
0.193401 1.500733
0.193208 1.500803
0.193014 1.500885
0.192821 1.500896
0.192629 1.500873
0.192436 1.500848
0.192244 1.500869
0.192051 1.500890
0.191859 1.500916
0.191667 1.500886
0.191476 1.500817
0.191284 1.500812
0.191093 1.500868
0.190902 1.500915
0.190711 1.500918
0.190520 1.500885
0.190330 1.500878
0.190139 1.500866
0.189949 1.500860
0.189759 1.500876
0.189570 1.500895
0.189380 1.500938
0.189191 1.500931
0.189001 1.500822
0.188812 1.500794
0.188624 1.500827
0.188435 1.500809
0.188247 1.500802
0.188058 1.500805
0.187870 1.500825
0.187682 1.500861
0.187495 1.500839
0.187307 1.500756
0.187120 1.500746
0.186933 1.500819
0.186746 1.500867
0.186559 1.500845
0.186373 1.500851
0.186186 1.500897
0.186000 1.500869
0.185814 1.500810
0.185628 1.500802
0.185443 1.500852
0.185257 1.500865
0.185072 1.500848
0.184887 1.500847
0.184702 1.500864
0.184517 1.500884
0.184333 1.500854
0.184148 1.500806
0.183964 1.500791
0.183780 1.500810
0.183596 1.500852
0.183413 1.500840
0.183229 1.500772
0.183046 1.500753
0.182863 1.500806
0.182680 1.500870
0.182498 1.500899
0.182315 1.500908
0.182133 1.500889
0.181951 1.500858
0.181769 1.500847
0.181587 1.500886
0.181405 1.500925
0.181224 1.500938
0.181043 1.500901
0.180862 1.500878
0.180681 1.500883
0.180500 1.500901
0.180320 1.500858
0.180139 1.500806
0.179959 1.500878
0.179779 1.501013
0.179599 1.501049
0.179420 1.501019
0.179240 1.500949
0.179061 1.500917
0.178882 1.500936
0.178703 1.500900
0.178525 1.500812
0.178346 1.500785
0.178168 1.500860
0.177990 1.500930
0.177812 1.500851
0.177634 1.500790
0.177456 1.500837
0.177279 1.500848
0.177101 1.500870
0.176924 1.500940
0.176747 1.500933
0.176571 1.500867
0.176394 1.500841
0.176218 1.500834
0.176041 1.500853
0.175865 1.500838
0.175689 1.500760
0.175514 1.500754
0.175338 1.500850
0.175163 1.500920
0.174988 1.500918
0.174813 1.500906
0.174638 1.500942
0.174463 1.500926
0.174289 1.500833
0.174115 1.500778
0.173940 1.500787
0.173767 1.500765
0.173593 1.500731
0.173419 1.500787
0.173246 1.500828
0.173073 1.500820
0.172899 1.500887
0.172727 1.500913
0.172554 1.500844
0.172381 1.500824
0.172209 1.500853
0.172037 1.500814
0.171865 1.500747
0.171693 1.500745
0.171521 1.500762
0.171350 1.500776
0.171178 1.500841
0.171007 1.500879
0.170836 1.500854
0.170665 1.500826
0.170495 1.500820
0.170324 1.500818
0.170154 1.500805
0.169984 1.500781
0.169814 1.500773
0.169644 1.500778
0.169474 1.500773
0.169305 1.500791
0.169135 1.500811
0.168966 1.500826
0.168797 1.500857
0.168628 1.500880
0.168460 1.500889
0.168291 1.500907
0.168123 1.500898
0.167955 1.500869
0.167787 1.500821
0.167619 1.500813
0.167452 1.500827
0.167284 1.500794
0.167117 1.500825
0.166950 1.500887
0.166783 1.500918
0.166616 1.500881
0.166449 1.500844
0.166283 1.500804
0.166117 1.500794
0.165951 1.500811
0.165785 1.500816
0.165619 1.500817
0.165453 1.500845
0.165288 1.500858
0.165122 1.500867
0.164957 1.500874
0.164792 1.500843
0.164628 1.500770
0.164463 1.500746
0.164298 1.500780
0.164134 1.500826
0.163970 1.500849
0.163806 1.500843
0.163642 1.500853
0.163479 1.500911
0.163315 1.500977
0.163152 1.500945
0.162989 1.500858
0.162826 1.500808
0.162663 1.500823
0.162500 1.500872
0.162338 1.500888
0.162175 1.500820
0.162013 1.500772
0.161851 1.500776
0.161689 1.500827
0.161528 1.500872
0.161366 1.500850
0.161205 1.500855
0.161044 1.500896
0.160882 1.500891
0.160722 1.500871
0.160561 1.500865
0.160400 1.500868
0.160240 1.500860
0.160080 1.500813
0.159920 1.500770
0.159760 1.500799
0.159600 1.500837
0.159440 1.500845
0.159281 1.500876
0.159122 1.500900
0.158962 1.500888
0.158804 1.500888
0.158645 1.500897
0.158486 1.500882
0.158328 1.500827
0.158169 1.500814
0.158011 1.500811
0.157853 1.500798
0.157695 1.500816
0.157538 1.500823
0.157380 1.500813
0.157223 1.500831
0.157065 1.500850
0.156908 1.500910
0.156751 1.500938
0.156595 1.500877
0.156438 1.500809
0.156282 1.500819
0.156125 1.500825
0.155969 1.500816
0.155813 1.500817
0.155657 1.500806
0.155502 1.500800
0.155346 1.500790
0.155191 1.500763
0.155036 1.500821
0.154881 1.500885
0.154726 1.500854
0.154571 1.500813
0.154417 1.500805
0.154262 1.500830
0.154108 1.500891
0.153954 1.500927
0.153800 1.500887
0.153646 1.500853
0.153492 1.500908
0.153339 1.500886
0.153185 1.500824
0.153032 1.500834
0.152879 1.500850
0.152726 1.500847
0.152574 1.500868
0.152421 1.500881
0.152269 1.500893
0.152116 1.500936
0.151964 1.500965
0.151812 1.500950
0.151661 1.500909
0.151509 1.500885
0.151357 1.500898
0.151206 1.500938
0.151055 1.500914
0.150904 1.500869
0.150753 1.500875
0.150602 1.500907
0.150451 1.500911
0.150301 1.500900
0.150151 1.500894
0.150001 1.500862
0.149851 1.500849
0.149701 1.500900
0.149551 1.500929
0.149401 1.500865
0.149252 1.500813
0.149103 1.500800
0.148954 1.500778
0.148805 1.500755
0.148656 1.500772
0.148507 1.500808
0.148359 1.500832
0.148210 1.500837
0.148062 1.500841
0.147914 1.500859
0.147766 1.500857
0.147618 1.500855
0.147471 1.500874
0.147323 1.500864
0.147176 1.500853
0.147029 1.500871
0.146882 1.500882
0.146735 1.500840
0.146588 1.500815
0.146442 1.500805
0.146295 1.500783
0.146149 1.500797
0.146003 1.500887
0.145857 1.500892
0.145711 1.500853
0.145565 1.500870
0.145420 1.500939
0.145274 1.500958
0.145129 1.500889
0.144984 1.500836
0.144839 1.500848
0.144694 1.500840
0.144549 1.500803
0.144405 1.500808
0.144260 1.500834
0.144116 1.500886
0.143972 1.500949
0.143828 1.500950
0.143684 1.500885
0.143540 1.500794
0.143397 1.500787
0.143254 1.500854
0.143110 1.500857
0.142967 1.500812
0.142824 1.500790
0.142681 1.500768
0.142539 1.500745
0.142396 1.500760
0.142254 1.500836
0.142112 1.500883
0.141969 1.500858
0.141827 1.500835
0.141686 1.500834
0.141544 1.500871
0.141402 1.500875
0.141261 1.500844
0.141120 1.500864
0.140979 1.500898
0.140838 1.500866
0.140697 1.500841
0.140556 1.500877
0.140416 1.500893
0.140275 1.500920
0.140135 1.501002
0.139995 1.501007
0.139855 1.500981
0.139715 1.500954
0.139575 1.500927
0.139436 1.500905
0.139296 1.500897
0.139157 1.500906
0.139018 1.500946
0.138879 1.500914
0.138740 1.500895
0.138601 1.500879
0.138462 1.500820
0.138324 1.500818
0.138186 1.500854
0.138047 1.500923
0.137909 1.500979
0.137772 1.501009
0.137634 1.501044
0.137496 1.501009
0.137359 1.500891
0.137221 1.500814
0.137084 1.500844
0.136947 1.500893
0.136810 1.500900
0.136673 1.500891
0.136537 1.500877
0.136400 1.500907
0.136264 1.500966
0.136127 1.500992
0.135991 1.500950
0.135855 1.500850
0.135719 1.500771
0.135584 1.500783
0.135448 1.500867
0.135313 1.500927
0.135177 1.500922
0.135042 1.500859
0.134907 1.500776
0.134772 1.500749
0.134637 1.500803
0.134503 1.500820
0.134368 1.500786
0.134234 1.500823
0.134100 1.500898
0.133966 1.500879
0.133832 1.500844
0.133698 1.500831
0.133564 1.500852
0.133430 1.500927
0.133297 1.500975
0.133164 1.500919
0.133031 1.500794
0.132898 1.500743
0.132765 1.500766
0.132632 1.500805
0.132499 1.500825
0.132367 1.500830
0.132234 1.500806
0.132102 1.500842
0.131970 1.500933
0.131838 1.500949
0.131706 1.500858
0.131575 1.500836
0.131443 1.500968
0.131312 1.501052
0.131180 1.501008
0.131049 1.500914
0.130918 1.500889
0.130787 1.500916
0.130656 1.500911
0.130526 1.500886
0.130395 1.500915
0.130265 1.500973
0.130134 1.500964
0.130004 1.500946
0.129874 1.500930
0.129744 1.500930
0.129615 1.500911
0.129485 1.500854
0.129356 1.500850
0.129226 1.500863
0.129097 1.500859
0.128968 1.500839
0.128839 1.500800
0.128710 1.500786
0.128581 1.500819
0.128453 1.500888
0.128324 1.500901
0.128196 1.500870
0.128068 1.500877
0.127940 1.500860
0.127812 1.500802
0.127684 1.500806
0.127556 1.500847
0.127429 1.500846
0.127301 1.500815
0.127174 1.500812
0.127047 1.500871
0.126920 1.500905
0.126793 1.500878
0.126666 1.500862
0.126539 1.500892
0.126413 1.500894
0.126286 1.500896
0.126160 1.500867
0.126034 1.500787
0.125908 1.500766
0.125782 1.500821
0.125656 1.500868
0.125531 1.500918
0.125405 1.500949
0.125280 1.500924
0.125154 1.500895
0.125029 1.500854
0.124904 1.500816
0.124779 1.500813
0.124655 1.500831
0.124530 1.500880
0.124405 1.500901
0.124281 1.500873
0.124157 1.500864
0.124033 1.500891
0.123909 1.500901
0.123785 1.500909
0.123661 1.500876
0.123537 1.500854
0.123414 1.500860
0.123290 1.500842
0.123167 1.500838
0.123044 1.500849
0.122921 1.500865
0.122798 1.500903
0.122675 1.500879
0.122552 1.500822
0.122430 1.500809
0.122307 1.500841
0.122185 1.500881
0.122063 1.500899
0.121941 1.500896
0.121819 1.500856
0.121697 1.500825
0.121575 1.500830
0.121454 1.500839
0.121332 1.500835
0.121211 1.500838
0.121090 1.500848
0.120969 1.500853
0.120848 1.500850
0.120727 1.500864
0.120606 1.500858
0.120486 1.500835
0.120365 1.500801
0.120245 1.500799
0.120124 1.500822
0.120004 1.500838
0.119884 1.500851
0.119764 1.500845
0.119645 1.500815
0.119525 1.500833
0.119405 1.500857
0.119286 1.500839
0.119167 1.500826
0.119048 1.500846
0.118929 1.500871
0.118810 1.500887
0.118691 1.500934
0.118572 1.500961
0.118454 1.500931
0.118335 1.500851
0.118217 1.500819
0.118099 1.500881
0.117980 1.500962
0.117862 1.501008
0.117745 1.500967
0.117627 1.500903
0.117509 1.500884
0.117392 1.500889
0.117274 1.500894
0.117157 1.500915
0.117040 1.500924
0.116923 1.500895
0.116806 1.500854
0.116689 1.500877
0.116572 1.500906
0.116456 1.500849
0.116339 1.500809
0.116223 1.500835
0.116107 1.500848
0.115991 1.500837
0.115875 1.500830
0.115759 1.500855
0.115643 1.500827
0.115527 1.500774
0.115412 1.500810
0.115297 1.500838
0.115181 1.500810
0.115066 1.500777
0.114951 1.500768
0.114836 1.500832
0.114721 1.500907
0.114606 1.500933
0.114492 1.500917
0.114377 1.500875
0.114263 1.500810
0.114149 1.500765
0.114035 1.500778
0.113921 1.500816
0.113807 1.500886
0.113693 1.500981
0.113579 1.500983
0.113466 1.500874
0.113352 1.500809
0.113239 1.500856
0.113126 1.500868
0.113012 1.500820
0.112899 1.500804
0.112786 1.500875
0.112674 1.500957
0.112561 1.500941
0.112448 1.500862
0.112336 1.500821
0.112224 1.500805
0.112111 1.500819
0.111999 1.500911
0.111887 1.500988
0.111775 1.500961
0.111664 1.500897
0.111552 1.500841
0.111440 1.500842
0.111329 1.500919
0.111218 1.500949
0.111106 1.500906
0.110995 1.500873
0.110884 1.500859
0.110773 1.500908
0.110663 1.500955
0.110552 1.500927
0.110442 1.500890
0.110331 1.500908
0.110221 1.500921
0.110111 1.500906
0.110000 1.500894
0.109890 1.500897
0.109781 1.500862
0.109671 1.500823
0.109561 1.500824
0.109451 1.500849
0.109342 1.500895
0.109233 1.500879
0.109123 1.500852
0.109014 1.500840
0.108905 1.500836
0.108796 1.500832
0.108688 1.500795
0.108579 1.500764
0.108470 1.500756
0.108362 1.500775
0.108254 1.500817
0.108145 1.500831
0.108037 1.500829
0.107929 1.500873
0.107821 1.500900
0.107713 1.500880
0.107606 1.500866
0.107498 1.500910
0.107391 1.500929
0.107283 1.500906
0.107176 1.500930
0.107069 1.500934
0.106962 1.500878
0.106855 1.500826
0.106748 1.500873
0.106641 1.500937
0.106534 1.500953
0.106428 1.500874
0.106321 1.500775
0.106215 1.500768
0.106109 1.500827
0.106003 1.500814
0.105897 1.500768
0.105791 1.500815
0.105685 1.500942
0.105579 1.501014
0.105474 1.501002
0.105368 1.500907
0.105263 1.500835
0.105158 1.500826
0.105053 1.500790
0.104948 1.500761
0.104843 1.500796
0.104738 1.500833
0.104633 1.500825
0.104528 1.500787
0.104424 1.500769
0.104319 1.500849
0.104215 1.500962
0.104111 1.501031
0.104007 1.501026
0.103903 1.500970
0.103799 1.500924
0.103695 1.500905
0.103591 1.500867
0.103488 1.500805
0.103384 1.500770
0.103281 1.500777
0.103178 1.500784
0.103074 1.500839
0.102971 1.500901
0.102868 1.500926
0.102766 1.500948
0.102663 1.500928
0.102560 1.500896
0.102458 1.500913
0.102355 1.500933
0.102253 1.500898
0.102150 1.500881
0.102048 1.500866
0.101946 1.500798
0.101844 1.500784
0.101742 1.500858
0.101641 1.500928
0.101539 1.500951
0.101438 1.500918
0.101336 1.500846
0.101235 1.500845
0.101134 1.500918
0.101032 1.500975
0.100931 1.500957
0.100830 1.500911
0.100730 1.500839
0.100629 1.500758
0.100528 1.500743
0.100428 1.500793
0.100327 1.500888
0.100227 1.500913
0.100127 1.500884
0.100027 1.500882
0.099927 1.500860
