T Cv
2.497500 1.501705
2.495003 1.501577
2.492507 1.501580
2.490015 1.501579
2.487525 1.501529
2.485037 1.501457
2.482552 1.501451
2.480070 1.501567
2.477590 1.501500
2.475112 1.501466
2.472637 1.501508
2.470164 1.501498
2.467694 1.501317
2.465227 1.501492
2.462761 1.501485
2.460299 1.501440
2.457838 1.501563
2.455380 1.501553
2.452925 1.501627
2.450472 1.501570
2.448022 1.501597
2.445574 1.501651
2.443128 1.501607
2.440685 1.501617
2.438244 1.501642
2.435806 1.501504
2.433370 1.501500
2.430937 1.501553
2.428506 1.501520
2.426077 1.501480
2.423651 1.501526
2.421228 1.501533
2.418806 1.501585
2.416388 1.501785
2.413971 1.501585
2.411557 1.501586
2.409146 1.501619
2.406737 1.501728
2.404330 1.501442
2.401926 1.501478
2.399524 1.501577
2.397124 1.501595
2.394727 1.501533
2.392332 1.501566
2.389940 1.501599
2.387550 1.501663
2.385162 1.501596
2.382777 1.501757
2.380394 1.501755
2.378014 1.501703
2.375636 1.501501
2.373260 1.501529
2.370887 1.501611
2.368516 1.501503
2.366148 1.501624
2.363782 1.501664
2.361418 1.501644
2.359056 1.501526
2.356697 1.501517
2.354341 1.501550
2.351986 1.501593
2.349634 1.501695
2.347285 1.501542
2.344937 1.501542
2.342592 1.501588
2.340250 1.501515
2.337910 1.501473
2.335572 1.501553
2.333236 1.501500
2.330903 1.501524
2.328572 1.501424
2.326243 1.501641
2.323917 1.501570
2.321593 1.501651
2.319272 1.501575
2.316952 1.501539
2.314635 1.501534
2.312321 1.501447
2.310009 1.501493
2.307698 1.501629
2.305391 1.501685
2.303085 1.501580
2.300782 1.501529
2.298482 1.501581
2.296183 1.501487
2.293887 1.501476
2.291593 1.501491
2.289301 1.501577
2.287012 1.501693
2.284725 1.501535
2.282440 1.501502
2.280158 1.501699
2.277878 1.501650
2.275600 1.501564
2.273324 1.501360
2.271051 1.501431
2.268780 1.501529
2.266511 1.501551
2.264245 1.501487
2.261980 1.501739
2.259718 1.501713
2.257459 1.501619
2.255201 1.501589
2.252946 1.501720
2.250693 1.501625
2.248442 1.501530
2.246194 1.501490
2.243948 1.501472
2.241704 1.501480
2.239462 1.501443
2.237223 1.501418
2.234985 1.501434
2.232750 1.501476
2.230518 1.501456
2.228287 1.501602
2.226059 1.501630
2.223833 1.501634
2.221609 1.501595
2.219387 1.501484
2.217168 1.501636
2.214951 1.501689
2.212736 1.501506
2.210523 1.501468
2.208313 1.501571
2.206104 1.501582
2.203898 1.501569
2.201694 1.501579
2.199493 1.501463
2.197293 1.501418
2.195096 1.501503
2.192901 1.501685
2.190708 1.501506
2.188517 1.501576
2.186329 1.501557
2.184142 1.501537
2.181958 1.501513
2.179776 1.501453
2.177596 1.501465
2.175419 1.501426
2.173243 1.501420
2.171070 1.501367
2.168899 1.501568
2.166730 1.501572
2.164563 1.501496
2.162399 1.501500
2.160236 1.501485
2.158076 1.501570
2.155918 1.501581
2.153762 1.501729
2.151608 1.501516
2.149457 1.501586
2.147307 1.501413
2.145160 1.501401
2.143015 1.501438
2.140872 1.501461
2.138731 1.501571
2.136592 1.501618
2.134456 1.501617
2.132321 1.501479
2.130189 1.501413
2.128059 1.501471
2.125931 1.501435
2.123805 1.501555
2.121681 1.501498
2.119559 1.501528
2.117440 1.501476
2.115322 1.501504
2.113207 1.501452
2.111094 1.501515
2.108983 1.501563
2.106874 1.501665
2.104767 1.501566
2.102662 1.501425
2.100559 1.501432
2.098459 1.501577
2.096360 1.501636
2.094264 1.501585
2.092170 1.501646
2.090078 1.501490
2.087987 1.501590
2.085899 1.501541
2.083814 1.501456
2.081730 1.501449
2.079648 1.501495
2.077568 1.501520
2.075491 1.501589
2.073415 1.501583
2.071342 1.501537
2.069271 1.501505
2.067201 1.501462
2.065134 1.501578
2.063069 1.501525
2.061006 1.501414
2.058945 1.501577
2.056886 1.501577
2.054829 1.501582
2.052774 1.501434
2.050721 1.501524
2.048671 1.501652
2.046622 1.501568
2.044575 1.501615
2.042531 1.501553
2.040488 1.501424
2.038448 1.501410
2.036409 1.501469
2.034373 1.501488
2.032339 1.501524
2.030306 1.501510
2.028276 1.501541
2.026248 1.501359
2.024221 1.501448
2.022197 1.501495
2.020175 1.501390
2.018155 1.501395
2.016137 1.501403
2.014121 1.501435
2.012106 1.501479
2.010094 1.501375
2.008084 1.501402
2.006076 1.501412
2.004070 1.501543
2.002066 1.501570
2.000064 1.501460
1.998064 1.501539
1.996066 1.501523
1.994070 1.501568
1.992076 1.501667
1.990084 1.501734
1.988094 1.501587
1.986105 1.501622
1.984119 1.501490
1.982135 1.501349
1.980153 1.501471
1.978173 1.501559
1.976195 1.501613
1.974219 1.501635
1.972244 1.501675
1.970272 1.501675
1.968302 1.501476
1.966334 1.501519
1.964367 1.501425
1.962403 1.501521
1.960440 1.501592
1.958480 1.501640
1.956521 1.501567
1.954565 1.501572
1.952610 1.501551
1.950658 1.501524
1.948707 1.501452
1.946758 1.501359
1.944812 1.501389
1.942867 1.501513
1.940924 1.501525
1.938983 1.501325
1.937044 1.501557
1.935107 1.501403
1.933172 1.501346
1.931239 1.501585
1.929308 1.501516
1.927378 1.501454
1.925451 1.501454
1.923525 1.501504
1.921602 1.501542
1.919680 1.501570
1.917761 1.501631
1.915843 1.501574
1.913927 1.501432
1.912013 1.501437
1.910101 1.501400
1.908191 1.501597
1.906283 1.501488
1.904376 1.501372
1.902472 1.501316
1.900570 1.501333
1.898669 1.501354
1.896770 1.501321
1.894874 1.501362
1.892979 1.501546
1.891086 1.501520
1.889195 1.501594
1.887305 1.501533
1.885418 1.501476
1.883533 1.501659
1.881649 1.501720
1.879768 1.501709
1.877888 1.501726
1.876010 1.501630
1.874134 1.501692
1.872260 1.501542
1.870388 1.501476
1.868517 1.501456
1.866649 1.501521
1.864782 1.501456
1.862917 1.501395
1.861054 1.501406
1.859193 1.501513
1.857334 1.501483
1.855477 1.501517
1.853621 1.501608
1.851768 1.501408
1.849916 1.501426
1.848066 1.501437
1.846218 1.501458
1.844372 1.501404
1.842527 1.501587
1.840685 1.501473
1.838844 1.501553
1.837005 1.501495
1.835168 1.501461
1.833333 1.501334
1.831500 1.501372
1.829668 1.501409
1.827839 1.501347
1.826011 1.501337
1.824185 1.501469
1.822360 1.501475
1.820538 1.501395
1.818718 1.501371
1.816899 1.501499
1.815082 1.501728
1.813267 1.501624
1.811454 1.501560
1.809642 1.501584
1.807833 1.501392
1.806025 1.501454
1.804219 1.501330
1.802414 1.501365
1.800612 1.501484
1.798811 1.501475
1.797013 1.501512
1.795216 1.501459
1.793420 1.501592
1.791627 1.501504
1.789835 1.501386
1.788045 1.501483
1.786257 1.501600
1.784471 1.501587
1.782687 1.501548
1.780904 1.501474
1.779123 1.501428
1.777344 1.501412
1.775567 1.501419
1.773791 1.501300
1.772017 1.501377
1.770245 1.501512
1.768475 1.501459
1.766707 1.501522
1.764940 1.501426
1.763175 1.501432
1.761412 1.501544
1.759650 1.501433
1.757891 1.501420
1.756133 1.501379
1.754377 1.501290
1.752622 1.501455
1.750870 1.501409
1.749119 1.501406
1.747370 1.501517
1.745622 1.501595
1.743877 1.501579
1.742133 1.501590
1.740391 1.501474
1.738650 1.501399
1.736912 1.501420
1.735175 1.501415
1.733440 1.501443
1.731706 1.501440
1.729974 1.501455
1.728244 1.501308
1.726516 1.501342
1.724790 1.501337
1.723065 1.501466
1.721342 1.501518
1.719620 1.501544
1.717901 1.501475
1.716183 1.501333
1.714467 1.501352
1.712752 1.501237
1.711040 1.501309
1.709329 1.501512
1.707619 1.501468
1.705912 1.501365
1.704206 1.501374
1.702501 1.501427
1.700799 1.501507
1.699098 1.501382
1.697399 1.501382
1.695702 1.501332
1.694006 1.501377
1.692312 1.501398
1.690620 1.501343
1.688929 1.501435
1.687240 1.501371
1.685553 1.501382
1.683867 1.501529
1.682183 1.501452
1.680501 1.501416
1.678821 1.501523
1.677142 1.501397
1.675465 1.501261
1.673789 1.501362
1.672116 1.501551
1.670443 1.501504
1.668773 1.501392
1.667104 1.501438
1.665437 1.501340
1.663772 1.501377
1.662108 1.501459
1.660446 1.501418
1.658785 1.501409
1.657127 1.501436
1.655469 1.501486
1.653814 1.501463
1.652160 1.501413
1.650508 1.501483
1.648857 1.501391
1.647209 1.501326
1.645561 1.501335
1.643916 1.501342
1.642272 1.501247
1.640630 1.501365
1.638989 1.501266
1.637350 1.501413
1.635713 1.501478
1.634077 1.501410
1.632443 1.501606
1.630810 1.501674
1.629180 1.501531
1.627550 1.501521
1.625923 1.501495
1.624297 1.501483
1.622673 1.501367
1.621050 1.501442
1.619429 1.501365
1.617810 1.501348
1.616192 1.501317
1.614576 1.501392
1.612961 1.501427
1.611348 1.501481
1.609737 1.501515
1.608127 1.501446
1.606519 1.501483
1.604912 1.501482
1.603307 1.501434
1.601704 1.501305
1.600102 1.501201
1.598502 1.501315
1.596904 1.501436
1.595307 1.501388
1.593712 1.501452
1.592118 1.501481
1.590526 1.501436
1.588935 1.501408
1.587346 1.501467
1.585759 1.501383
1.584173 1.501400
1.582589 1.501362
1.581006 1.501436
1.579425 1.501378
1.577846 1.501386
1.576268 1.501463
1.574692 1.501482
1.573117 1.501419
1.571544 1.501379
1.569972 1.501390
1.568402 1.501353
1.566834 1.501502
1.565267 1.501461
1.563702 1.501429
1.562138 1.501381
1.560576 1.501505
1.559016 1.501527
1.557457 1.501531
1.555899 1.501451
1.554343 1.501372
1.552789 1.501373
1.551236 1.501412
1.549685 1.501438
1.548135 1.501434
1.546587 1.501373
1.545040 1.501502
1.543495 1.501525
1.541952 1.501478
1.540410 1.501419
1.538870 1.501409
1.537331 1.501306
1.535793 1.501401
1.534258 1.501504
1.532723 1.501488
1.531191 1.501386
1.529659 1.501401
1.528130 1.501346
1.526602 1.501410
1.525075 1.501422
1.523550 1.501422
1.522026 1.501467
1.520504 1.501537
1.518984 1.501461
1.517465 1.501425
1.515947 1.501346
1.514431 1.501446
1.512917 1.501298
1.511404 1.501365
1.509893 1.501256
1.508383 1.501427
1.506874 1.501467
1.505368 1.501486
1.503862 1.501369
1.502358 1.501519
1.500856 1.501315
1.499355 1.501356
1.497856 1.501336
1.496358 1.501459
1.494862 1.501398
1.493367 1.501303
1.491873 1.501318
1.490381 1.501373
1.488891 1.501356
1.487402 1.501398
1.485915 1.501364
1.484429 1.501459
1.482944 1.501468
1.481461 1.501437
1.479980 1.501399
1.478500 1.501500
1.477021 1.501505
1.475544 1.501350
1.474069 1.501366
1.472595 1.501359
1.471122 1.501497
1.469651 1.501313
1.468181 1.501241
1.466713 1.501248
1.465247 1.501266
1.463781 1.501256
1.462318 1.501326
1.460855 1.501400
1.459394 1.501520
1.457935 1.501597
1.456477 1.501637
1.455021 1.501530
1.453566 1.501562
1.452112 1.501502
1.450660 1.501429
1.449209 1.501400
1.447760 1.501390
1.446312 1.501392
1.444866 1.501377
1.443421 1.501352
1.441978 1.501436
1.440536 1.501346
1.439095 1.501447
1.437656 1.501517
1.436218 1.501463
1.434782 1.501524
1.433347 1.501489
1.431914 1.501298
1.430482 1.501390
1.429052 1.501519
1.427623 1.501421
1.426195 1.501456
1.424769 1.501616
1.423344 1.501490
1.421921 1.501393
1.420499 1.501394
1.419078 1.501417
1.417659 1.501532
1.416242 1.501537
1.414825 1.501515
1.413410 1.501468
1.411997 1.501366
1.410585 1.501410
1.409174 1.501405
1.407765 1.501303
1.406358 1.501269
1.404951 1.501336
1.403546 1.501564
1.402143 1.501443
1.400741 1.501364
1.399340 1.501388
1.397940 1.501520
1.396542 1.501303
1.395146 1.501294
1.393751 1.501287
1.392357 1.501289
1.390965 1.501307
1.389574 1.501313
1.388184 1.501389
1.386796 1.501448
1.385409 1.501380
1.384024 1.501262
1.382640 1.501341
1.381257 1.501264
1.379876 1.501228
1.378496 1.501369
1.377117 1.501415
1.375740 1.501464
1.374365 1.501489
1.372990 1.501412
1.371617 1.501362
1.370246 1.501302
1.368875 1.501340
1.367507 1.501386
1.366139 1.501249
1.364773 1.501306
1.363408 1.501479
1.362045 1.501465
1.360683 1.501317
1.359322 1.501434
1.357963 1.501348
1.356605 1.501360
1.355248 1.501169
1.353893 1.501286
1.352539 1.501368
1.351186 1.501394
1.349835 1.501458
1.348485 1.501464
1.347137 1.501393
1.345790 1.501348
1.344444 1.501383
1.343100 1.501363
1.341756 1.501226
1.340415 1.501235
1.339074 1.501332
1.337735 1.501458
1.336397 1.501440
1.335061 1.501306
1.333726 1.501344
1.332392 1.501304
1.331060 1.501296
1.329729 1.501375
1.328399 1.501540
1.327071 1.501562
1.325744 1.501522
1.324418 1.501546
1.323093 1.501353
1.321770 1.501423
1.320449 1.501604
1.319128 1.501571
1.317809 1.501444
1.316491 1.501418
1.315175 1.501356
1.313860 1.501475
1.312546 1.501451
1.311233 1.501530
1.309922 1.501465
1.308612 1.501324
1.307303 1.501451
1.305996 1.501498
1.304690 1.501488
1.303385 1.501316
1.302082 1.501290
1.300780 1.501241
1.299479 1.501237
1.298180 1.501413
1.296881 1.501517
1.295585 1.501391
1.294289 1.501401
1.292995 1.501349
1.291702 1.501327
1.290410 1.501401
1.289120 1.501332
1.287830 1.501407
1.286543 1.501420
1.285256 1.501366
1.283971 1.501234
1.282687 1.501182
1.281404 1.501259
1.280123 1.501347
1.278843 1.501395
1.277564 1.501375
1.276286 1.501508
1.275010 1.501390
1.273735 1.501258
1.272461 1.501358
1.271189 1.501311
1.269918 1.501165
1.268648 1.501254
1.267379 1.501260
1.266112 1.501290
1.264846 1.501303
1.263581 1.501365
1.262317 1.501381
1.261055 1.501501
1.259794 1.501430
1.258534 1.501391
1.257275 1.501268
1.256018 1.501437
1.254762 1.501393
1.253507 1.501380
1.252254 1.501461
1.251002 1.501333
1.249751 1.501324
1.248501 1.501436
1.247252 1.501525
1.246005 1.501547
1.244759 1.501502
1.243514 1.501404
1.242271 1.501362
1.241029 1.501364
1.239788 1.501296
1.238548 1.501264
1.237309 1.501291
1.236072 1.501391
1.234836 1.501484
1.233601 1.501437
1.232367 1.501396
1.231135 1.501448
1.229904 1.501509
1.228674 1.501459
1.227445 1.501432
1.226218 1.501441
1.224992 1.501345
1.223767 1.501342
1.222543 1.501431
1.221320 1.501450
1.220099 1.501559
1.218879 1.501400
1.217660 1.501291
1.216442 1.501342
1.215226 1.501371
1.214011 1.501423
1.212797 1.501327
1.211584 1.501456
1.210372 1.501477
1.209162 1.501376
1.207953 1.501541
1.206745 1.501583
1.205538 1.501541
1.204333 1.501507
1.203128 1.501352
1.201925 1.501393
1.200723 1.501409
1.199522 1.501466
1.198323 1.501362
1.197125 1.501288
1.195927 1.501317
1.194732 1.501377
1.193537 1.501450
1.192343 1.501480
1.191151 1.501419
1.189960 1.501350
1.188770 1.501332
1.187581 1.501356
1.186393 1.501280
1.185207 1.501339
1.184022 1.501268
1.182838 1.501305
1.181655 1.501410
1.180473 1.501481
1.179293 1.501624
1.178114 1.501532
1.176935 1.501430
1.175759 1.501408
1.174583 1.501299
1.173408 1.501289
1.172235 1.501400
1.171063 1.501543
1.169891 1.501293
1.168722 1.501355
1.167553 1.501463
1.166385 1.501343
1.165219 1.501219
1.164054 1.501224
1.162890 1.501362
1.161727 1.501398
1.160565 1.501457
1.159404 1.501466
1.158245 1.501279
1.157087 1.501323
1.155930 1.501285
1.154774 1.501269
1.153619 1.501441
1.152465 1.501469
1.151313 1.501451
1.150162 1.501434
1.149011 1.501570
1.147862 1.501398
1.146715 1.501422
1.145568 1.501497
1.144422 1.501504
1.143278 1.501552
1.142135 1.501395
1.140992 1.501279
1.139851 1.501321
1.138712 1.501464
1.137573 1.501352
1.136435 1.501329
1.135299 1.501414
1.134164 1.501505
1.133029 1.501402
1.131896 1.501436
1.130765 1.501563
1.129634 1.501483
1.128504 1.501349
1.127376 1.501189
1.126248 1.501263
1.125122 1.501322
1.123997 1.501346
1.122873 1.501289
1.121750 1.501351
1.120628 1.501364
1.119508 1.501371
1.118388 1.501453
1.117270 1.501383
1.116152 1.501467
1.115036 1.501273
1.113921 1.501466
1.112807 1.501439
1.111695 1.501407
1.110583 1.501362
1.109472 1.501396
1.108363 1.501403
1.107254 1.501259
1.106147 1.501372
1.105041 1.501519
1.103936 1.501418
1.102832 1.501352
1.101729 1.501360
1.100627 1.501411
1.099527 1.501270
1.098427 1.501392
1.097329 1.501412
1.096232 1.501363
1.095135 1.501407
1.094040 1.501425
1.092946 1.501480
1.091853 1.501599
1.090761 1.501503
1.089671 1.501499
1.088581 1.501426
1.087492 1.501344
1.086405 1.501474
1.085318 1.501466
1.084233 1.501459
1.083149 1.501278
1.082066 1.501266
1.080984 1.501318
1.079903 1.501402
1.078823 1.501379
1.077744 1.501413
1.076666 1.501382
1.075590 1.501342
1.074514 1.501340
1.073439 1.501371
1.072366 1.501369
1.071294 1.501333
1.070222 1.501244
1.069152 1.501154
1.068083 1.501165
1.067015 1.501304
1.065948 1.501389
1.064882 1.501474
1.063817 1.501421
1.062753 1.501475
1.061690 1.501559
1.060629 1.501442
1.059568 1.501304
1.058509 1.501297
1.057450 1.501364
1.056393 1.501355
1.055336 1.501426
1.054281 1.501484
1.053227 1.501428
1.052173 1.501357
1.051121 1.501408
1.050070 1.501348
1.049020 1.501241
1.047971 1.501535
1.046923 1.501456
1.045876 1.501306
1.044830 1.501373
1.043785 1.501302
1.042742 1.501321
1.041699 1.501368
1.040657 1.501400
1.039617 1.501384
1.038577 1.501452
1.037538 1.501489
1.036501 1.501360
1.035464 1.501360
1.034429 1.501335
1.033394 1.501452
1.032361 1.501558
1.031329 1.501577
1.030297 1.501400
1.029267 1.501318
1.028238 1.501357
1.027210 1.501463
1.026182 1.501444
1.025156 1.501501
1.024131 1.501423
1.023107 1.501304
1.022084 1.501152
1.021062 1.501182
1.020041 1.501443
1.019021 1.501460
1.018002 1.501421
1.016984 1.501405
1.015967 1.501404
1.014951 1.501236
1.013936 1.501299
1.012922 1.501293
1.011909 1.501292
1.010897 1.501286
1.009886 1.501302
1.008876 1.501252
1.007867 1.501333
1.006859 1.501349
1.005852 1.501417
1.004847 1.501520
1.003842 1.501452
1.002838 1.501366
1.001835 1.501362
1.000833 1.501328
0.999832 1.501251
0.998833 1.501271
0.997834 1.501329
0.996836 1.501336
0.995839 1.501323
0.994843 1.501408
0.993848 1.501336
0.992855 1.501204
0.991862 1.501265
0.990870 1.501382
0.989879 1.501489
0.988889 1.501339
0.987900 1.501322
0.986912 1.501363
0.985925 1.501339
0.984939 1.501476
0.983955 1.501500
0.982971 1.501476
0.981988 1.501237
0.981006 1.501298
0.980025 1.501402
0.979045 1.501333
0.978066 1.501458
0.977087 1.501466
0.976110 1.501452
0.975134 1.501451
0.974159 1.501355
0.973185 1.501341
0.972212 1.501314
0.971240 1.501286
0.970268 1.501391
0.969298 1.501353
0.968329 1.501428
0.967360 1.501409
0.966393 1.501504
0.965427 1.501522
0.964461 1.501403
0.963497 1.501466
0.962533 1.501468
0.961571 1.501346
0.960609 1.501375
0.959649 1.501396
0.958689 1.501379
0.957730 1.501489
0.956773 1.501617
0.955816 1.501539
0.954860 1.501384
0.953905 1.501485
0.952951 1.501404
0.951998 1.501346
0.951046 1.501324
0.950095 1.501339
0.949145 1.501437
0.948196 1.501379
0.947248 1.501219
0.946301 1.501288
0.945354 1.501330
0.944409 1.501194
0.943464 1.501179
0.942521 1.501232
0.941578 1.501213
0.940637 1.501371
0.939696 1.501364
0.938757 1.501339
0.937818 1.501263
0.936880 1.501334
0.935943 1.501448
0.935007 1.501421
0.934072 1.501239
0.933138 1.501279
0.932205 1.501409
0.931273 1.501344
0.930341 1.501417
0.929411 1.501361
0.928482 1.501262
0.927553 1.501356
0.926626 1.501382
0.925699 1.501389
0.924773 1.501279
0.923849 1.501197
0.922925 1.501316
0.922002 1.501303
0.921080 1.501378
0.920159 1.501509
0.919239 1.501431
0.918319 1.501486
0.917401 1.501481
0.916484 1.501413
0.915567 1.501342
0.914652 1.501444
0.913737 1.501335
0.912823 1.501422
0.911910 1.501389
0.910998 1.501354
0.910087 1.501489
0.909177 1.501406
0.908268 1.501364
0.907360 1.501392
0.906453 1.501584
0.905546 1.501526
0.904641 1.501399
0.903736 1.501415
0.902832 1.501308
0.901929 1.501382
0.901027 1.501273
0.900126 1.501255
0.899226 1.501441
0.898327 1.501431
0.897429 1.501415
0.896531 1.501537
0.895635 1.501468
0.894739 1.501345
0.893844 1.501290
0.892951 1.501305
0.892058 1.501341
0.891166 1.501351
0.890274 1.501371
0.889384 1.501382
0.888495 1.501377
0.887606 1.501333
0.886719 1.501329
0.885832 1.501440
0.884946 1.501464
0.884061 1.501289
0.883177 1.501312
0.882294 1.501442
0.881412 1.501470
0.880530 1.501409
0.879650 1.501395
0.878770 1.501330
0.877891 1.501415
0.877013 1.501396
0.876136 1.501389
0.875260 1.501444
0.874385 1.501573
0.873511 1.501456
0.872637 1.501311
0.871764 1.501369
0.870893 1.501450
0.870022 1.501384
0.869152 1.501215
0.868283 1.501133
0.867414 1.501242
0.866547 1.501144
0.865680 1.501362
0.864815 1.501429
0.863950 1.501368
0.863086 1.501348
0.862223 1.501393
0.861361 1.501437
0.860499 1.501376
0.859639 1.501386
0.858779 1.501359
0.857920 1.501459
0.857062 1.501481
0.856205 1.501473
0.855349 1.501364
0.854494 1.501261
0.853639 1.501366
0.852786 1.501288
0.851933 1.501325
0.851081 1.501333
0.850230 1.501475
0.849380 1.501474
0.848530 1.501409
0.847682 1.501383
0.846834 1.501368
0.845987 1.501275
0.845141 1.501289
0.844296 1.501294
0.843452 1.501266
0.842608 1.501292
0.841766 1.501413
0.840924 1.501353
0.840083 1.501350
0.839243 1.501309
0.838404 1.501466
0.837565 1.501467
0.836728 1.501603
0.835891 1.501656
0.835055 1.501397
0.834220 1.501285
0.833386 1.501414
0.832552 1.501524
0.831720 1.501547
0.830888 1.501607
0.830057 1.501509
0.829227 1.501370
0.828398 1.501334
0.827570 1.501493
0.826742 1.501457
0.825915 1.501418
0.825089 1.501341
0.824264 1.501313
0.823440 1.501275
0.822617 1.501323
0.821794 1.501448
0.820972 1.501319
0.820151 1.501336
0.819331 1.501599
0.818512 1.501434
0.817693 1.501371
0.816875 1.501437
0.816059 1.501261
0.815243 1.501317
0.814427 1.501342
0.813613 1.501313
0.812799 1.501422
0.811986 1.501394
0.811174 1.501355
0.810363 1.501239
0.809553 1.501299
0.808743 1.501253
0.807935 1.501286
0.807127 1.501465
0.806320 1.501419
0.805513 1.501499
0.804708 1.501471
0.803903 1.501318
0.803099 1.501354
0.802296 1.501301
0.801494 1.501265
0.800692 1.501324
0.799892 1.501520
0.799092 1.501362
0.798293 1.501356
0.797494 1.501470
0.796697 1.501486
0.795900 1.501437
0.795104 1.501358
0.794309 1.501320
0.793515 1.501335
0.792721 1.501267
0.791929 1.501286
0.791137 1.501267
0.790345 1.501346
0.789555 1.501323
0.788766 1.501293
0.787977 1.501317
0.787189 1.501433
0.786402 1.501405
0.785615 1.501293
0.784830 1.501487
0.784045 1.501557
0.783261 1.501463
0.782477 1.501520
0.781695 1.501495
0.780913 1.501541
0.780132 1.501436
0.779352 1.501451
0.778573 1.501380
0.777794 1.501367
0.777017 1.501509
0.776240 1.501354
0.775463 1.501330
0.774688 1.501327
0.773913 1.501318
0.773139 1.501450
0.772366 1.501483
0.771594 1.501360
0.770822 1.501317
0.770051 1.501363
0.769281 1.501386
0.768512 1.501501
0.767743 1.501427
0.766976 1.501299
0.766209 1.501297
0.765443 1.501311
0.764677 1.501290
0.763912 1.501348
0.763148 1.501368
0.762385 1.501336
0.761623 1.501171
0.760861 1.501329
0.760100 1.501515
0.759340 1.501469
0.758581 1.501448
0.757822 1.501363
0.757065 1.501291
0.756308 1.501260
0.755551 1.501350
0.754796 1.501409
0.754041 1.501360
0.753287 1.501378
0.752534 1.501450
0.751781 1.501432
0.751029 1.501320
0.750278 1.501272
0.749528 1.501430
0.748778 1.501459
0.748030 1.501512
0.747282 1.501411
0.746534 1.501417
0.745788 1.501416
0.745042 1.501376
0.744297 1.501414
0.743553 1.501492
0.742809 1.501489
0.742066 1.501390
0.741324 1.501421
0.740583 1.501405
0.739842 1.501411
0.739102 1.501425
0.738363 1.501363
0.737625 1.501299
0.736887 1.501274
0.736151 1.501341
0.735414 1.501424
0.734679 1.501288
0.733944 1.501305
0.733210 1.501299
0.732477 1.501301
0.731745 1.501425
0.731013 1.501580
0.730282 1.501652
0.729552 1.501406
0.728822 1.501364
0.728093 1.501292
0.727365 1.501368
0.726638 1.501484
0.725911 1.501421
0.725185 1.501394
0.724460 1.501452
0.723736 1.501399
0.723012 1.501437
0.722289 1.501391
0.721567 1.501277
0.720845 1.501313
0.720124 1.501248
0.719404 1.501305
0.718685 1.501432
0.717966 1.501483
0.717248 1.501477
0.716531 1.501368
0.715814 1.501418
0.715098 1.501247
0.714383 1.501254
0.713669 1.501371
0.712955 1.501514
0.712242 1.501464
0.711530 1.501461
0.710818 1.501438
0.710108 1.501339
0.709398 1.501204
0.708688 1.501364
0.707979 1.501513
0.707271 1.501471
0.706564 1.501328
0.705858 1.501351
0.705152 1.501429
0.704447 1.501395
0.703742 1.501387
0.703038 1.501356
0.702335 1.501370
0.701633 1.501425
0.700931 1.501395
0.700231 1.501409
0.699530 1.501447
0.698831 1.501308
0.698132 1.501359
0.697434 1.501423
0.696736 1.501304
0.696040 1.501361
0.695344 1.501428
0.694648 1.501390
0.693954 1.501363
0.693260 1.501420
0.692566 1.501488
0.691874 1.501506
0.691182 1.501360
0.690491 1.501265
0.689800 1.501384
0.689110 1.501408
0.688421 1.501394
0.687733 1.501273
0.687045 1.501292
0.686358 1.501428
0.685672 1.501361
0.684986 1.501259
0.684301 1.501262
0.683617 1.501444
0.682933 1.501469
0.682250 1.501452
0.681568 1.501318
0.680886 1.501254
0.680206 1.501292
0.679525 1.501226
0.678846 1.501162
0.678167 1.501275
0.677489 1.501420
0.676811 1.501279
0.676135 1.501283
0.675458 1.501389
0.674783 1.501434
0.674108 1.501418
0.673434 1.501579
0.672761 1.501420
0.672088 1.501374
0.671416 1.501344
0.670744 1.501383
0.670074 1.501394
0.669404 1.501389
0.668734 1.501328
0.668065 1.501304
0.667397 1.501428
0.666730 1.501348
0.666063 1.501243
0.665397 1.501381
0.664732 1.501436
0.664067 1.501359
0.663403 1.501387
0.662740 1.501428
0.662077 1.501367
0.661415 1.501311
0.660753 1.501270
0.660093 1.501346
0.659432 1.501413
0.658773 1.501501
0.658114 1.501478
0.657456 1.501393
0.656799 1.501485
0.656142 1.501440
0.655486 1.501541
0.654830 1.501487
0.654175 1.501350
0.653521 1.501245
0.652868 1.501311
0.652215 1.501340
0.651563 1.501252
0.650911 1.501314
0.650260 1.501345
0.649610 1.501375
0.648960 1.501381
0.648311 1.501454
0.647663 1.501621
0.647015 1.501476
0.646368 1.501449
0.645722 1.501433
0.645076 1.501398
0.644431 1.501458
0.643787 1.501483
0.643143 1.501472
0.642500 1.501549
0.641857 1.501495
0.641215 1.501506
0.640574 1.501501
0.639934 1.501365
0.639294 1.501343
0.638654 1.501435
0.638016 1.501475
0.637378 1.501447
0.636740 1.501475
0.636104 1.501451
0.635468 1.501422
0.634832 1.501451
0.634197 1.501411
0.633563 1.501384
0.632930 1.501529
0.632297 1.501547
0.631664 1.501456
0.631033 1.501339
0.630402 1.501439
0.629771 1.501496
0.629141 1.501386
0.628512 1.501374
0.627884 1.501382
0.627256 1.501302
0.626629 1.501422
0.626002 1.501480
0.625376 1.501500
0.624751 1.501504
0.624126 1.501492
0.623502 1.501501
0.622878 1.501584
0.622255 1.501400
0.621633 1.501335
0.621011 1.501426
0.620390 1.501432
0.619770 1.501359
0.619150 1.501409
0.618531 1.501294
0.617913 1.501335
0.617295 1.501448
0.616677 1.501417
0.616061 1.501406
0.615445 1.501414
0.614829 1.501331
0.614214 1.501435
0.613600 1.501535
0.612987 1.501589
0.612374 1.501579
0.611761 1.501485
0.611149 1.501418
0.610538 1.501363
0.609928 1.501407
0.609318 1.501533
0.608709 1.501490
0.608100 1.501429
0.607492 1.501426
0.606884 1.501431
0.606277 1.501383
0.605671 1.501371
0.605065 1.501551
0.604460 1.501479
0.603856 1.501328
0.603252 1.501432
0.602649 1.501397
0.602046 1.501270
0.601444 1.501316
0.600843 1.501422
0.600242 1.501472
0.599642 1.501385
0.599042 1.501353
0.598443 1.501508
0.597844 1.501560
0.597247 1.501461
0.596649 1.501464
0.596053 1.501476
0.595457 1.501457
0.594861 1.501357
0.594266 1.501397
0.593672 1.501391
0.593078 1.501464
0.592485 1.501426
0.591893 1.501335
0.591301 1.501329
0.590710 1.501288
0.590119 1.501305
0.589529 1.501382
0.588939 1.501325
0.588350 1.501292
0.587762 1.501556
0.587174 1.501502
0.586587 1.501402
0.586000 1.501478
0.585414 1.501557
0.584829 1.501511
0.584244 1.501345
0.583660 1.501347
0.583076 1.501355
0.582493 1.501324
0.581911 1.501325
0.581329 1.501232
0.580747 1.501262
0.580167 1.501361
0.579587 1.501377
0.579007 1.501292
0.578428 1.501400
0.577850 1.501329
0.577272 1.501307
0.576694 1.501387
0.576118 1.501326
0.575542 1.501321
0.574966 1.501397
0.574391 1.501415
0.573817 1.501391
0.573243 1.501435
0.572670 1.501499
0.572097 1.501294
0.571525 1.501213
0.570953 1.501329
0.570382 1.501426
0.569812 1.501492
0.569242 1.501410
0.568673 1.501273
0.568104 1.501291
0.567536 1.501488
0.566969 1.501488
0.566402 1.501431
0.565835 1.501541
0.565269 1.501494
0.564704 1.501515
0.564139 1.501387
0.563575 1.501472
0.563012 1.501502
0.562449 1.501409
0.561886 1.501320
0.561324 1.501279
0.560763 1.501330
0.560202 1.501411
0.559642 1.501469
0.559082 1.501382
0.558523 1.501441
0.557965 1.501561
0.557407 1.501487
0.556850 1.501366
0.556293 1.501341
0.555736 1.501352
0.555181 1.501358
0.554625 1.501442
0.554071 1.501363
0.553517 1.501349
0.552963 1.501350
0.552410 1.501370
0.551858 1.501572
0.551306 1.501528
0.550755 1.501483
0.550204 1.501436
0.549654 1.501556
0.549104 1.501539
0.548555 1.501383
0.548006 1.501392
0.547458 1.501456
0.546911 1.501358
0.546364 1.501345
0.545818 1.501345
0.545272 1.501352
0.544727 1.501417
0.544182 1.501428
0.543638 1.501369
0.543094 1.501262
0.542551 1.501227
0.542008 1.501229
0.541466 1.501361
0.540925 1.501406
0.540384 1.501315
0.539844 1.501290
0.539304 1.501347
0.538764 1.501366
0.538226 1.501302
0.537687 1.501339
0.537150 1.501401
0.536613 1.501463
0.536076 1.501393
0.535540 1.501363
0.535004 1.501433
0.534469 1.501338
0.533935 1.501393
0.533401 1.501472
0.532868 1.501362
0.532335 1.501312
0.531802 1.501389
0.531271 1.501580
0.530739 1.501493
0.530209 1.501394
0.529678 1.501439
0.529149 1.501537
0.528620 1.501371
0.528091 1.501428
0.527563 1.501552
0.527035 1.501580
0.526508 1.501460
0.525982 1.501281
0.525456 1.501228
0.524930 1.501370
0.524405 1.501409
0.523881 1.501425
0.523357 1.501419
0.522834 1.501345
0.522311 1.501408
0.521789 1.501574
0.521267 1.501619
0.520746 1.501497
0.520225 1.501430
0.519705 1.501432
0.519185 1.501467
0.518666 1.501457
0.518147 1.501352
0.517629 1.501372
0.517111 1.501341
0.516594 1.501250
0.516078 1.501320
0.515561 1.501375
0.515046 1.501437
0.514531 1.501477
0.514016 1.501288
0.513502 1.501456
0.512989 1.501600
0.512476 1.501536
0.511963 1.501470
0.511451 1.501458
0.510940 1.501517
0.510429 1.501517
0.509919 1.501535
0.509409 1.501424
0.508899 1.501484
0.508390 1.501484
0.507882 1.501298
0.507374 1.501266
0.506867 1.501338
0.506360 1.501296
0.505853 1.501398
0.505348 1.501517
0.504842 1.501519
0.504337 1.501543
0.503833 1.501552
0.503329 1.501493
0.502826 1.501392
0.502323 1.501348
0.501821 1.501438
0.501319 1.501498
0.500818 1.501371
0.500317 1.501305
0.499816 1.501358
0.499317 1.501407
0.498817 1.501491
0.498319 1.501408
0.497820 1.501507
0.497322 1.501494
0.496825 1.501477
0.496328 1.501431
0.495832 1.501299
0.495336 1.501229
0.494841 1.501430
0.494346 1.501578
0.493852 1.501657
0.493358 1.501671
0.492864 1.501508
0.492371 1.501422
0.491879 1.501533
0.491387 1.501263
0.490896 1.501279
0.490405 1.501342
0.489915 1.501376
0.489425 1.501304
0.488935 1.501271
0.488446 1.501394
0.487958 1.501440
0.487470 1.501363
0.486982 1.501391
0.486495 1.501481
0.486009 1.501444
0.485523 1.501567
0.485037 1.501606
0.484552 1.501378
0.484068 1.501378
0.483584 1.501479
0.483100 1.501483
0.482617 1.501417
0.482134 1.501421
0.481652 1.501318
0.481171 1.501338
0.480689 1.501420
0.480209 1.501487
0.479729 1.501486
0.479249 1.501378
0.478770 1.501443
0.478291 1.501610
0.477813 1.501607
0.477335 1.501394
0.476857 1.501236
0.476381 1.501332
0.475904 1.501426
0.475428 1.501287
0.474953 1.501261
0.474478 1.501362
0.474003 1.501433
0.473529 1.501470
0.473056 1.501484
0.472583 1.501501
0.472110 1.501614
0.471638 1.501644
0.471166 1.501628
0.470695 1.501651
0.470225 1.501534
0.469754 1.501472
0.469285 1.501451
0.468815 1.501316
0.468347 1.501418
0.467878 1.501491
0.467410 1.501484
0.466943 1.501461
0.466476 1.501391
0.466009 1.501457
0.465543 1.501382
0.465078 1.501364
0.464613 1.501453
0.464148 1.501469
0.463684 1.501433
0.463220 1.501344
0.462757 1.501318
0.462294 1.501338
0.461832 1.501412
0.461370 1.501457
0.460909 1.501444
0.460448 1.501436
0.459988 1.501387
0.459528 1.501424
0.459068 1.501524
0.458609 1.501353
0.458150 1.501350
0.457692 1.501572
0.457235 1.501615
0.456777 1.501490
0.456321 1.501551
0.455864 1.501603
0.455408 1.501458
0.454953 1.501372
0.454498 1.501378
0.454043 1.501510
0.453589 1.501490
0.453136 1.501315
0.452683 1.501349
0.452230 1.501350
0.451778 1.501329
0.451326 1.501298
0.450875 1.501328
0.450424 1.501292
0.449973 1.501347
0.449523 1.501422
0.449074 1.501586
0.448625 1.501530
0.448176 1.501331
0.447728 1.501391
0.447280 1.501388
0.446833 1.501380
0.446386 1.501551
0.445940 1.501564
0.445494 1.501442
0.445048 1.501350
0.444603 1.501340
0.444159 1.501459
0.443715 1.501513
0.443271 1.501474
0.442828 1.501417
0.442385 1.501414
0.441942 1.501375
0.441500 1.501426
0.441059 1.501502
0.440618 1.501448
0.440177 1.501502
0.439737 1.501364
0.439297 1.501246
0.438858 1.501438
0.438419 1.501531
0.437981 1.501490
0.437543 1.501527
0.437105 1.501526
0.436668 1.501443
0.436231 1.501537
0.435795 1.501477
0.435359 1.501335
0.434924 1.501338
0.434489 1.501394
0.434055 1.501435
0.433621 1.501438
0.433187 1.501580
0.432754 1.501514
0.432321 1.501418
0.431889 1.501558
0.431457 1.501654
0.431025 1.501473
0.430594 1.501522
0.430164 1.501545
0.429734 1.501370
0.429304 1.501303
0.428875 1.501374
0.428446 1.501351
0.428017 1.501320
0.427589 1.501346
0.427162 1.501355
0.426734 1.501479
0.426308 1.501645
0.425881 1.501587
0.425456 1.501570
0.425030 1.501549
0.424605 1.501546
0.424180 1.501557
0.423756 1.501701
0.423332 1.501662
0.422909 1.501456
0.422486 1.501410
0.422064 1.501579
0.421642 1.501626
0.421220 1.501575
0.420799 1.501510
0.420378 1.501462
0.419958 1.501484
0.419538 1.501556
0.419118 1.501471
0.418699 1.501368
0.418280 1.501452
0.417862 1.501420
0.417444 1.501378
0.417027 1.501298
0.416610 1.501370
0.416193 1.501520
0.415777 1.501585
0.415361 1.501555
0.414946 1.501488
0.414531 1.501511
0.414116 1.501407
0.413702 1.501377
0.413289 1.501484
0.412875 1.501473
0.412462 1.501338
0.412050 1.501205
0.411638 1.501439
0.411226 1.501416
0.410815 1.501448
0.410404 1.501584
0.409994 1.501425
0.409584 1.501492
0.409174 1.501608
0.408765 1.501559
0.408356 1.501573
0.407948 1.501456
0.407540 1.501556
0.407132 1.501509
0.406725 1.501498
0.406319 1.501492
0.405912 1.501395
0.405506 1.501418
0.405101 1.501635
0.404696 1.501600
0.404291 1.501398
0.403887 1.501347
0.403483 1.501278
0.403079 1.501344
0.402676 1.501483
0.402274 1.501522
0.401871 1.501448
0.401469 1.501340
0.401068 1.501402
0.400667 1.501351
0.400266 1.501374
0.399866 1.501416
0.399466 1.501335
0.399067 1.501315
0.398668 1.501289
0.398269 1.501342
0.397871 1.501413
0.397473 1.501461
0.397075 1.501333
0.396678 1.501285
0.396282 1.501306
0.395885 1.501478
0.395489 1.501503
0.395094 1.501382
0.394699 1.501421
0.394304 1.501309
0.393910 1.501318
0.393516 1.501385
0.393122 1.501320
0.392729 1.501351
0.392337 1.501391
0.391944 1.501483
0.391552 1.501671
0.391161 1.501492
0.390770 1.501399
0.390379 1.501499
0.389988 1.501521
0.389598 1.501557
0.389209 1.501456
0.388820 1.501473
0.388431 1.501646
0.388042 1.501529
0.387654 1.501329
0.387267 1.501367
0.386879 1.501394
0.386492 1.501487
0.386106 1.501521
0.385720 1.501419
0.385334 1.501329
0.384949 1.501339
0.384564 1.501407
0.384179 1.501440
0.383795 1.501482
0.383411 1.501542
0.383028 1.501557
0.382645 1.501464
0.382262 1.501426
0.381880 1.501296
0.381498 1.501339
0.381117 1.501461
0.380735 1.501447
0.380355 1.501402
0.379974 1.501469
0.379594 1.501503
0.379215 1.501450
0.378836 1.501339
0.378457 1.501421
0.378078 1.501401
0.377700 1.501366
0.377323 1.501350
0.376945 1.501387
0.376568 1.501527
0.376192 1.501607
0.375816 1.501511
0.375440 1.501403
0.375064 1.501463
0.374689 1.501455
0.374315 1.501492
0.373940 1.501483
0.373566 1.501434
0.373193 1.501506
0.372819 1.501438
0.372447 1.501376
0.372074 1.501462
0.371702 1.501537
0.371330 1.501478
0.370959 1.501512
0.370588 1.501387
0.370218 1.501308
0.369847 1.501497
0.369478 1.501592
0.369108 1.501538
0.368739 1.501511
0.368370 1.501433
0.368002 1.501419
0.367634 1.501474
0.367266 1.501466
0.366899 1.501377
0.366532 1.501511
0.366165 1.501445
0.365799 1.501346
0.365434 1.501374
0.365068 1.501464
0.364703 1.501619
0.364338 1.501735
0.363974 1.501654
0.363610 1.501474
0.363246 1.501539
0.362883 1.501764
0.362520 1.501750
0.362158 1.501458
0.361796 1.501350
0.361434 1.501331
0.361072 1.501352
0.360711 1.501445
0.360351 1.501479
0.359990 1.501483
0.359630 1.501507
0.359271 1.501420
0.358911 1.501417
0.358552 1.501539
0.358194 1.501546
0.357836 1.501520
0.357478 1.501413
0.357120 1.501442
0.356763 1.501480
0.356406 1.501465
0.356050 1.501475
0.355694 1.501535
0.355338 1.501542
0.354983 1.501424
0.354628 1.501508
0.354273 1.501616
0.353919 1.501596
0.353565 1.501519
0.353212 1.501630
0.352858 1.501655
0.352506 1.501637
0.352153 1.501489
0.351801 1.501464
0.351449 1.501614
0.351098 1.501591
0.350747 1.501492
0.350396 1.501459
0.350045 1.501405
0.349695 1.501431
0.349346 1.501488
0.348996 1.501437
0.348647 1.501418
0.348299 1.501452
0.347950 1.501514
0.347602 1.501518
0.347255 1.501576
0.346908 1.501611
0.346561 1.501546
0.346214 1.501597
0.345868 1.501480
0.345522 1.501392
0.345176 1.501465
0.344831 1.501471
0.344486 1.501492
0.344142 1.501637
0.343798 1.501567
0.343454 1.501464
0.343111 1.501501
0.342767 1.501524
0.342425 1.501610
0.342082 1.501556
0.341740 1.501550
0.341398 1.501616
0.341057 1.501438
0.340716 1.501431
0.340375 1.501563
0.340035 1.501498
0.339695 1.501477
0.339355 1.501415
0.339016 1.501372
0.338677 1.501459
0.338338 1.501681
0.338000 1.501773
0.337662 1.501675
0.337324 1.501594
0.336987 1.501508
0.336650 1.501375
0.336313 1.501401
0.335977 1.501441
0.335641 1.501363
0.335305 1.501433
0.334970 1.501595
0.334635 1.501774
0.334300 1.501750
0.333966 1.501641
0.333632 1.501615
0.333298 1.501505
0.332965 1.501477
0.332632 1.501527
0.332300 1.501628
0.331967 1.501580
0.331635 1.501554
0.331304 1.501654
0.330972 1.501574
0.330641 1.501560
0.330311 1.501510
0.329980 1.501514
0.329650 1.501547
0.329321 1.501560
0.328991 1.501606
0.328662 1.501631
0.328334 1.501664
0.328005 1.501785
0.327677 1.501728
0.327350 1.501527
0.327022 1.501458
0.326695 1.501372
0.326369 1.501343
0.326042 1.501501
0.325716 1.501576
0.325391 1.501563
0.325065 1.501588
0.324740 1.501645
0.324415 1.501669
0.324091 1.501592
0.323767 1.501578
0.323443 1.501520
0.323120 1.501501
0.322797 1.501616
0.322474 1.501709
0.322151 1.501760
0.321829 1.501782
0.321507 1.501577
0.321186 1.501499
0.320865 1.501520
0.320544 1.501603
0.320223 1.501509
0.319903 1.501523
0.319583 1.501488
0.319264 1.501440
0.318944 1.501507
0.318625 1.501520
0.318307 1.501429
0.317988 1.501511
0.317670 1.501580
0.317353 1.501567
0.317035 1.501534
0.316718 1.501535
0.316402 1.501565
0.316085 1.501498
0.315769 1.501609
0.315453 1.501720
0.315138 1.501656
0.314823 1.501467
0.314508 1.501395
0.314193 1.501443
0.313879 1.501472
0.313565 1.501489
0.313252 1.501470
0.312939 1.501370
0.312626 1.501461
0.312313 1.501510
0.312001 1.501541
0.311689 1.501534
0.311377 1.501599
0.311066 1.501807
0.310755 1.501888
0.310444 1.501738
0.310133 1.501652
0.309823 1.501556
0.309513 1.501523
0.309204 1.501724
0.308895 1.501679
0.308586 1.501679
0.308277 1.501536
0.307969 1.501467
0.307661 1.501629
0.307353 1.501681
0.307046 1.501562
0.306739 1.501501
0.306432 1.501611
0.306126 1.501704
0.305820 1.501724
0.305514 1.501578
0.305208 1.501463
0.304903 1.501566
0.304598 1.501685
0.304294 1.501629
0.303989 1.501557
0.303685 1.501495
0.303382 1.501502
0.303078 1.501469
0.302775 1.501448
0.302472 1.501698
0.302170 1.501652
0.301868 1.501445
0.301566 1.501370
0.301264 1.501441
0.300963 1.501563
0.300662 1.501660
0.300361 1.501716
0.300061 1.501635
0.299761 1.501551
0.299461 1.501486
0.299162 1.501560
0.298863 1.501762
0.298564 1.501750
0.298265 1.501677
0.297967 1.501641
0.297669 1.501587
0.297371 1.501620
0.297074 1.501586
0.296777 1.501533
0.296480 1.501534
0.296184 1.501676
0.295887 1.501690
0.295591 1.501439
0.295296 1.501526
0.295001 1.501653
0.294706 1.501689
0.294411 1.501667
0.294116 1.501563
0.293822 1.501505
0.293529 1.501552
0.293235 1.501605
0.292942 1.501697
0.292649 1.501786
0.292356 1.501654
0.292064 1.501493
0.291772 1.501636
0.291480 1.501731
0.291188 1.501684
0.290897 1.501721
0.290606 1.501684
0.290316 1.501567
0.290025 1.501590
0.289735 1.501544
0.289446 1.501617
0.289156 1.501456
0.288867 1.501367
0.288578 1.501536
0.288290 1.501602
0.288001 1.501468
0.287713 1.501439
0.287426 1.501450
0.287138 1.501596
0.286851 1.501697
0.286564 1.501685
0.286278 1.501654
0.285991 1.501614
0.285705 1.501531
0.285420 1.501551
0.285134 1.501567
0.284849 1.501513
0.284564 1.501617
0.284280 1.501630
0.283995 1.501698
0.283711 1.501841
0.283428 1.501696
0.283144 1.501543
0.282861 1.501478
0.282578 1.501512
0.282296 1.501713
0.282013 1.501804
0.281731 1.501545
0.281450 1.501511
0.281168 1.501641
0.280887 1.501661
0.280606 1.501576
0.280326 1.501534
0.280045 1.501534
0.279765 1.501637
0.279485 1.501803
0.279206 1.501680
0.278927 1.501506
0.278648 1.501575
0.278369 1.501639
0.278091 1.501662
0.277813 1.501577
0.277535 1.501599
0.277257 1.501647
0.276980 1.501571
0.276703 1.501559
0.276426 1.501599
0.276150 1.501531
0.275874 1.501453
0.275598 1.501459
0.275322 1.501489
0.275047 1.501467
0.274772 1.501452
0.274497 1.501558
0.274223 1.501515
0.273949 1.501454
0.273675 1.501538
0.273401 1.501586
0.273128 1.501526
0.272854 1.501655
0.272582 1.501768
0.272309 1.501744
0.272037 1.501726
0.271765 1.501670
0.271493 1.501638
0.271221 1.501700
0.270950 1.501638
0.270679 1.501532
0.270408 1.501530
0.270138 1.501520
0.269868 1.501656
0.269598 1.501838
0.269328 1.501855
0.269059 1.501678
0.268790 1.501540
0.268521 1.501473
0.268253 1.501507
0.267985 1.501691
0.267717 1.501753
0.267449 1.501623
0.267181 1.501577
0.266914 1.501721
0.266647 1.501676
0.266381 1.501614
0.266114 1.501643
0.265848 1.501607
0.265582 1.501598
0.265317 1.501575
0.265051 1.501574
0.264786 1.501556
0.264522 1.501573
0.264257 1.501605
0.263993 1.501793
0.263729 1.501863
0.263465 1.501789
0.263202 1.501798
0.262938 1.501692
0.262675 1.501571
0.262413 1.501610
0.262150 1.501701
0.261888 1.501828
0.261626 1.501845
0.261365 1.501765
0.261103 1.501646
0.260842 1.501624
0.260581 1.501669
0.260321 1.501657
0.260060 1.501672
0.259800 1.501712
0.259541 1.501795
0.259281 1.501873
0.259022 1.501689
0.258763 1.501589
0.258504 1.501757
0.258246 1.501842
0.257987 1.501694
0.257729 1.501529
0.257472 1.501605
0.257214 1.501658
0.256957 1.501664
0.256700 1.501820
0.256443 1.501727
0.256187 1.501627
0.255931 1.501570
0.255675 1.501731
0.255419 1.501837
0.255164 1.501673
0.254908 1.501646
0.254653 1.501661
0.254399 1.501691
0.254144 1.501702
0.253890 1.501677
0.253636 1.501736
0.253383 1.501670
0.253129 1.501512
0.252876 1.501571
0.252623 1.501640
0.252371 1.501759
0.252118 1.501764
0.251866 1.501817
0.251614 1.501827
0.251363 1.501741
0.251111 1.501586
0.250860 1.501560
0.250609 1.501715
0.250359 1.501942
0.250108 1.501863
0.249858 1.501679
0.249609 1.501899
0.249359 1.501952
0.249110 1.501821
0.248860 1.501792
0.248612 1.501760
0.248363 1.501683
0.248115 1.501727
0.247866 1.501780
0.247619 1.501888
0.247371 1.501812
0.247124 1.501705
0.246877 1.501801
0.246630 1.501931
0.246383 1.501906
0.246137 1.501872
0.245890 1.501774
0.245645 1.501755
0.245399 1.501641
0.245154 1.501654
0.244908 1.501633
0.244663 1.501539
0.244419 1.501536
0.244174 1.501669
0.243930 1.501560
0.243686 1.501318
0.243443 1.501504
0.243199 1.501710
0.242956 1.501697
0.242713 1.501595
0.242470 1.501608
0.242228 1.501679
0.241986 1.501741
0.241744 1.501768
0.241502 1.501854
0.241260 1.501741
0.241019 1.501603
0.240778 1.501635
0.240537 1.501743
0.240297 1.501882
0.240056 1.501753
0.239816 1.501648
0.239577 1.501748
0.239337 1.501784
0.239098 1.501884
0.238859 1.501926
0.238620 1.501675
0.238381 1.501609
0.238143 1.501704
0.237905 1.501753
0.237667 1.501674
0.237429 1.501647
0.237192 1.501689
0.236954 1.501751
0.236717 1.501770
0.236481 1.501810
0.236244 1.501842
0.236008 1.501791
0.235772 1.501770
0.235536 1.501800
0.235301 1.501721
0.235065 1.501827
0.234830 1.501769
0.234595 1.501707
0.234361 1.501783
0.234127 1.501734
0.233892 1.501754
0.233659 1.501667
0.233425 1.501513
0.233191 1.501771
0.232958 1.501794
0.232725 1.501746
0.232493 1.501870
0.232260 1.501747
0.232028 1.501643
0.231796 1.501674
0.231564 1.501809
0.231332 1.501829
0.231101 1.501860
0.230870 1.501872
0.230639 1.501964
0.230408 1.502054
0.230178 1.501908
0.229948 1.501824
0.229718 1.501843
0.229488 1.501643
0.229259 1.501847
0.229029 1.501980
0.228800 1.501714
0.228572 1.501598
0.228343 1.501872
0.228115 1.501880
0.227887 1.501885
0.227659 1.501803
0.227431 1.501704
0.227204 1.501647
0.226976 1.501807
0.226749 1.501930
0.226523 1.501942
0.226296 1.501837
0.226070 1.501808
0.225844 1.501889
0.225618 1.501824
0.225392 1.501764
0.225167 1.501817
0.224942 1.501660
0.224717 1.501531
0.224492 1.501601
0.224268 1.501735
0.224043 1.501782
0.223819 1.501911
0.223596 1.501739
0.223372 1.501627
0.223149 1.501706
0.222925 1.501587
0.222702 1.501728
0.222480 1.501976
0.222257 1.501875
0.222035 1.501782
0.221813 1.501765
0.221591 1.501702
0.221370 1.501653
0.221148 1.501680
0.220927 1.501732
0.220706 1.501699
0.220485 1.501763
0.220265 1.501755
0.220045 1.501692
0.219825 1.501605
0.219605 1.501580
0.219385 1.501690
0.219166 1.501647
0.218947 1.501656
0.218728 1.501807
0.218509 1.501779
0.218290 1.501663
0.218072 1.501721
0.217854 1.501743
0.217636 1.501766
0.217419 1.501916
0.217201 1.501794
0.216984 1.501677
0.216767 1.501685
0.216550 1.501766
0.216334 1.501795
0.216117 1.501778
0.215901 1.501785
0.215685 1.501738
0.215470 1.501659
0.215254 1.501593
0.215039 1.501629
0.214824 1.501873
0.214609 1.501970
0.214394 1.501856
0.214180 1.501803
0.213966 1.501974
0.213752 1.502003
0.213538 1.501846
0.213325 1.501915
0.213111 1.501886
0.212898 1.501693
0.212685 1.501691
0.212473 1.501647
0.212260 1.501561
0.212048 1.501597
0.211836 1.501657
0.211624 1.501743
0.211412 1.501810
0.211201 1.501893
0.210990 1.501883
0.210779 1.501694
0.210568 1.501520
0.210357 1.501522
0.210147 1.501628
0.209937 1.501767
0.209727 1.501757
0.209517 1.501728
0.209308 1.501843
0.209098 1.501957
0.208889 1.501915
0.208680 1.501783
0.208472 1.501688
0.208263 1.501858
0.208055 1.501862
0.207847 1.501756
0.207639 1.501822
0.207432 1.501936
0.207224 1.501949
0.207017 1.501831
0.206810 1.501784
0.206603 1.501808
0.206396 1.501835
0.206190 1.501811
0.205984 1.501750
0.205778 1.501771
0.205572 1.501832
0.205366 1.501781
0.205161 1.501676
0.204956 1.501625
0.204751 1.501606
0.204546 1.501856
0.204342 1.501943
0.204137 1.501839
0.203933 1.501689
0.203729 1.501864
0.203526 1.501994
0.203322 1.501761
0.203119 1.501707
0.202916 1.501817
0.202713 1.501890
0.202510 1.501859
0.202307 1.501683
0.202105 1.501719
0.201903 1.501802
0.201701 1.501837
0.201499 1.501913
0.201298 1.502027
0.201097 1.502007
0.200896 1.501945
0.200695 1.501763
0.200494 1.501818
0.200293 1.501884
0.200093 1.501704
0.199893 1.501518
0.199693 1.501659
0.199494 1.501853
0.199294 1.501994
0.199095 1.502065
0.198896 1.502005
0.198697 1.501876
0.198498 1.501806
0.198300 1.501782
0.198101 1.501893
0.197903 1.501979
0.197705 1.501988
0.197508 1.501883
0.197310 1.501674
0.197113 1.501644
0.196916 1.501794
0.196719 1.501758
0.196522 1.501793
0.196325 1.501839
0.196129 1.501789
0.195933 1.501736
0.195737 1.501754
0.195541 1.501642
0.195346 1.501647
0.195150 1.501849
0.194955 1.501824
0.194760 1.501784
0.194566 1.501840
0.194371 1.501820
0.194177 1.501689
0.193982 1.501631
0.193788 1.501830
0.193595 1.501967
0.193401 1.501770
0.193208 1.501568
0.193014 1.501736
0.192821 1.501794
0.192629 1.501850
0.192436 1.501788
0.192244 1.501655
0.192051 1.501735
0.191859 1.501782
0.191667 1.501903
0.191476 1.502120
0.191284 1.502228
0.191093 1.501995
0.190902 1.501775
0.190711 1.501847
0.190520 1.501891
0.190330 1.502019
0.190139 1.502057
0.189949 1.502054
0.189759 1.502104
0.189570 1.501978
0.189380 1.501849
0.189191 1.501897
0.189001 1.501908
0.188812 1.501785
0.188624 1.501728
0.188435 1.501757
0.188247 1.501769
0.188058 1.501864
0.187870 1.501878
0.187682 1.501797
0.187495 1.501710
0.187307 1.501769
0.187120 1.501883
0.186933 1.501939
0.186746 1.501978
0.186559 1.501889
0.186373 1.501730
0.186186 1.501688
0.186000 1.501819
0.185814 1.501920
0.185628 1.501754
0.185443 1.501797
0.185257 1.501757
0.185072 1.501808
0.184887 1.502015
0.184702 1.502004
0.184517 1.502038
0.184333 1.502072
0.184148 1.501983
0.183964 1.502105
0.183780 1.502242
0.183596 1.502119
0.183413 1.501990
0.183229 1.501973
0.183046 1.501919
0.182863 1.501933
0.182680 1.501922
0.182498 1.501850
0.182315 1.501876
0.182133 1.501772
0.181951 1.501805
0.181769 1.501988
0.181587 1.501887
0.181405 1.501955
0.181224 1.501951
0.181043 1.501958
0.180862 1.502205
0.180681 1.502242
0.180500 1.502041
0.180320 1.501873
0.180139 1.501825
0.179959 1.501890
0.179779 1.501835
0.179599 1.501837
0.179420 1.501804
0.179240 1.501894
0.179061 1.502078
0.178882 1.502056
0.178703 1.501920
0.178525 1.501984
0.178346 1.502010
0.178168 1.501786
0.177990 1.501834
0.177812 1.501939
0.177634 1.501953
0.177456 1.501930
0.177279 1.501814
0.177101 1.501853
0.176924 1.502068
0.176747 1.502151
0.176571 1.501983
0.176394 1.501967
0.176218 1.501991
0.176041 1.502010
0.175865 1.502231
0.175689 1.502293
0.175514 1.502096
0.175338 1.501885
0.175163 1.501983
0.174988 1.501966
0.174813 1.501996
0.174638 1.502329
0.174463 1.502176
0.174289 1.501957
0.174115 1.502170
0.173940 1.502217
0.173767 1.502106
0.173593 1.502053
0.173419 1.502144
0.173246 1.502130
0.173073 1.502115
0.172899 1.502220
0.172727 1.502100
0.172554 1.502114
0.172381 1.502234
0.172209 1.502167
0.172037 1.502079
0.171865 1.502249
0.171693 1.502289
0.171521 1.502076
0.171350 1.501940
0.171178 1.501909
0.171007 1.502061
0.170836 1.502212
0.170665 1.502403
0.170495 1.502287
0.170324 1.502097
0.170154 1.502088
0.169984 1.502185
0.169814 1.502312
0.169644 1.502312
0.169474 1.502078
0.169305 1.501969
0.169135 1.502156
0.168966 1.502325
0.168797 1.502431
0.168628 1.502255
0.168460 1.502060
0.168291 1.502161
0.168123 1.502415
0.167955 1.502260
0.167787 1.501919
0.167619 1.501976
0.167452 1.502110
0.167284 1.502037
0.167117 1.502089
0.166950 1.501907
0.166783 1.501856
0.166616 1.502131
0.166449 1.502253
0.166283 1.502184
0.166117 1.502249
0.165951 1.502330
0.165785 1.502208
0.165619 1.502107
0.165453 1.502259
0.165288 1.502266
0.165122 1.502145
0.164957 1.502209
0.164792 1.502104
0.164628 1.502071
0.164463 1.502020
0.164298 1.501944
0.164134 1.502225
0.163970 1.502478
0.163806 1.502515
0.163642 1.502421
0.163479 1.502258
0.163315 1.502389
0.163152 1.502508
0.162989 1.502315
0.162826 1.502226
0.162663 1.502348
0.162500 1.502358
0.162338 1.502322
0.162175 1.502225
0.162013 1.502123
0.161851 1.502145
0.161689 1.502367
0.161528 1.502446
0.161366 1.502247
0.161205 1.502248
0.161044 1.502165
0.160882 1.502128
0.160722 1.502289
0.160561 1.502354
0.160400 1.502145
0.160240 1.502216
0.160080 1.502372
0.159920 1.502363
0.159760 1.502171
0.159600 1.502180
0.159440 1.502301
0.159281 1.502343
0.159122 1.502448
0.158962 1.502348
0.158804 1.502162
0.158645 1.502362
0.158486 1.502520
0.158328 1.502419
0.158169 1.502252
0.158011 1.502299
0.157853 1.502355
0.157695 1.502369
0.157538 1.502286
0.157380 1.502264
0.157223 1.502364
0.157065 1.502476
0.156908 1.502487
0.156751 1.502479
0.156595 1.502384
0.156438 1.502354
0.156282 1.502474
0.156125 1.502584
0.155969 1.502523
0.155813 1.502425
0.155657 1.502384
0.155502 1.502383
0.155346 1.502470
0.155191 1.502359
0.155036 1.502416
0.154881 1.502264
0.154726 1.502136
0.154571 1.502219
0.154417 1.502269
0.154262 1.502282
0.154108 1.502373
0.153954 1.502429
0.153800 1.502425
0.153646 1.502520
0.153492 1.502564
0.153339 1.502280
0.153185 1.502183
0.153032 1.502180
0.152879 1.502063
0.152726 1.502158
0.152574 1.502275
0.152421 1.502317
0.152269 1.502448
0.152116 1.502389
0.151964 1.502276
0.151812 1.502449
0.151661 1.502310
0.151509 1.502038
0.151357 1.502393
0.151206 1.502628
0.151055 1.502364
0.150904 1.502126
0.150753 1.502319
0.150602 1.502519
0.150451 1.502496
0.150301 1.502465
0.150151 1.502474
0.150001 1.502346
0.149851 1.502388
0.149701 1.502396
0.149551 1.502375
0.149401 1.502409
0.149252 1.502254
0.149103 1.502234
0.148954 1.502391
0.148805 1.502444
0.148656 1.502353
0.148507 1.502467
0.148359 1.502623
0.148210 1.502572
0.148062 1.502615
0.147914 1.502565
0.147766 1.502470
0.147618 1.502365
0.147471 1.502498
0.147323 1.502833
0.147176 1.502833
0.147029 1.502793
0.146882 1.502960
0.146735 1.502870
0.146588 1.502661
0.146442 1.502782
0.146295 1.502835
0.146149 1.502660
0.146003 1.502810
0.145857 1.502822
0.145711 1.502594
0.145565 1.502446
0.145420 1.502557
0.145274 1.502672
0.145129 1.502654
0.144984 1.502675
0.144839 1.502803
0.144694 1.502790
0.144549 1.502603
0.144405 1.502368
0.144260 1.502443
0.144116 1.502469
0.143972 1.502578
0.143828 1.502622
0.143684 1.502553
0.143540 1.502697
0.143397 1.502822
0.143254 1.502785
0.143110 1.502743
0.142967 1.502674
0.142824 1.502624
0.142681 1.502713
0.142539 1.503070
0.142396 1.503183
0.142254 1.502737
0.142112 1.502587
0.141969 1.502898
0.141827 1.503059
0.141686 1.502956
0.141544 1.503029
0.141402 1.503178
0.141261 1.502962
0.141120 1.502780
0.140979 1.502962
0.140838 1.503149
0.140697 1.503085
0.140556 1.502770
0.140416 1.502630
0.140275 1.502814
0.140135 1.502970
0.139995 1.502878
0.139855 1.502809
0.139715 1.502758
0.139575 1.502835
0.139436 1.502830
0.139296 1.502779
0.139157 1.502710
0.139018 1.502728
0.138879 1.502835
0.138740 1.503132
0.138601 1.503235
0.138462 1.503125
0.138324 1.503192
0.138186 1.503229
0.138047 1.502909
0.137909 1.502675
0.137772 1.502654
0.137634 1.502647
0.137496 1.502573
0.137359 1.502557
0.137221 1.502700
0.137084 1.502855
0.136947 1.502970
0.136810 1.502971
0.136673 1.502782
0.136537 1.502762
0.136400 1.503022
0.136264 1.503074
0.136127 1.503082
0.135991 1.503294
0.135855 1.503036
0.135719 1.502811
0.135584 1.502959
0.135448 1.503026
0.135313 1.503110
0.135177 1.503055
0.135042 1.502845
0.134907 1.502961
0.134772 1.503155
0.134637 1.503080
0.134503 1.502981
0.134368 1.502891
0.134234 1.503015
0.134100 1.503336
0.133966 1.503327
0.133832 1.502973
0.133698 1.503263
0.133564 1.503473
0.133430 1.503395
0.133297 1.503553
0.133164 1.503563
0.133031 1.503693
0.132898 1.503706
0.132765 1.503591
0.132632 1.503342
0.132499 1.503333
0.132367 1.503268
0.132234 1.503120
0.132102 1.503037
0.131970 1.503299
0.131838 1.503764
0.131706 1.503999
0.131575 1.503813
0.131443 1.503756
0.131312 1.503967
0.131180 1.503966
0.131049 1.503757
0.130918 1.503757
0.130787 1.503826
0.130656 1.503712
0.130526 1.503655
0.130395 1.503789
0.130265 1.503688
0.130134 1.503250
0.130004 1.503489
0.129874 1.504184
0.129744 1.503992
0.129615 1.503757
0.129485 1.503737
0.129356 1.503433
0.129226 1.503313
0.129097 1.503445
0.128968 1.503562
0.128839 1.503719
0.128710 1.503889
0.128581 1.503370
0.128453 1.502904
0.128324 1.503255
0.128196 1.503771
0.128068 1.503557
0.127940 1.503227
0.127812 1.503350
0.127684 1.503409
0.127556 1.503273
0.127429 1.503508
0.127301 1.503870
0.127174 1.503696
0.127047 1.503783
0.126920 1.503933
0.126793 1.503826
0.126666 1.503552
0.126539 1.503322
0.126413 1.503488
0.126286 1.503614
0.126160 1.503381
0.126034 1.503352
0.125908 1.503493
0.125782 1.503547
0.125656 1.503655
0.125531 1.503914
0.125405 1.504102
0.125280 1.503898
0.125154 1.503591
0.125029 1.503800
0.124904 1.503659
0.124779 1.503516
0.124655 1.503827
0.124530 1.504022
0.124405 1.504179
0.124281 1.504056
0.124157 1.503747
0.124033 1.503597
0.123909 1.503461
0.123785 1.503335
0.123661 1.503623
0.123537 1.503748
0.123414 1.503914
0.123290 1.504423
0.123167 1.504433
0.123044 1.504181
0.122921 1.503962
0.122798 1.503580
0.122675 1.503544
0.122552 1.503772
0.122430 1.503896
0.122307 1.503664
0.122185 1.503353
0.122063 1.503536
0.121941 1.503775
0.121819 1.503570
0.121697 1.503711
0.121575 1.504017
0.121454 1.503926
0.121332 1.503758
0.121211 1.503622
0.121090 1.503398
0.120969 1.503285
0.120848 1.503276
0.120727 1.503440
0.120606 1.503927
0.120486 1.504011
0.120365 1.503769
0.120245 1.503669
0.120124 1.503832
0.120004 1.504058
0.119884 1.504056
0.119764 1.503861
0.119645 1.503771
0.119525 1.503839
0.119405 1.503863
0.119286 1.504074
0.119167 1.504268
0.119048 1.504041
0.118929 1.503630
0.118810 1.503509
0.118691 1.504039
0.118572 1.504191
0.118454 1.503850
0.118335 1.503790
0.118217 1.503974
0.118099 1.504036
0.117980 1.503918
0.117862 1.503815
0.117745 1.503727
0.117627 1.503804
0.117509 1.503678
0.117392 1.503657
0.117274 1.503730
0.117157 1.503505
0.117040 1.503809
0.116923 1.504020
0.116806 1.503758
0.116689 1.503671
0.116572 1.503763
0.116456 1.503743
0.116339 1.503783
0.116223 1.503890
0.116107 1.504149
0.115991 1.504020
0.115875 1.503803
0.115759 1.503660
0.115643 1.503378
0.115527 1.503425
0.115412 1.503727
0.115297 1.503995
0.115181 1.504145
0.115066 1.503949
0.114951 1.503660
0.114836 1.503371
0.114721 1.503344
0.114606 1.503848
0.114492 1.504067
0.114377 1.504045
0.114263 1.503923
0.114149 1.504079
0.114035 1.504296
0.113921 1.504259
0.113807 1.504040
0.113693 1.503871
0.113579 1.504044
0.113466 1.504204
0.113352 1.503958
0.113239 1.503797
0.113126 1.503791
0.113012 1.503858
0.112899 1.503789
0.112786 1.503695
0.112674 1.503864
0.112561 1.503992
0.112448 1.504020
0.112336 1.504190
0.112224 1.504225
0.112111 1.504001
0.111999 1.504011
0.111887 1.503939
0.111775 1.503860
0.111664 1.503831
0.111552 1.503593
0.111440 1.503568
0.111329 1.503837
0.111218 1.504117
0.111106 1.504389
0.110995 1.504371
0.110884 1.504075
0.110773 1.504089
0.110663 1.504322
0.110552 1.504655
0.110442 1.504514
0.110331 1.503992
0.110221 1.503684
0.110111 1.503554
0.110000 1.503976
0.109890 1.504245
0.109781 1.504137
0.109671 1.504340
0.109561 1.504257
0.109451 1.503996
0.109342 1.504057
0.109233 1.504038
0.109123 1.503861
0.109014 1.503714
0.108905 1.503695
0.108796 1.503968
0.108688 1.504238
0.108579 1.504106
0.108470 1.504036
0.108362 1.504516
0.108254 1.504849
0.108145 1.504691
0.108037 1.504102
0.107929 1.504022
0.107821 1.504094
0.107713 1.503776
0.107606 1.503812
0.107498 1.503992
0.107391 1.503781
0.107283 1.503791
0.107176 1.504128
0.107069 1.504200
0.106962 1.504067
0.106855 1.504226
0.106748 1.504355
0.106641 1.504291
0.106534 1.504231
0.106428 1.503929
0.106321 1.504188
0.106215 1.504759
0.106109 1.505318
0.106003 1.505180
0.105897 1.504501
0.105791 1.504282
0.105685 1.504482
0.105579 1.504485
0.105474 1.504311
0.105368 1.504243
0.105263 1.503957
0.105158 1.503900
0.105053 1.504226
0.104948 1.504491
0.104843 1.504115
0.104738 1.503583
0.104633 1.503622
0.104528 1.503917
0.104424 1.504353
0.104319 1.504496
0.104215 1.504491
0.104111 1.504599
0.104007 1.504645
0.103903 1.504437
0.103799 1.504057
0.103695 1.504043
0.103591 1.504099
0.103488 1.503927
0.103384 1.503790
0.103281 1.503857
0.103178 1.504661
0.103074 1.505100
0.102971 1.504591
0.102868 1.504129
0.102766 1.503963
0.102663 1.504067
0.102560 1.504376
0.102458 1.504349
0.102355 1.503966
0.102253 1.503900
0.102150 1.504343
0.102048 1.504311
0.101946 1.503958
0.101844 1.504084
0.101742 1.504015
0.101641 1.503943
0.101539 1.504144
0.101438 1.504590
0.101336 1.504848
0.101235 1.504659
0.101134 1.504570
0.101032 1.504576
0.100931 1.504132
0.100830 1.503876
0.100730 1.504044
0.100629 1.504251
0.100528 1.504665
0.100428 1.504471
0.100327 1.504106
0.100227 1.504063
0.100127 1.504022
0.100027 1.503996
0.099927 1.504151
