0.400000 42.819908
0.400500 43.129368
0.401000 43.515890
0.401500 43.879854
0.402000 44.219618
0.402500 44.600013
0.403000 44.932499
0.403500 45.373412
0.404000 45.638471
0.404500 46.073635
0.405000 46.428633
0.405500 46.853923
0.406000 47.184351
0.406500 47.625622
0.407000 47.970704
0.407500 48.425847
0.408000 48.805043
0.408500 49.260714
0.409000 49.661911
0.409500 50.057766
0.410000 50.410910
0.410500 50.918982
0.411000 51.290979
0.411500 51.749697
0.412000 52.187986
0.412500 52.666696
0.413000 53.103982
0.413500 53.487090
0.414000 53.960814
0.414500 54.464282
0.415000 54.915526
0.415500 55.340331
0.416000 55.905420
0.416500 56.345911
0.417000 56.883316
0.417500 57.290875
0.418000 57.897609
0.418500 58.392549
0.419000 58.870614
0.419500 59.367926
0.420000 59.910646
0.420500 60.452663
0.421000 60.975582
0.421500 61.570274
0.422000 62.109549
0.422500 62.662229
0.423000 63.232198
0.423500 63.684123
0.424000 64.351558
0.424500 64.799212
0.425000 65.431655
0.425500 66.016975
0.426000 66.757639
0.426500 67.310847
0.427000 67.902990
0.427500 68.582056
0.428000 69.149173
0.428500 69.703403
0.429000 70.360577
0.429500 71.162488
0.430000 71.777262
0.430500 72.384046
0.431000 73.139240
0.431500 73.911710
0.432000 74.533362
0.432500 75.263643
0.433000 75.890183
0.433500 76.642628
0.434000 77.360578
0.434500 78.025822
0.435000 78.878582
0.435500 79.552357
0.436000 80.288723
0.436500 81.023959
0.437000 81.720597
0.437500 82.758010
0.438000 83.470276
0.438500 84.254608
0.439000 85.133284
0.439500 85.965011
0.440000 86.844910
0.440500 87.600968
0.441000 88.556893
0.441500 89.295743
0.442000 90.231676
0.442500 91.063675
0.443000 92.044287
0.443500 93.038209
0.444000 93.845846
0.444500 94.794889
0.445000 95.909852
0.445500 96.733173
0.446000 97.767518
0.446500 98.671816
0.447000 99.667481
0.447500 100.680717
0.448000 101.795193
0.448500 102.869689
0.449000 103.974878
0.449500 104.992675
0.450000 106.038907
0.450500 107.210301
0.451000 108.288187
0.451500 109.429664
0.452000 110.591908
0.452500 111.769754
0.453000 113.021784
0.453500 114.070698
0.454000 115.469518
0.454500 116.467291
0.455000 117.761544
0.455500 119.012688
0.456000 120.361411
0.456500 121.558217
0.457000 122.831927
0.457500 124.159429
0.458000 125.749430
0.458500 126.882312
0.459000 128.139409
0.459500 129.745646
0.460000 131.267762
0.460500 132.555759
0.461000 134.176601
0.461500 135.725934
0.462000 137.156760
0.462500 138.525755
0.463000 140.317250
0.463500 141.905634
0.464000 143.356923
0.464500 144.983408
0.465000 146.896369
0.465500 148.158564
0.466000 149.970611
0.466500 151.730449
0.467000 153.441164
0.467500 155.255911
0.468000 157.255313
0.468500 158.822958
0.469000 160.605909
0.469500 162.749335
0.470000 164.594650
0.470500 166.785862
0.471000 168.522673
0.471500 170.240025
0.472000 172.220834
0.472500 174.386653
0.473000 176.774642
0.473500 178.747980
0.474000 180.902115
0.474500 183.030467
0.475000 184.977785
0.475500 187.452312
0.476000 190.171468
0.476500 192.297624
0.477000 194.527174
0.477500 196.723396
0.478000 199.347737
0.478500 201.788946
0.479000 204.383230
0.479500 207.029578
0.480000 209.685186
0.480500 212.025427
0.481000 214.656997
0.481500 217.948887
0.482000 220.719151
0.482500 222.805529
0.483000 226.045072
0.483500 229.176209
0.484000 231.930332
0.484500 234.607610
0.485000 238.238738
0.485500 240.937118
0.486000 244.660251
0.486500 247.807483
0.487000 250.785186
0.487500 254.219110
0.488000 256.966047
0.488500 260.997622
0.489000 264.640504
0.489500 267.203872
0.490000 271.275680
0.490500 275.392729
0.491000 279.251965
0.491500 282.462569
0.492000 286.941317
0.492500 291.041585
0.493000 295.012963
0.493500 299.350692
0.494000 302.924032
0.494500 307.105332
0.495000 311.411960
0.495500 315.878601
0.496000 321.603506
0.496500 324.863529
0.497000 329.214574
0.497500 334.500214
0.498000 339.218252
0.498500 344.128613
0.499000 349.545060
0.499500 353.558996
0.500000 359.333403
0.500500 364.337010
0.501000 370.680415
0.501500 376.151609
0.502000 381.977087
0.502500 387.161826
0.503000 392.398951
0.503500 398.650074
0.504000 405.027281
0.504500 410.857001
0.505000 416.620792
0.505500 423.353636
0.506000 430.363205
0.506500 437.115047
0.507000 443.511937
0.507500 450.010651
0.508000 457.646097
0.508500 464.726206
0.509000 473.383265
0.509500 478.923825
0.510000 487.128364
0.510500 495.102209
0.511000 502.721996
0.511500 510.879417
0.512000 520.500820
0.512500 527.364644
0.513000 536.582702
0.513500 546.032812
0.514000 555.197210
0.514500 564.304676
0.515000 572.928180
0.515500 582.652265
0.516000 592.391313
0.516500 603.362133
0.517000 614.232193
0.517500 623.832777
0.518000 634.563809
0.518500 645.513078
0.519000 656.418054
0.519500 669.892329
0.520000 680.004167
0.520500 690.715843
0.521000 704.632894
0.521500 717.833497
0.522000 728.993273
0.522500 742.181634
0.523000 756.251688
0.523500 771.945109
0.524000 786.930837
0.524500 798.200992
0.525000 815.442768
0.525500 829.805769
0.526000 844.448806
0.526500 859.824392
0.527000 876.558951
0.527500 896.253073
0.528000 910.085962
0.528500 927.858583
0.529000 946.627298
0.529500 964.805520
0.530000 983.227474
0.530500 1003.380677
0.531000 1024.187496
0.531500 1043.618932
0.532000 1062.077245
0.532500 1084.715378
0.533000 1105.137656
0.533500 1127.532582
0.534000 1148.592142
0.534500 1173.281206
0.535000 1200.301307
0.535500 1225.218511
0.536000 1250.145226
0.536500 1272.645523
0.537000 1302.981577
0.537500 1331.878441
0.538000 1356.198998
0.538500 1389.204159
0.539000 1418.458733
0.539500 1447.497363
0.540000 1482.185969
0.540500 1510.459370
0.541000 1551.220342
0.541500 1582.010959
0.542000 1615.349628
0.542500 1652.290882
0.543000 1692.539860
0.543500 1733.231670
0.544000 1772.933139
0.544500 1810.838103
0.545000 1841.321083
0.545500 1896.132942
0.546000 1936.852561
0.546500 1981.200353
0.547000 2027.840079
0.547500 2085.445153
0.548000 2133.466148
0.548500 2181.653389
0.549000 2235.655709
0.549500 2283.321148
0.550000 2345.766116
0.550500 2401.439774
0.551000 2472.226010
0.551500 2525.906447
0.552000 2598.894574
0.552500 2656.409233
0.553000 2717.669773
0.553500 2776.446727
0.554000 2855.765622
0.554500 2939.141591
0.555000 3022.303807
0.555500 3096.623102
0.556000 3175.842788
0.556500 3264.231726
0.557000 3343.210374
0.557500 3442.934261
0.558000 3530.198616
0.558500 3612.175376
0.559000 3721.234348
0.559500 3818.020908
0.560000 3932.297977
0.560500 4035.994248
0.561000 4127.384847
0.561500 4251.520274
0.562000 4362.897620
0.562500 4503.638194
0.563000 4612.335236
0.563500 4752.637691
0.564000 4878.566989
0.564500 5012.428681
0.565000 5148.249063
0.565500 5320.655760
0.566000 5464.310134
0.566500 5590.723205
0.567000 5742.167233
0.567500 5898.795420
0.568000 6085.843621
0.568500 6235.524577
0.569000 6434.074730
0.569500 6562.493992
0.570000 6768.597454
0.570500 6959.469450
0.571000 7157.332685
0.571500 7320.239253
0.572000 7544.352304
0.572500 7746.521994
0.573000 7952.698396
0.573500 8161.856168
0.574000 8381.566337
0.574500 8644.277482
0.575000 8778.077882
0.575500 9079.223750
0.576000 9260.859544
0.576500 9487.791942
0.577000 9708.389547
0.577500 9984.978557
0.578000 10283.326607
0.578500 10398.077750
0.579000 10704.821106
0.579500 10939.267802
0.580000 11331.328626
0.580500 11418.754471
0.581000 11707.836977
0.581500 11934.663234
0.582000 12190.039342
0.582500 12524.257231
0.583000 12693.066563
0.583500 12885.918984
0.584000 13184.077187
0.584500 13487.261456
0.585000 13630.512868
0.585500 13880.221641
0.586000 14160.390636
0.586500 14294.630976
0.587000 14485.381616
0.587500 14740.917225
0.588000 15021.084892
0.588500 15159.018899
0.589000 15384.287550
0.589500 15571.688767
0.590000 15723.008301
0.590500 15752.210738
0.591000 15860.215691
0.591500 16045.253807
0.592000 16207.244983
0.592500 16128.202395
0.593000 16466.406788
0.593500 16501.160769
0.594000 16581.467608
0.594500 16657.412940
0.595000 16738.953808
0.595500 16612.804935
0.596000 16706.091880
0.596500 16806.251429
0.597000 16684.958898
0.597500 16571.599685
0.598000 16503.399665
0.598500 16432.099092
0.599000 16440.610449
0.599500 16356.779661
0.600000 16025.295291
0.600500 15767.534561
0.601000 15895.282799
0.601500 15587.429689
0.602000 15461.013748
0.602500 15270.578243
0.603000 15230.882798
0.603500 14935.120746
0.604000 14681.813060
0.604500 14556.039212
0.605000 14122.347368
0.605500 14049.800970
0.606000 13609.044669
0.606500 13388.364584
0.607000 13106.846319
0.607500 12773.312496
0.608000 12491.094935
0.608500 12317.287586
0.609000 11977.173068
0.609500 11673.588540
0.610000 11276.287395
0.610500 11029.318838
0.611000 10688.827988
0.611500 10405.262733
0.612000 9845.470355
0.612500 9764.880515
0.613000 9297.724992
0.613500 9335.357863
0.614000 8881.500662
0.614500 8411.607091
0.615000 8066.298464
0.615500 8060.318859
0.616000 7573.649879
0.616500 7188.688505
0.617000 6848.068815
0.617500 6579.833980
0.618000 6261.950457
0.618500 6045.546943
0.619000 5755.671248
0.619500 5668.878690
0.620000 5462.046888
0.620500 5067.062626
0.621000 4903.954096
0.621500 4689.284697
0.622000 4231.340523
0.622500 4067.465705
0.623000 3976.099537
0.623500 3805.216292
0.624000 3591.819042
0.624500 3377.133625
0.625000 3185.000472
0.625500 3199.142442
0.626000 2897.285939
0.626500 2739.970507
0.627000 2577.478185
0.627500 2477.530099
0.628000 2438.304030
0.628500 2245.300984
0.629000 2194.866639
0.629500 1984.988297
0.630000 1930.272803
0.630500 1831.716585
0.631000 1709.992367
0.631500 1517.218080
0.632000 1542.233676
0.632500 1392.302594
0.633000 1418.393003
0.633500 1301.993401
0.634000 1182.355179
0.634500 1136.015333
0.635000 1066.161454
0.635500 1005.824950
0.636000 926.547893
0.636500 939.369115
0.637000 887.871591
0.637500 783.872626
0.638000 809.606564
0.638500 680.632412
0.639000 734.944585
0.639500 710.029156
0.640000 633.702896
0.640500 606.512734
0.641000 580.566099
0.641500 537.815337
0.642000 563.592774
0.642500 490.587292
0.643000 430.320990
0.643500 485.908735
0.644000 427.167600
0.644500 408.757352
0.645000 399.670168
0.645500 350.021333
0.646000 365.112728
0.646500 339.231919
0.647000 311.532845
0.647500 321.445303
0.648000 294.771675
0.648500 279.079788
0.649000 247.475315
0.649500 266.157575
0.650000 261.820706
0.650500 227.907850
0.651000 239.296180
0.651500 228.112009
0.652000 215.850919
0.652500 208.772988
0.653000 194.812788
0.653500 194.673746
0.654000 197.237793
0.654500 180.903518
0.655000 173.734891
0.655500 168.982269
0.656000 155.477655
0.656500 155.504702
0.657000 145.127559
0.657500 151.725836
0.658000 137.913070
0.658500 130.163790
0.659000 128.290486
0.659500 122.789440
0.660000 133.712919
0.660500 116.167045
0.661000 110.848264
0.661500 111.579110
0.662000 109.668858
0.662500 104.795340
0.663000 102.496551
0.663500 99.175010
0.664000 96.052990
0.664500 96.063195
0.665000 89.427510
0.665500 87.637557
0.666000 86.038147
0.666500 85.470126
0.667000 85.347115
0.667500 82.236330
0.668000 79.767696
0.668500 77.460580
0.669000 75.484269
0.669500 75.984140
0.670000 71.977972
0.670500 71.155624
0.671000 68.885498
0.671500 68.356197
0.672000 65.834613
0.672500 63.685512
0.673000 64.537269
0.673500 61.418689
0.674000 61.632317
0.674500 59.135448
0.675000 60.205610
0.675500 55.746639
0.676000 55.376030
0.676500 54.129610
0.677000 51.563165
0.677500 50.679460
0.678000 51.056150
0.678500 48.847715
0.679000 48.193150
0.679500 46.877805
0.680000 47.806952
0.680500 45.607429
0.681000 44.145501
0.681500 43.442083
0.682000 43.778596
0.682500 41.682860
0.683000 41.290824
0.683500 40.026924
0.684000 40.712903
0.684500 40.525250
0.685000 38.833377
0.685500 37.469263
0.686000 36.589658
0.686500 37.245717
0.687000 35.687347
0.687500 34.448511
0.688000 34.834103
0.688500 33.281587
0.689000 32.502024
0.689500 32.984970
0.690000 32.014410
0.690500 31.856782
0.691000 30.300626
0.691500 29.642863
0.692000 30.082000
0.692500 28.774552
0.693000 29.240958
0.693500 28.649521
0.694000 27.013861
0.694500 26.495372
0.695000 27.777150
0.695500 25.841005
0.696000 25.444864
0.696500 25.297465
0.697000 25.131588
0.697500 24.946687
0.698000 24.663649
0.698500 23.826019
0.699000 23.873587
0.699500 23.290233
0.700000 22.748226
0.700500 22.790163
0.701000 23.024395
0.701500 22.312227
0.702000 21.416955
0.702500 21.228879
0.703000 20.863835
0.703500 20.484421
0.704000 20.784346
0.704500 19.751209
0.705000 20.375756
0.705500 19.793309
0.706000 19.540330
0.706500 19.190996
0.707000 18.870945
0.707500 18.331569
0.708000 17.748005
0.708500 17.675896
0.709000 17.227272
0.709500 17.403581
0.710000 17.237799
0.710500 16.913047
0.711000 16.572720
0.711500 16.486137
0.712000 16.288558
0.712500 16.040767
0.713000 15.880516
0.713500 15.639069
0.714000 15.156683
0.714500 15.384688
0.715000 15.077855
0.715500 14.731220
0.716000 14.680891
0.716500 14.385831
0.717000 14.218163
0.717500 13.980137
0.718000 13.836244
0.718500 13.883597
0.719000 13.285204
0.719500 13.163357
0.720000 13.366682
0.720500 13.184106
0.721000 12.641345
0.721500 12.501062
0.722000 12.591316
0.722500 12.306366
0.723000 12.268901
0.723500 12.411581
0.724000 11.928219
0.724500 11.760346
0.725000 11.587152
0.725500 11.711631
0.726000 11.258426
0.726500 11.389631
0.727000 11.122538
0.727500 10.969103
0.728000 10.967005
0.728500 10.742665
0.729000 10.837580
0.729500 10.520344
0.730000 10.314453
0.730500 10.236230
0.731000 10.350502
0.731500 9.839703
0.732000 9.863961
0.732500 9.892657
0.733000 9.617978
0.733500 9.445730
0.734000 9.360904
0.734500 9.676469
0.735000 9.362544
0.735500 9.350011
0.736000 9.249152
0.736500 8.831775
0.737000 8.817943
0.737500 8.975321
0.738000 8.626825
0.738500 8.693548
0.739000 8.574298
0.739500 8.596959
0.740000 8.314941
0.740500 8.193174
0.741000 8.368393
0.741500 8.061384
0.742000 8.023919
0.742500 7.838958
0.743000 7.900394
0.743500 7.834285
0.744000 7.747618
0.744500 7.785915
0.745000 7.727459
0.745500 7.514106
0.746000 7.647145
0.746500 7.508057
0.747000 7.390349
0.747500 7.296961
0.748000 7.323821
0.748500 7.095765
0.749000 7.079138
0.749500 7.011790
0.750000 7.015338
0.750500 6.775238
0.751000 6.625080
0.751500 6.677853
0.752000 6.723213
0.752500 6.777413
0.753000 6.488019
0.753500 6.622833
0.754000 6.406227
0.754500 6.325336
0.755000 6.277134
0.755500 6.344285
0.756000 6.115103
0.756500 6.147606
0.757000 6.111907
0.757500 6.045231
0.758000 5.985298
0.758500 5.908095
0.759000 5.961557
0.759500 5.736042
0.760000 5.922150
0.760500 5.736046
0.761000 5.627575
0.761500 5.552098
0.762000 5.607614
0.762500 5.527278
0.763000 5.516040
0.763500 5.453428
0.764000 5.452026
0.764500 5.331876
0.765000 5.331308
0.765500 5.209326
0.766000 5.161771
0.766500 5.125791
0.767000 5.145631
0.767500 5.108659
0.768000 5.092191
0.768500 5.061598
0.769000 5.032085
0.769500 5.018834
0.770000 5.052108
0.770500 4.905162
0.771000 4.861904
0.771500 4.790771
0.772000 4.852758
0.772500 4.716226
0.773000 4.702327
0.773500 4.609556
0.774000 4.587116
0.774500 4.568003
0.775000 4.520561
0.775500 4.454895
0.776000 4.535442
0.776500 4.476877
0.777000 4.442295
0.777500 4.423645
0.778000 4.412512
0.778500 4.290755
0.779000 4.241108
0.779500 4.230414
0.780000 4.346221
0.780500 4.199593
0.781000 4.200127
0.781500 4.071059
0.782000 4.008933
0.782500 4.088201
0.783000 4.058041
0.783500 4.049972
0.784000 4.035230
0.784500 3.913599
0.785000 3.990926
0.785500 3.993967
0.786000 3.839591
0.786500 3.861198
0.787000 3.863049
0.787500 3.788320
0.788000 3.803879
0.788500 3.759466
0.789000 3.645233
0.789500 3.671285
0.790000 3.767516
0.790500 3.645199
0.791000 3.610991
0.791500 3.613826
0.792000 3.635426
0.792500 3.578671
0.793000 3.520709
0.793500 3.541862
0.794000 3.509715
0.794500 3.498063
0.795000 3.475677
0.795500 3.536523
0.796000 3.362617
0.796500 3.373667
0.797000 3.389419
0.797500 3.364972
0.798000 3.296336
0.798500 3.299318
0.799000 3.247408
0.799500 3.258548
0.800000 3.199936
