Dcm
0 0.056841
1 0.100754
2 0.154613
3 0.194471
4 0.250236
5 0.301969
6 0.343740
7 0.411345
8 0.458983
9 0.492735
10 0.546362
11 0.593938
12 0.637457
13 0.679032
14 0.728538
15 0.789838
16 0.823534
17 0.873108
18 0.936390
19 0.971859
20 1.011442
21 1.043026
22 1.076529
23 1.119983
24 1.157243
25 1.196662
26 1.239706
27 1.279049
28 1.308369
29 1.329953
30 1.359551
31 1.402917
32 1.447964
33 1.479169
34 1.508585
35 1.538070
36 1.557791
37 1.583059
38 1.622116
39 1.653326
40 1.676825
41 1.702158
42 1.717531
43 1.734838
44 1.756214
45 1.783613
46 1.802802
47 1.826012
48 1.859048
49 1.872634
50 1.890074
51 1.921317
52 1.946417
53 1.963860
54 1.987400
55 2.014566
56 2.022415
57 2.045837
58 2.043705
59 2.061033
60 2.105906
61 2.136960
62 2.150039
63 2.177172
64 2.202622
65 2.218157
66 2.247356
67 2.268808
68 2.301702
69 2.323035
70 2.336563
71 2.352010
72 2.361717
73 2.387062
74 2.404470
75 2.424028
76 2.445510
77 2.456889
78 2.472249
79 2.484222
80 2.509694
81 2.505749
82 2.530953
83 2.546473
84 2.554029
85 2.548332
86 2.548158
87 2.565552
88 2.577159
89 2.585046
90 2.581038
91 2.579099
92 2.580995
93 2.574715
94 2.594222
95 2.603992
96 2.619866
97 2.639152
98 2.633066
99 2.644807
100 2.666439
101 2.679872
102 2.693561
103 2.706900
104 2.730178
105 2.742084
106 2.734109
107 2.747432
108 2.753210
109 2.762742
110 2.780499
111 2.782357
112 2.797818
113 2.811281
114 2.826515
115 2.834022
116 2.845649
117 2.855406
118 2.878346
119 2.876250
120 2.878036
121 2.885911
122 2.910945
123 2.914589
124 2.941474
125 2.950837
126 2.958727
127 2.993404
128 2.989101
129 2.988609
130 3.019364
131 3.020829
132 3.026556
133 3.035945
134 3.045276
135 3.053079
136 3.068324
137 3.062393
138 3.070180
139 3.095230
140 3.091304
141 3.089257
142 3.102466
143 3.114076
144 3.121908
145 3.133297
146 3.144655
147 3.154190
148 3.173307
149 3.173496
150 3.169699
151 3.160002
152 3.173411
153 3.173304
154 3.176953
155 3.200074
156 3.212070
157 3.229598
158 3.238782
159 3.246563
160 3.256107
161 3.258024
162 3.256270
163 3.281621
164 3.277942
165 3.270159
166 3.273823
167 3.260131
168 3.277610
169 3.291078
170 3.286816
171 3.286926
172 3.298498
173 3.308026
174 3.306014
175 3.307521
176 3.297526
177 3.303350
178 3.324434
179 3.332174
180 3.341667
181 3.351300
182 3.355212
183 3.368561
184 3.371886
185 3.387387
186 3.389420
187 3.389138
188 3.394655
189 3.410128
190 3.425822
191 3.452971
192 3.456681
193 3.456923
194 3.480049
195 3.497271
196 3.505034
197 3.496818
198 3.496575
199 3.509762
200 3.517437
201 3.540953
202 3.537042
203 3.536688
204 3.530824
205 3.526843
206 3.530562
207 3.532375
208 3.528020
209 3.514210
210 3.506601
211 3.519771
212 3.533410
213 3.552581
214 3.554459
215 3.577626
216 3.573878
217 3.570047
218 3.571571
219 3.569489
220 3.565601
221 3.573398
222 3.583293
223 3.569406
224 3.575849
225 3.573866
226 3.579540
227 3.588910
228 3.581060
229 3.587266
230 3.590573
231 3.592495
232 3.604263
233 3.610074
234 3.608187
235 3.611880
236 3.638524
237 3.643965
238 3.643747
239 3.641375
240 3.653141
241 3.652820
242 3.672353
243 3.675889
244 3.687345
245 3.681395
246 3.673325
247 3.679472
248 3.669521
249 3.672910
250 3.668879
251 3.691743
252 3.689703
253 3.693567
254 3.710863
255 3.731913
256 3.731575
257 3.729363
258 3.743445
259 3.750927
260 3.748873
261 3.744942
262 3.730920
263 3.750621
264 3.755598
265 3.780099
266 3.785856
267 3.803266
268 3.816513
269 3.824278
270 3.825760
271 3.839322
272 3.831130
273 3.840915
274 3.854368
275 3.858316
276 3.842588
277 3.856290
278 3.867453
279 3.872932
280 3.884350
281 3.877967
282 3.870005
283 3.881745
284 3.889086
285 3.898824
286 3.896940
287 3.911819
288 3.911235
289 3.915250
290 3.930443
291 3.936197
292 3.947068
293 3.948996
294 3.927896
295 3.933312
296 3.932867
297 3.934372
298 3.943679
299 3.951050
300 3.964408
301 3.962119
302 3.973753
303 3.969826
304 3.967597
305 3.978765
306 4.001542
307 4.020601
308 4.031994
309 4.038227
310 4.043611
311 4.052651
312 4.045042
313 4.058333
314 4.071508
315 4.083255
316 4.090967
317 4.087295
318 4.097023
319 4.116474
320 4.118106
321 4.122538
322 4.136260
323 4.143845
324 4.141388
325 4.154947
326 4.160647
327 4.174023
328 4.179338
329 4.186291
330 4.196026
331 4.214921
332 4.222467
333 4.235721
334 4.239534
335 4.223918
336 4.225448
337 4.219365
338 4.213452
339 4.234148
340 4.233435
341 4.237529
342 4.237021
343 4.242132
344 4.255601
345 4.259592
346 4.277044
347 4.286643
348 4.299677
349 4.281775
350 4.287205
351 4.306471
352 4.319789
353 4.317554
354 4.319733
355 4.312062
356 4.315900
357 4.312241
358 4.323853
359 4.321762
360 4.306206
361 4.302358
362 4.321669
363 4.328982
364 4.346064
365 4.343980
366 4.347766
367 4.355906
368 4.346635
369 4.365958
370 4.372182
371 4.372001
372 4.375497
373 4.378026
374 4.369970
375 4.372088
376 4.365955
377 4.365581
378 4.367818
379 4.369210
380 4.379012
381 4.377096
382 4.369804
383 4.366797
384 4.374011
385 4.381419
386 4.388961
387 4.381145
388 4.396777
389 4.398882
390 4.404810
391 4.410163
392 4.415386
393 4.405852
394 4.419362
395 4.421102
396 4.428471
397 4.424741
398 4.426266
399 4.436047
400 4.439089
401 4.444409
402 4.450041
403 4.453483
404 4.447209
405 4.450581
406 4.458192
407 4.454221
408 4.458032
409 4.467381
410 4.465359
411 4.471169
412 4.480823
413 4.489688
414 4.504990
415 4.520547
416 4.524078
417 4.539202
418 4.540777
419 4.545668
420 4.562358
421 4.589024
422 4.585152
423 4.592492
424 4.600549
425 4.613406
426 4.603047
427 4.616148
428 4.627671
429 4.642512
430 4.652570
431 4.665293
432 4.669154
433 4.658113
434 4.665322
435 4.667017
436 4.665660
437 4.652072
438 4.658230
439 4.672018
440 4.674096
441 4.689653
442 4.702626
443 4.712205
444 4.719993
445 4.731770
446 4.725979
447 4.745281
448 4.757861
449 4.744611
450 4.744785
451 4.752534
452 4.764321
453 4.769414
454 4.749791
455 4.753228
456 4.762396
457 4.758394
458 4.770946
459 4.768316
460 4.763858
461 4.750329
462 4.770950
463 4.774182
464 4.787826
465 4.783662
466 4.781698
467 4.777975
468 4.775976
469 4.771443
470 4.773736
471 4.777788
472 4.781561
473 4.799143
474 4.808813
475 4.813980
476 4.821922
477 4.822053
478 4.811797
479 4.819719
480 4.825684
481 4.833954
482 4.827839
483 4.844927
484 4.842641
485 4.856180
486 4.854212
487 4.869551
488 4.863784
489 4.857162
490 4.855129
491 4.861290
492 4.861254
493 4.872635
494 4.876441
495 4.882198
496 4.885398
497 4.898382
498 4.913238
499 4.921411
500 4.923081
501 4.903781
502 4.898054
503 4.892203
504 4.895563
505 4.897982
506 4.886107
507 4.920283
508 4.932738
509 4.936736
510 4.932633
511 4.936303
512 4.941824
513 4.928242
514 4.945410
515 4.951053
516 4.941658
517 4.945028
518 4.956998
519 4.954912
520 4.948644
521 4.954386
522 4.946801
523 4.969263
524 4.971161
525 4.964859
526 4.970333
527 4.977756
528 4.978458
529 4.993443
530 5.016151
531 5.038960
532 5.022249
533 5.014245
534 5.015908
535 5.023355
536 5.028998
537 5.025115
538 5.052607
539 5.050771
540 5.050635
541 5.049385
542 5.041428
543 5.057440
544 5.046631
545 5.054324
546 5.069573
547 5.083058
548 5.080406
549 5.095239
550 5.085742
551 5.077916
552 5.098469
553 5.111920
554 5.102498
555 5.112250
556 5.114003
557 5.107912
558 5.098362
559 5.096289
560 5.100152
561 5.094294
562 5.102203
563 5.088248
564 5.089933
565 5.112601
566 5.112606
567 5.106740
568 5.117925
569 5.129232
570 5.137182
571 5.114377
572 5.103129
573 5.114189
574 5.146097
575 5.142126
576 5.155117
577 5.158981
578 5.172378
579 5.171898
580 5.190948
581 5.191464
582 5.206614
583 5.189909
584 5.209584
585 5.205422
586 5.204720
587 5.211948
588 5.196321
589 5.204329
590 5.223480
591 5.228750
592 5.219142
593 5.225342
594 5.215744
595 5.226790
596 5.220839
597 5.230021
598 5.233479
599 5.225835
600 5.229588
601 5.212005
602 5.211880
603 5.215539
604 5.221148
605 5.213974
606 5.209943
607 5.208215
608 5.208180
609 5.196637
610 5.204469
611 5.217470
612 5.217332
613 5.214853
614 5.233906
615 5.221835
616 5.237048
617 5.240910
618 5.261803
619 5.257956
620 5.254496
621 5.262003
622 5.266545
623 5.282149
624 5.278292
625 5.283585
626 5.300858
627 5.315888
628 5.320909
629 5.328421
630 5.343932
631 5.341615
632 5.345773
633 5.353881
634 5.372901
635 5.375678
636 5.379179
637 5.379636
638 5.396954
639 5.419540
640 5.422957
641 5.419577
642 5.422978
643 5.413256
644 5.418176
645 5.420124
646 5.435365
647 5.440819
648 5.452549
649 5.438978
650 5.433247
651 5.437107
652 5.450862
653 5.453948
654 5.445453
655 5.426032
656 5.435289
657 5.446694
658 5.450160
659 5.444228
660 5.436442
661 5.426937
662 5.426773
663 5.429519
664 5.435635
665 5.450810
666 5.459965
667 5.470648
668 5.474374
669 5.489774
670 5.487376
671 5.486064
672 5.468869
673 5.486250
674 5.482815
675 5.494076
676 5.482553
677 5.485866
678 5.476021
679 5.472815
680 5.480773
681 5.480911
682 5.497808
683 5.479626
684 5.473948
685 5.481237
686 5.481260
687 5.489050
688 5.486857
689 5.486886
690 5.480867
691 5.488169
692 5.497941
693 5.486535
694 5.498055
695 5.502247
696 5.504059
697 5.505958
698 5.507529
699 5.505841
700 5.508199
701 5.532867
702 5.553518
703 5.562304
704 5.559092
705 5.555888
706 5.547997
707 5.532790
708 5.536568
709 5.542218
710 5.543643
711 5.561037
712 5.564650
713 5.564479
714 5.569544
715 5.572031
716 5.580221
717 5.585017
718 5.584647
719 5.607305
720 5.620950
721 5.632867
722 5.632677
723 5.644467
724 5.650697
725 5.660523
726 5.654975
727 5.662310
728 5.663602
729 5.661329
730 5.688790
731 5.682569
732 5.674520
733 5.668755
734 5.666549
735 5.658421
736 5.657105
737 5.641528
738 5.651244
739 5.652798
740 5.661998
741 5.660154
742 5.650841
743 5.653288
744 5.647224
745 5.637419
746 5.633900
747 5.651197
748 5.641878
749 5.635948
750 5.646655
751 5.641155
752 5.624936
753 5.624626
754 5.638203
755 5.637182
756 5.652340
757 5.646433
758 5.643008
759 5.651040
760 5.670078
761 5.683576
762 5.687668
763 5.698621
764 5.698406
765 5.702468
766 5.715477
767 5.723200
768 5.714953
769 5.707643
770 5.711133
771 5.724131
772 5.705481
773 5.700112
774 5.707516
775 5.707797
776 5.707429
777 5.692206
778 5.700033
779 5.721995
780 5.731514
781 5.735695
782 5.726102
783 5.733785
784 5.737706
785 5.737666
786 5.733579
787 5.734764
788 5.730098
789 5.717233
790 5.737417
791 5.745174
792 5.745053
793 5.743039
794 5.736834
795 5.757670
796 5.763390
797 5.782271
798 5.776645
799 5.772591
800 5.764894
801 5.758893
802 5.768585
803 5.777169
804 5.785090
805 5.781221
806 5.760272
807 5.771805
808 5.769908
809 5.779589
810 5.800089
811 5.802006
812 5.807425
813 5.812987
814 5.814645
815 5.814343
816 5.822051
817 5.830844
818 5.838149
819 5.837706
820 5.833857
821 5.835744
822 5.831598
823 5.835064
824 5.840002
825 5.839732
826 5.854665
827 5.850397
828 5.859622
829 5.863294
830 5.862888
831 5.864874
832 5.875044
833 5.878797
834 5.872588
835 5.847640
836 5.858628
837 5.866712
838 5.863906
839 5.880426
840 5.886958
841 5.874984
842 5.889508
843 5.916385
844 5.919157
845 5.930595
846 5.911921
847 5.903914
848 5.902025
849 5.909240
850 5.919192
851 5.943574
852 5.955384
853 5.976002
854 5.987304
855 5.994715
856 5.997519
857 5.996636
858 5.998781
859 5.991261
860 5.997506
861 5.986027
862 6.006615
863 6.008492
864 6.025311
865 6.009898
866 6.032688
867 6.018945
868 6.015998
869 6.027603
870 6.021856
871 6.019803
872 6.023315
873 6.027260
874 6.021997
875 6.034877
876 6.023631
877 6.021396
878 6.027144
879 6.030954
880 6.036548
881 6.033383
882 6.042850
883 6.055699
884 6.053709
885 6.053290
886 6.038411
887 6.041688
888 6.066411
889 6.060954
890 6.041741
891 6.057139
892 6.064581
893 6.068068
894 6.061925
895 6.065850
896 6.057900
897 6.067049
898 6.059373
899 6.062722
900 6.053681
901 6.055245
902 6.060751
903 6.062884
904 6.063180
905 6.057050
906 6.066752
907 6.076033
908 6.064658
909 6.064572
910 6.067360
911 6.072818
912 6.066310
913 6.064756
914 6.058889
915 6.063321
916 6.062950
917 6.078644
918 6.089816
919 6.090951
920 6.087373
921 6.084827
922 6.093329
923 6.093173
924 6.090794
925 6.094366
926 6.111304
927 6.114507
928 6.123544
929 6.135012
930 6.165018
931 6.161427
932 6.170800
933 6.170899
934 6.162833
935 6.157028
936 6.164774
937 6.159400
938 6.154343
939 6.149164
940 6.148666
941 6.147558
942 6.146697
943 6.150158
944 6.168966
945 6.171105
946 6.178663
947 6.183992
948 6.203288
949 6.214681
950 6.221266
951 6.221766
952 6.223718
953 6.214136
954 6.208226
955 6.215920
956 6.242586
957 6.240004
958 6.231920
959 6.224250
960 6.231415
961 6.244146
962 6.243673
963 6.258871
964 6.257232
965 6.260680
966 6.272643
967 6.286014
968 6.299939
969 6.290444
970 6.291675
971 6.288621
972 6.291801
973 6.284044
974 6.318261
975 6.322687
976 6.312194
977 6.310400
978 6.311856
979 6.325106
980 6.330204
981 6.307764
982 6.313856
983 6.313909
984 6.313832
985 6.311581
986 6.318822
987 6.324256
988 6.318175
989 6.314166
990 6.327635
991 6.317863
992 6.319589
993 6.323970
994 6.323650
995 6.348687
996 6.361970
997 6.366021
998 6.361949
999 6.369490
1000 6.386074
1001 6.371510
1002 6.378537
1003 6.384767
1004 6.386786
1005 6.381320
1006 6.396136
1007 6.405381
1008 6.428169
1009 6.409090
1010 6.417235
1011 6.411730
1012 6.406347
1013 6.409518
1014 6.424692
1015 6.418251
1016 6.429788
1017 6.435519
1018 6.443427
1019 6.446683
1020 6.454437
1021 6.450281
1022 6.457739
1023 6.464860
1024 6.467796
1025 6.448915
1026 6.459558
1027 6.472249
1028 6.475139
1029 6.488343
1030 6.486966
1031 6.481383
1032 6.471607
1033 6.469126
1034 6.478693
1035 6.490944
1036 6.467943
1037 6.471404
1038 6.481080
1039 6.467249
1040 6.478669
1041 6.467504
1042 6.483817
1043 6.476397
1044 6.491810
1045 6.503770
1046 6.498232
1047 6.509192
1048 6.527709
1049 6.526498
1050 6.528093
1051 6.543189
1052 6.550393
1053 6.563917
1054 6.576748
1055 6.590381
1056 6.588279
1057 6.583799
1058 6.580505
1059 6.588181
1060 6.593751
1061 6.595311
1062 6.585268
1063 6.592181
1064 6.594351
1065 6.598096
1066 6.593948
1067 6.596677
1068 6.602448
1069 6.608496
1070 6.602805
1071 6.589585
1072 6.608730
1073 6.610983
1074 6.626105
1075 6.608947
1076 6.623968
1077 6.618966
1078 6.614754
1079 6.601549
1080 6.598905
1081 6.589042
1082 6.595011
1083 6.601090
1084 6.589291
1085 6.596919
1086 6.613412
1087 6.619421
1088 6.613785
1089 6.605919
1090 6.603872
1091 6.622287
1092 6.632634
1093 6.623936
1094 6.623627
1095 6.642130
1096 6.644773
1097 6.629593
1098 6.647780
1099 6.651651
1100 6.650702
1101 6.647618
1102 6.641907
1103 6.647963
1104 6.657586
1105 6.651651
1106 6.659364
1107 6.665031
1108 6.656760
1109 6.666075
1110 6.676538
1111 6.680019
1112 6.677765
1113 6.669731
1114 6.665192
1115 6.653874
1116 6.674902
1117 6.681967
1118 6.691329
1119 6.687633
1120 6.689650
1121 6.687268
1122 6.684771
1123 6.699272
1124 6.700970
1125 6.701855
1126 6.711539
1127 6.713076
1128 6.717056
1129 6.706094
1130 6.721513
1131 6.734817
1132 6.737841
1133 6.762155
1134 6.775011
1135 6.780892
1136 6.780240
1137 6.789689
1138 6.806458
1139 6.815990
1140 6.821601
1141 6.818912
1142 6.836608
1143 6.833406
1144 6.827959
1145 6.829760
1146 6.833843
1147 6.843192
1148 6.838991
1149 6.827174
1150 6.828716
1151 6.829484
1152 6.825244
1153 6.834886
1154 6.838513
1155 6.828235
1156 6.824045
1157 6.835934
1158 6.860640
1159 6.850705
1160 6.875079
1161 6.875588
1162 6.877639
1163 6.883819
1164 6.890143
1165 6.891152
1166 6.900965
1167 6.900862
1168 6.919091
1169 6.889576
1170 6.882588
1171 6.888056
1172 6.895146
1173 6.896535
1174 6.908227
1175 6.919171
1176 6.911737
1177 6.898099
1178 6.896576
1179 6.893320
1180 6.893931
1181 6.889862
1182 6.895404
1183 6.912018
1184 6.921222
1185 6.917629
1186 6.924912
1187 6.898649
1188 6.887621
1189 6.887006
1190 6.884787
1191 6.902505
1192 6.900277
1193 6.883860
1194 6.890399
1195 6.890073
1196 6.890221
1197 6.900041
1198 6.917008
1199 6.926560
1200 6.927027
1201 6.934303
1202 6.926577
1203 6.941724
1204 6.961848
1205 6.962394
1206 6.952492
1207 6.957519
1208 6.947842
1209 6.955722
1210 6.962775
1211 6.967768
1212 6.960029
1213 6.965091
1214 6.978086
1215 6.981108
1216 6.982899
1217 6.980986
1218 6.973799
1219 6.960290
1220 6.965588
1221 6.969382
1222 6.952024
1223 6.965272
1224 6.966735
1225 6.976344
1226 6.970444
1227 6.972893
1228 6.954517
1229 6.955995
1230 6.947951
1231 6.943202
1232 6.952828
1233 6.971973
1234 6.992180
1235 7.006642
1236 7.010393
1237 7.021462
1238 7.005764
1239 7.020755
1240 7.026539
1241 7.034824
1242 7.039049
1243 7.044659
1244 7.053268
1245 7.064348
1246 7.073286
1247 7.069540
1248 7.077435
1249 7.083158
1250 7.097843
1251 7.095796
1252 7.106720
1253 7.110634
1254 7.113702
1255 7.134629
1256 7.129760
1257 7.120237
1258 7.127640
1259 7.137744
1260 7.120383
1261 7.112751
1262 7.093996
1263 7.096104
1264 7.091584
1265 7.081761
1266 7.094020
1267 7.097586
1268 7.085050
1269 7.094813
1270 7.113154
1271 7.126314
1272 7.141196
1273 7.157847
1274 7.168637
1275 7.176141
1276 7.170618
1277 7.163337
1278 7.166031
1279 7.157072
1280 7.153383
1281 7.146234
1282 7.146080
1283 7.153121
1284 7.164487
1285 7.179538
1286 7.186881
1287 7.207449
1288 7.224112
1289 7.234954
1290 7.219877
1291 7.213901
1292 7.212013
1293 7.215666
1294 7.211823
1295 7.222870
1296 7.207859
1297 7.204747
1298 7.207251
1299 7.216694
1300 7.218673
1301 7.224345
1302 7.206026
1303 7.202991
1304 7.208857
1305 7.212137
1306 7.195325
1307 7.202670
1308 7.205068
1309 7.213916
1310 7.210478
1311 7.227493
1312 7.222923
1313 7.236194
1314 7.223634
1315 7.223643
1316 7.228993
1317 7.212179
1318 7.210699
1319 7.207961
1320 7.207028
1321 7.188179
1322 7.198813
1323 7.189062
1324 7.193765
1325 7.186536
1326 7.191902
1327 7.206975
1328 7.205150
1329 7.198231
1330 7.195933
1331 7.186326
1332 7.191600
1333 7.196431
1334 7.199730
1335 7.216241
1336 7.232738
1337 7.240000
1338 7.253013
1339 7.241695
1340 7.254739
1341 7.267650
1342 7.271228
1343 7.283947
1344 7.296806
1345 7.314558
1346 7.329233
1347 7.308445
1348 7.313402
1349 7.316581
1350 7.322757
1351 7.341974
1352 7.345450
1353 7.345294
1354 7.365414
1355 7.371423
1356 7.363722
1357 7.363747
1358 7.379085
1359 7.384906
1360 7.381511
1361 7.364839
1362 7.357125
1363 7.365973
1364 7.337376
1365 7.356385
1366 7.369139
1367 7.356682
1368 7.353132
1369 7.356381
1370 7.350697
1371 7.356409
1372 7.365442
1373 7.368855
1374 7.374293
1375 7.359102
1376 7.385255
1377 7.376307
1378 7.380670
1379 7.374988
1380 7.352551
1381 7.345511
1382 7.353571
1383 7.351811
1384 7.356283
1385 7.360417
1386 7.374027
1387 7.370293
1388 7.371797
1389 7.358907
1390 7.374883
1391 7.374722
1392 7.372709
1393 7.377313
1394 7.386811
1395 7.396814
1396 7.402308
1397 7.391170
1398 7.405481
1399 7.393765
1400 7.398324
1401 7.417978
1402 7.408988
1403 7.422014
1404 7.412001
1405 7.428794
1406 7.421875
1407 7.425322
1408 7.429352
1409 7.430126
1410 7.445256
1411 7.448632
1412 7.453740
1413 7.455594
1414 7.454422
1415 7.443027
1416 7.441096
1417 7.437972
1418 7.455920
1419 7.457003
1420 7.466494
1421 7.463555
1422 7.454100
1423 7.450939
1424 7.444067
1425 7.411067
1426 7.422221
1427 7.430328
1428 7.450284
1429 7.449666
1430 7.445158
1431 7.449638
1432 7.451454
1433 7.447616
1434 7.445190
1435 7.433097
1436 7.433662
1437 7.431736
1438 7.422820
1439 7.422620
1440 7.425043
1441 7.455007
1442 7.436142
1443 7.429499
1444 7.432662
1445 7.433941
1446 7.439198
1447 7.423494
1448 7.432997
1449 7.442845
1450 7.437174
1451 7.437499
1452 7.439948
1453 7.423351
1454 7.428791
1455 7.438809
1456 7.448423
1457 7.442901
1458 7.461444
1459 7.461660
1460 7.454765
1461 7.463203
1462 7.440295
1463 7.439865
1464 7.437329
1465 7.448007
1466 7.455997
1467 7.461560
1468 7.480047
1469 7.479984
1470 7.473553
1471 7.471589
1472 7.485822
1473 7.483775
1474 7.481230
1475 7.488604
1476 7.503439
1477 7.520348
1478 7.521667
1479 7.541888
1480 7.544778
1481 7.549172
1482 7.558342
1483 7.572016
1484 7.580821
1485 7.592832
1486 7.607870
1487 7.605106
1488 7.615579
1489 7.630123
1490 7.654600
1491 7.653833
1492 7.649256
1493 7.661205
1494 7.660650
1495 7.663116
1496 7.668498
1497 7.667603
1498 7.668506
1499 7.662789
1500 7.660603
1501 7.668118
1502 7.667566
1503 7.680582
1504 7.661612
1505 7.661634
1506 7.655094
1507 7.658542
1508 7.660797
1509 7.659334
1510 7.661049
1511 7.679678
1512 7.672071
1513 7.683830
1514 7.679331
1515 7.682677
1516 7.697883
1517 7.709259
1518 7.713931
1519 7.727032
1520 7.713669
1521 7.700210
1522 7.694585
1523 7.689721
1524 7.686104
1525 7.676474
1526 7.692019
1527 7.692278
1528 7.697463
1529 7.695542
1530 7.690059
1531 7.691738
1532 7.669064
1533 7.661058
1534 7.645573
1535 7.653456
1536 7.661275
1537 7.649573
1538 7.671876
1539 7.672053
1540 7.653464
1541 7.675610
1542 7.666187
1543 7.656996
1544 7.674074
1545 7.669540
1546 7.651338
1547 7.630655
1548 7.624566
1549 7.635501
1550 7.624507
1551 7.617686
1552 7.615967
1553 7.625482
1554 7.638678
1555 7.651982
1556 7.656577
1557 7.656068
1558 7.651935
1559 7.659580
1560 7.658138
1561 7.659194
1562 7.654274
1563 7.668786
1564 7.679973
1565 7.681047
1566 7.700023
1567 7.714134
1568 7.728009
1569 7.738695
1570 7.756716
1571 7.763748
1572 7.771345
1573 7.768469
1574 7.778566
1575 7.767407
1576 7.786229
1577 7.806724
1578 7.819242
1579 7.808145
1580 7.821338
1581 7.826811
1582 7.834741
1583 7.836983
1584 7.844895
1585 7.844794
1586 7.836039
1587 7.832516
1588 7.830770
1589 7.846090
1590 7.848490
1591 7.849792
1592 7.858447
1593 7.862434
1594 7.884462
1595 7.862579
1596 7.865470
1597 7.855818
1598 7.865067
1599 7.883556
1600 7.903840
1601 7.901207
1602 7.906454
1603 7.896519
1604 7.910598
1605 7.908504
1606 7.900558
1607 7.900225
1608 7.893217
1609 7.891072
1610 7.890780
1611 7.900243
1612 7.911105
1613 7.910683
1614 7.907872
1615 7.913292
1616 7.909387
1617 7.906962
1618 7.910538
1619 7.925948
1620 7.936519
1621 7.938564
1622 7.941940
1623 7.962338
1624 7.958609
1625 7.966388
1626 7.956743
1627 7.980226
1628 7.985695
1629 7.991148
1630 7.999946
1631 8.008557
1632 8.012467
1633 8.000827
1634 8.007967
1635 8.019245
1636 8.012917
1637 8.019455
1638 8.026659
1639 8.014492
1640 7.998595
1641 8.011273
1642 7.997759
1643 7.990735
1644 7.979458
1645 7.978142
1646 7.981906
1647 7.989728
1648 7.995335
1649 8.011775
1650 8.017197
1651 8.017657
1652 8.007386
1653 8.001953
1654 7.996775
1655 7.992079
1656 7.996201
1657 7.989429
1658 7.981333
1659 7.985024
1660 7.996250
1661 8.005521
1662 8.005063
1663 8.010516
1664 8.029064
1665 8.026353
1666 8.018593
1667 8.028082
1668 8.027603
1669 8.031886
1670 8.039257
1671 8.037317
1672 8.048134
1673 8.052287
1674 8.040314
1675 8.047142
1676 8.036765
1677 8.041943
1678 8.032942
1679 8.042265
1680 8.038815
1681 8.041172
1682 8.048019
1683 8.044921
1684 8.041107
1685 8.046944
1686 8.042623
1687 8.049999
1688 8.064791
1689 8.072776
1690 8.079853
1691 8.079306
1692 8.088854
1693 8.082245
1694 8.096082
1695 8.102960
1696 8.090215
1697 8.090260
1698 8.087379
1699 8.100440
1700 8.117472
1701 8.108180
1702 8.109225
1703 8.119339
1704 8.124808
1705 8.142512
1706 8.135178
1707 8.155423
1708 8.151746
1709 8.149236
1710 8.164065
1711 8.178379
1712 8.171864
1713 8.171942
1714 8.180867
1715 8.168232
1716 8.163008
1717 8.154761
1718 8.163762
1719 8.158690
1720 8.144609
1721 8.156289
1722 8.163694
1723 8.171674
1724 8.166131
1725 8.164335
1726 8.169931
1727 8.173654
1728 8.170672
1729 8.178070
1730 8.176746
1731 8.202212
1732 8.205270
1733 8.221790
1734 8.226567
1735 8.228739
1736 8.237898
1737 8.232704
1738 8.240036
1739 8.240773
1740 8.238332
1741 8.250193
1742 8.246106
1743 8.252223
1744 8.256639
1745 8.242855
1746 8.232737
1747 8.227651
1748 8.228293
1749 8.240391
1750 8.252297
1751 8.267104
1752 8.269607
1753 8.259427
1754 8.252327
1755 8.256562
1756 8.264102
1757 8.268065
1758 8.269549
1759 8.282832
1760 8.292110
1761 8.285646
1762 8.273148
1763 8.258032
1764 8.259490
1765 8.250359
1766 8.255160
1767 8.277315
1768 8.281671
1769 8.285251
1770 8.300365
1771 8.303894
1772 8.307613
1773 8.306919
1774 8.319871
1775 8.313661
1776 8.300185
1777 8.297737
1778 8.321658
1779 8.337991
1780 8.349043
1781 8.350569
1782 8.361779
1783 8.352855
1784 8.359719
1785 8.350219
1786 8.350334
1787 8.334604
1788 8.334840
1789 8.352243
1790 8.345160
1791 8.337815
1792 8.342321
1793 8.341711
1794 8.332180
1795 8.348489
1796 8.349540
1797 8.355888
1798 8.353314
1799 8.360466
1800 8.359000
1801 8.357255
1802 8.362539
1803 8.385744
1804 8.385889
1805 8.388297
1806 8.386578
1807 8.375307
1808 8.386367
1809 8.387228
1810 8.380313
1811 8.373953
1812 8.371854
1813 8.391468
1814 8.394905
1815 8.396560
1816 8.385936
1817 8.391602
1818 8.408362
1819 8.399693
1820 8.398781
1821 8.385995
1822 8.389632
1823 8.409638
1824 8.413049
1825 8.420235
1826 8.430155
1827 8.445333
1828 8.448622
1829 8.453611
1830 8.446588
1831 8.446766
1832 8.448253
1833 8.454292
1834 8.452280
1835 8.468722
1836 8.473002
1837 8.485575
1838 8.493147
1839 8.490149
1840 8.496778
1841 8.484085
1842 8.494568
1843 8.485217
1844 8.487015
1845 8.503530
1846 8.494680
1847 8.494955
1848 8.490903
1849 8.482744
1850 8.484544
1851 8.477484
1852 8.485161
1853 8.468833
1854 8.475758
1855 8.479689
1856 8.472482
1857 8.464900
1858 8.477203
1859 8.479277
1860 8.475418
1861 8.477039
1862 8.483078
1863 8.488768
1864 8.483978
1865 8.476209
1866 8.468471
1867 8.473651
1868 8.468015
1869 8.461487
1870 8.469844
1871 8.473267
1872 8.486212
1873 8.504344
1874 8.521129
1875 8.537406
1876 8.548809
1877 8.543796
1878 8.541817
1879 8.551816
1880 8.566517
1881 8.566570
1882 8.577699
1883 8.566879
1884 8.567088
1885 8.552693
1886 8.554240
1887 8.564944
1888 8.559498
1889 8.566152
1890 8.570611
1891 8.572568
1892 8.586645
1893 8.599058
1894 8.614456
1895 8.595179
1896 8.605903
1897 8.624221
1898 8.631010
1899 8.623351
1900 8.637402
1901 8.643358
1902 8.629649
1903 8.628028
1904 8.619268
1905 8.611229
1906 8.608112
1907 8.617392
1908 8.610265
1909 8.603140
1910 8.594988
1911 8.597251
1912 8.585703
1913 8.585756
1914 8.587062
1915 8.596721
1916 8.600935
1917 8.601132
1918 8.610888
1919 8.604450
1920 8.591937
1921 8.606471
1922 8.608018
1923 8.618576
1924 8.616916
1925 8.605801
1926 8.593799
1927 8.595256
1928 8.584426
1929 8.592429
1930 8.597127
1931 8.595850
1932 8.598164
1933 8.608040
1934 8.601240
1935 8.608962
1936 8.614528
1937 8.613558
1938 8.619878
1939 8.618010
1940 8.624331
1941 8.631831
1942 8.638207
1943 8.649129
1944 8.636027
1945 8.623908
1946 8.622062
1947 8.621668
1948 8.620749
1949 8.613449
1950 8.624982
1951 8.615250
1952 8.626099
1953 8.636885
1954 8.634735
1955 8.624364
1956 8.621532
1957 8.618274
1958 8.616480
1959 8.618322
1960 8.622148
1961 8.618716
1962 8.611091
1963 8.626270
1964 8.625917
1965 8.655383
1966 8.652563
1967 8.667334
1968 8.670553
1969 8.672483
1970 8.673672
1971 8.665715
1972 8.644362
1973 8.647300
1974 8.648118
1975 8.657640
1976 8.674095
1977 8.669840
1978 8.669243
1979 8.659636
1980 8.660801
1981 8.643278
1982 8.631612
1983 8.640779
1984 8.628074
1985 8.639132
1986 8.632427
1987 8.637659
1988 8.649460
1989 8.658662
1990 8.663178
1991 8.663917
1992 8.670126
1993 8.669848
1994 8.661954
1995 8.661369
1996 8.660996
1997 8.655703
1998 8.664720
1999 8.680350
2000 8.680967
2001 8.691590
2002 8.686576
2003 8.696184
2004 8.705133
2005 8.699164
2006 8.704213
2007 8.694378
2008 8.688659
2009 8.705654
2010 8.715606
2011 8.728757
2012 8.737665
2013 8.746254
2014 8.749801
2015 8.767789
2016 8.767381
2017 8.768318
2018 8.785682
2019 8.775790
2020 8.759476
2021 8.757962
2022 8.752010
2023 8.759696
2024 8.757699
2025 8.744712
2026 8.746000
2027 8.763049
2028 8.770746
2029 8.775701
2030 8.781822
2031 8.803274
2032 8.799372
2033 8.798507
2034 8.819770
2035 8.822026
2036 8.819744
2037 8.827228
2038 8.834133
2039 8.837690
2040 8.837418
2041 8.833380
2042 8.831872
2043 8.821880
2044 8.827045
2045 8.835181
2046 8.844749
2047 8.836736
2048 8.840797
2049 8.826502
2050 8.814275
2051 8.821260
2052 8.818491
2053 8.821151
2054 8.810509
2055 8.824925
2056 8.832083
2057 8.855519
2058 8.868575
2059 8.863915
2060 8.874452
2061 8.869785
2062 8.875406
2063 8.863255
2064 8.866916
2065 8.870729
2066 8.883730
2067 8.878304
2068 8.872406
2069 8.870647
2070 8.874447
2071 8.911165
2072 8.919050
2073 8.910838
2074 8.902984
2075 8.913155
2076 8.912769
2077 8.914208
2078 8.905876
2079 8.907087
2080 8.907102
2081 8.916403
2082 8.918575
2083 8.924286
2084 8.932969
2085 8.921755
2086 8.919433
2087 8.919044
2088 8.922264
2089 8.926618
2090 8.931591
2091 8.932852
2092 8.920099
2093 8.931872
2094 8.924771
2095 8.922835
2096 8.909917
2097 8.912348
2098 8.906035
2099 8.898302
2100 8.880495
2101 8.875675
2102 8.882639
2103 8.900888
2104 8.909533
2105 8.904297
2106 8.913602
2107 8.907631
2108 8.911407
2109 8.915710
2110 8.918429
2111 8.908586
2112 8.918007
2113 8.933207
2114 8.947764
2115 8.962563
2116 8.958797
2117 8.968304
2118 8.971604
2119 8.967200
2120 8.970613
2121 8.975897
2122 8.981412
2123 8.982034
2124 8.988835
2125 9.008662
2126 9.020238
2127 9.025247
2128 9.034515
2129 9.024189
2130 9.043361
2131 9.036103
2132 9.036967
2133 9.042788
2134 9.049710
2135 9.045698
2136 9.053036
2137 9.046371
2138 9.051798
2139 9.056870
2140 9.057073
2141 9.062349
2142 9.067672
2143 9.078140
2144 9.082042
2145 9.078209
2146 9.097045
2147 9.104920
2148 9.106286
2149 9.088639
2150 9.102318
2151 9.119319
2152 9.121682
2153 9.128973
2154 9.136744
2155 9.142248
2156 9.161380
2157 9.161468
2158 9.163613
2159 9.144871
2160 9.160290
2161 9.157876
2162 9.155084
2163 9.160429
2164 9.167200
2165 9.170878
2166 9.149456
2167 9.141742
2168 9.146775
2169 9.150416
2170 9.153172
2171 9.167632
2172 9.174563
2173 9.172690
2174 9.161175
2175 9.146828
2176 9.132437
2177 9.128745
2178 9.134077
2179 9.142141
2180 9.153249
2181 9.141261
2182 9.130398
2183 9.131393
2184 9.127667
2185 9.128762
2186 9.145832
2187 9.152728
2188 9.151023
2189 9.172079
2190 9.174854
2191 9.194358
2192 9.188454
2193 9.194290
2194 9.186907
2195 9.202589
2196 9.218895
2197 9.210447
2198 9.208478
2199 9.212336
2200 9.198917
2201 9.196060
2202 9.194812
2203 9.187858
2204 9.188305
2205 9.192310
2206 9.205416
2207 9.210101
2208 9.214319
2209 9.219738
2210 9.222450
2211 9.218979
2212 9.219065
2213 9.237387
2214 9.245449
2215 9.241206
2216 9.246165
2217 9.250118
2218 9.243007
2219 9.218159
2220 9.213695
2221 9.225242
2222 9.230869
2223 9.243788
2224 9.250984
2225 9.237071
2226 9.240123
2227 9.239608
2228 9.244428
2229 9.250042
2230 9.225405
2231 9.221841
2232 9.230431
2233 9.229805
2234 9.216796
2235 9.217011
2236 9.205298
2237 9.217331
2238 9.227910
2239 9.222082
2240 9.227977
2241 9.233081
2242 9.242957
2243 9.250141
2244 9.260370
2245 9.276139
2246 9.277066
2247 9.273179
2248 9.262428
2249 9.248817
2250 9.256092
2251 9.257562
2252 9.252417
2253 9.256456
2254 9.250599
2255 9.258215
2256 9.263349
2257 9.260059
2258 9.261587
2259 9.265522
2260 9.285891
2261 9.287863
2262 9.281162
2263 9.271974
2264 9.277337
2265 9.270365
2266 9.270010
2267 9.277647
2268 9.283257
2269 9.271501
2270 9.288262
2271 9.301144
2272 9.313645
2273 9.314065
2274 9.304972
2275 9.310748
2276 9.302053
2277 9.321597
2278 9.310182
2279 9.315790
2280 9.313079
2281 9.307096
2282 9.294125
2283 9.296286
2284 9.293436
2285 9.286913
2286 9.292763
2287 9.273139
2288 9.276768
2289 9.282109
2290 9.289520
2291 9.276543
2292 9.278992
2293 9.297168
2294 9.303275
2295 9.310568
2296 9.311710
2297 9.315412
2298 9.316706
2299 9.327500
2300 9.322321
2301 9.337710
2302 9.343841
2303 9.346276
2304 9.333460
2305 9.319452
2306 9.327853
2307 9.340792
2308 9.343250
2309 9.373167
2310 9.389837
2311 9.377013
2312 9.391527
2313 9.393956
2314 9.399195
2315 9.397878
2316 9.390933
2317 9.376488
2318 9.378731
2319 9.379155
2320 9.374986
2321 9.387762
2322 9.390030
2323 9.367754
2324 9.363119
2325 9.374420
2326 9.381559
2327 9.387190
2328 9.394533
2329 9.383500
2330 9.382696
2331 9.375969
2332 9.385777
2333 9.378600
2334 9.374634
2335 9.389618
2336 9.398608
2337 9.394287
2338 9.375761
2339 9.383018
2340 9.380585
2341 9.388901
2342 9.395773
2343 9.402751
2344 9.393020
2345 9.410451
2346 9.424419
2347 9.424120
2348 9.411337
2349 9.415909
2350 9.410036
2351 9.396311
2352 9.394819
2353 9.382742
2354 9.386379
2355 9.372720
2356 9.393545
2357 9.387803
2358 9.411663
2359 9.422947
2360 9.421286
2361 9.414203
2362 9.423233
2363 9.432838
2364 9.437651
2365 9.440077
2366 9.459464
2367 9.453428
2368 9.461245
2369 9.465526
2370 9.455649
2371 9.462162
2372 9.467958
2373 9.484634
2374 9.487871
2375 9.497055
2376 9.501096
2377 9.506979
2378 9.517465
2379 9.518685
2380 9.534860
2381 9.538294
2382 9.540516
2383 9.524796
2384 9.508009
2385 9.520204
2386 9.529463
2387 9.538078
2388 9.534319
2389 9.532682
2390 9.552312
2391 9.549076
2392 9.535674
2393 9.555900
2394 9.554447
2395 9.560448
2396 9.573610
2397 9.596965
2398 9.624590
2399 9.641457
2400 9.642328
2401 9.651713
2402 9.655167
2403 9.657029
2404 9.658600
2405 9.657759
2406 9.666417
2407 9.671535
2408 9.665938
2409 9.669548
2410 9.663528
2411 9.652941
2412 9.643256
2413 9.657493
2414 9.662880
2415 9.673255
2416 9.683402
2417 9.693591
2418 9.681982
2419 9.680918
2420 9.684759
2421 9.672989
2422 9.675672
2423 9.663893
2424 9.674820
2425 9.673452
2426 9.669615
2427 9.680732
2428 9.685170
2429 9.686008
2430 9.686130
2431 9.685017
2432 9.690555
2433 9.676769
2434 9.684521
2435 9.671087
2436 9.671678
2437 9.676999
2438 9.680468
2439 9.693245
2440 9.675590
2441 9.688898
2442 9.690747
2443 9.700174
2444 9.706974
2445 9.710697
2446 9.714364
2447 9.724367
2448 9.728921
2449 9.730262
2450 9.742955
2451 9.732283
2452 9.746586
2453 9.762740
2454 9.766773
2455 9.766437
2456 9.766106
2457 9.775843
2458 9.778564
2459 9.787287
2460 9.796419
2461 9.782510
2462 9.765980
2463 9.769487
2464 9.758690
2465 9.768174
2466 9.756821
2467 9.761964
2468 9.753993
2469 9.743468
2470 9.738800
2471 9.735591
2472 9.738697
2473 9.738978
2474 9.735648
2475 9.736588
2476 9.734452
2477 9.738913
2478 9.742828
2479 9.750380
2480 9.749559
2481 9.750510
2482 9.749243
2483 9.743472
2484 9.740088
2485 9.729213
2486 9.738896
2487 9.745907
2488 9.758482
2489 9.760720
2490 9.753641
2491 9.757459
2492 9.762948
2493 9.758517
2494 9.775867
2495 9.761547
2496 9.761324
2497 9.770092
2498 9.771269
2499 9.781542
2500 9.776392
2501 9.771589
2502 9.782249
2503 9.806060
2504 9.792100
2505 9.780990
2506 9.786318
2507 9.788590
2508 9.767207
2509 9.767183
2510 9.761262
2511 9.766081
2512 9.781989
2513 9.781532
2514 9.768414
2515 9.777700
2516 9.791127
2517 9.809305
2518 9.820467
2519 9.815247
2520 9.830343
2521 9.848855
2522 9.843045
2523 9.851877
2524 9.851475
2525 9.861125
2526 9.861812
2527 9.860245
2528 9.848381
2529 9.845113
2530 9.838929
2531 9.820372
2532 9.816948
2533 9.813420
2534 9.812261
2535 9.810396
2536 9.821127
2537 9.838944
2538 9.835805
2539 9.838039
2540 9.852368
2541 9.854401
2542 9.854535
2543 9.854120
2544 9.853079
2545 9.839146
2546 9.850182
2547 9.832912
2548 9.827922
2549 9.841464
2550 9.861654
2551 9.873306
2552 9.877117
2553 9.871005
2554 9.877082
2555 9.874845
2556 9.893479
2557 9.898360
2558 9.897760
2559 9.890515
2560 9.890104
2561 9.892678
2562 9.885993
2563 9.897043
2564 9.901046
2565 9.896085
2566 9.899742
2567 9.904293
2568 9.914659
2569 9.920874
2570 9.917959
2571 9.918549
2572 9.916432
2573 9.919055
2574 9.912793
2575 9.906430
2576 9.906335
2577 9.904225
2578 9.905709
2579 9.910537
2580 9.912475
2581 9.905496
2582 9.917892
2583 9.917823
2584 9.915427
2585 9.914980
2586 9.909094
2587 9.895206
2588 9.908743
2589 9.909288
2590 9.910453
2591 9.903096
2592 9.909865
2593 9.905734
2594 9.913219
2595 9.909665
2596 9.927040
2597 9.921305
2598 9.917311
2599 9.926715
2600 9.921649
2601 9.929135
2602 9.931674
2603 9.931252
2604 9.943287
2605 9.946464
2606 9.948594
2607 9.943180
2608 9.952792
2609 9.969074
2610 9.980977
2611 9.994082
2612 9.995773
2613 10.009115
2614 10.016400
2615 10.012913
2616 10.016694
2617 10.012261
2618 10.003232
2619 10.009547
2620 10.008691
2621 10.013658
2622 10.010496
2623 10.005804
2624 10.005430
2625 10.020200
2626 10.020129
2627 10.019981
2628 10.017306
2629 10.013164
2630 10.012701
2631 10.032208
2632 10.038511
2633 10.036164
2634 10.046237
2635 10.056639
2636 10.060425
2637 10.056749
2638 10.039864
2639 10.045129
2640 10.050578
2641 10.043725
2642 10.046818
2643 10.046529
2644 10.043842
2645 10.040563
2646 10.043123
2647 10.052144
2648 10.052259
2649 10.067014
2650 10.082315
2651 10.091657
2652 10.100234
2653 10.112031
2654 10.126038
2655 10.138648
2656 10.146372
2657 10.147941
2658 10.165581
2659 10.168968
2660 10.161977
2661 10.161109
2662 10.161469
2663 10.171309
2664 10.168772
2665 10.181459
2666 10.191085
2667 10.196037
2668 10.205564
2669 10.211180
2670 10.201416
2671 10.199577
2672 10.205003
2673 10.191679
2674 10.196899
2675 10.201089
2676 10.204520
2677 10.212653
2678 10.207403
2679 10.212286
2680 10.208589
2681 10.200291
2682 10.200657
2683 10.204086
2684 10.219887
2685 10.230961
2686 10.233013
2687 10.228414
2688 10.227894
2689 10.222414
2690 10.213593
2691 10.209010
2692 10.212567
2693 10.222885
2694 10.232459
2695 10.223588
2696 10.212930
2697 10.211238
2698 10.214941
2699 10.216359
2700 10.224569
2701 10.240192
2702 10.247158
2703 10.248403
2704 10.247010
2705 10.246432
2706 10.258379
2707 10.245192
2708 10.245254
2709 10.226235
2710 10.216372
2711 10.200491
2712 10.204248
2713 10.221451
2714 10.222034
2715 10.228064
2716 10.238675
2717 10.242065
2718 10.231501
2719 10.226290
2720 10.240340
2721 10.246919
2722 10.254906
2723 10.244704
2724 10.238239
2725 10.231702
2726 10.232007
2727 10.228224
2728 10.223246
2729 10.207356
2730 10.209174
2731 10.205696
2732 10.203508
2733 10.207567
2734 10.216629
2735 10.213086
2736 10.212132
2737 10.223013
2738 10.230033
2739 10.228419
2740 10.225442
2741 10.221879
2742 10.214856
2743 10.219717
2744 10.225084
2745 10.231028
2746 10.235353
2747 10.237674
2748 10.228362
2749 10.220069
2750 10.215832
2751 10.219552
2752 10.223917
2753 10.229802
2754 10.236287
2755 10.240917
2756 10.240393
2757 10.239147
2758 10.252239
2759 10.259217
2760 10.263928
2761 10.266656
2762 10.268333
2763 10.281008
2764 10.276276
2765 10.289005
2766 10.286734
2767 10.290546
2768 10.285825
2769 10.283617
2770 10.293609
2771 10.285902
2772 10.283960
2773 10.284594
2774 10.297461
2775 10.299949
2776 10.304930
2777 10.304034
2778 10.303826
2779 10.301855
2780 10.307010
2781 10.313911
2782 10.328881
2783 10.328039
2784 10.332766
2785 10.333299
2786 10.350379
2787 10.354831
2788 10.355274
2789 10.356544
2790 10.359499
2791 10.352229
2792 10.373371
2793 10.380531
2794 10.384580
2795 10.381354
2796 10.371572
2797 10.378336
2798 10.381213
2799 10.372322
2800 10.374995
2801 10.381145
2802 10.374800
2803 10.374094
2804 10.371015
2805 10.366800
2806 10.374962
2807 10.373526
2808 10.371441
2809 10.382117
2810 10.371451
2811 10.381457
2812 10.397822
2813 10.402716
2814 10.398159
2815 10.401226
2816 10.403409
2817 10.411537
2818 10.418023
2819 10.417309
2820 10.426796
2821 10.420086
2822 10.418245
2823 10.420010
2824 10.413844
2825 10.397940
2826 10.382095
2827 10.387416
2828 10.401206
2829 10.405300
2830 10.418957
2831 10.414813
2832 10.414260
2833 10.406922
2834 10.402009
2835 10.398749
2836 10.391443
2837 10.397225
2838 10.398485
2839 10.399803
2840 10.393727
2841 10.390264
2842 10.403693
2843 10.400084
2844 10.399321
2845 10.412424
2846 10.395069
2847 10.391246
2848 10.410696
2849 10.422513
2850 10.415265
2851 10.402998
2852 10.398241
2853 10.405704
2854 10.423102
2855 10.432294
2856 10.429660
2857 10.435032
2858 10.450448
2859 10.454752
2860 10.453269
2861 10.457911
2862 10.468654
2863 10.472573
2864 10.455903
2865 10.461417
2866 10.476848
2867 10.466248
2868 10.467087
2869 10.474336
2870 10.495648
2871 10.490176
2872 10.489721
2873 10.488467
2874 10.477261
2875 10.470504
2876 10.467373
2877 10.465181
2878 10.463596
2879 10.466339
2880 10.469607
2881 10.475120
2882 10.466559
2883 10.467609
2884 10.468166
2885 10.457117
2886 10.446163
2887 10.453970
2888 10.451067
2889 10.452254
2890 10.460039
2891 10.474218
2892 10.493640
2893 10.493436
2894 10.512646
2895 10.528890
2896 10.542819
2897 10.554074
2898 10.531031
2899 10.536425
2900 10.536597
2901 10.531979
2902 10.533583
2903 10.520905
2904 10.530434
2905 10.527883
2906 10.543396
2907 10.553170
2908 10.546177
2909 10.546435
2910 10.549776
2911 10.537390
2912 10.549203
2913 10.545586
2914 10.556977
2915 10.565552
2916 10.567818
2917 10.583544
2918 10.585352
2919 10.597992
2920 10.599559
2921 10.600299
2922 10.582154
2923 10.577829
2924 10.589956
2925 10.596498
2926 10.591186
2927 10.588543
2928 10.593628
2929 10.595160
2930 10.598214
2931 10.594541
2932 10.594303
2933 10.578039
2934 10.575692
2935 10.580154
2936 10.570277
2937 10.556990
2938 10.560194
2939 10.567689
2940 10.557124
2941 10.554504
2942 10.549315
2943 10.543036
2944 10.542762
2945 10.542521
2946 10.536072
2947 10.525036
2948 10.528747
2949 10.525975
2950 10.538560
2951 10.519179
2952 10.513926
2953 10.520283
2954 10.512667
2955 10.515209
2956 10.509577
2957 10.508509
2958 10.530364
2959 10.517562
2960 10.516677
2961 10.523898
2962 10.525811
2963 10.527340
2964 10.523094
2965 10.508825
2966 10.504537
2967 10.513796
2968 10.510316
2969 10.506783
2970 10.505030
2971 10.509671
2972 10.520908
2973 10.513258
2974 10.509059
2975 10.506459
2976 10.513218
2977 10.517473
2978 10.518441
2979 10.523960
2980 10.539743
2981 10.550945
2982 10.547507
2983 10.561143
2984 10.555403
2985 10.564159
2986 10.568083
2987 10.571264
2988 10.584706
2989 10.580788
2990 10.569652
2991 10.578546
2992 10.594350
2993 10.605070
2994 10.619800
2995 10.620343
2996 10.622097
2997 10.633133
2998 10.614834
2999 10.622555
