Dcm
0 0.060304
1 0.117764
2 0.175228
3 0.244190
4 0.255683
5 0.313133
6 0.359093
7 0.439471
8 0.508385
9 0.542859
10 0.600268
11 0.692041
12 0.760927
13 0.875680
14 0.944548
15 1.024890
16 1.105154
17 1.128101
18 1.219812
19 1.277109
20 1.391529
21 1.471732
22 1.506147
23 1.574856
24 1.678029
25 1.723870
26 1.838260
27 1.918451
28 1.964198
29 2.032860
30 2.124424
31 2.215905
32 2.284557
33 2.376170
34 2.467528
35 2.536122
36 2.593207
37 2.707205
38 2.787192
39 2.878707
40 2.913014
41 3.004368
42 3.072880
43 3.130122
44 3.164383
45 3.175768
46 3.255635
47 3.301238
48 3.381129
49 3.495465
50 3.575530
51 3.666861
52 3.712415
53 3.792346
54 3.872377
55 3.929457
56 3.963567
57 3.986114
58 4.122772
59 4.179524
60 4.259202
61 4.316125
62 4.361693
63 4.407507
64 4.475784
65 4.521118
66 4.578111
67 4.657702
68 4.737386
69 4.794452
70 4.862721
71 4.908142
72 4.998964
73 5.078315
74 5.169075
75 5.225788
76 5.327821
77 5.418879
78 5.464230
79 5.555189
80 5.612009
81 5.634672
82 5.725642
83 5.816190
84 5.895495
85 5.929655
86 5.975220
87 6.020648
88 6.100141
89 6.190557
90 6.270026
91 6.372014
92 6.451120
93 6.508067
94 6.587407
95 6.655361
96 6.723434
97 6.779772
98 6.836209
99 6.892586
100 6.960467
101 7.005823
102 7.039592
103 7.096464
104 7.141453
105 7.231700
106 7.322011
107 7.378261
108 7.468964
109 7.525613
110 7.627225
111 7.717316
112 7.807319
113 7.863794
114 7.943239
115 8.010806
116 8.101049
117 8.180084
118 8.225198
119 8.337088
120 8.415708
121 8.529210
122 8.585403
123 8.642090
124 8.664446
125 8.766170
126 8.855724
127 8.889571
128 8.991052
129 9.069479
130 9.103240
131 9.238525
132 9.283266
133 9.316722
134 9.339126
135 9.429197
136 9.451915
137 9.496766
138 9.519273
139 9.587243
140 9.643170
141 9.654653
142 9.766735
143 9.856418
144 9.934730
145 10.002150
146 10.013046
147 10.057896
148 10.125230
149 10.191947
150 10.225552
151 10.315322
152 10.371517
153 10.427161
154 10.505409
155 10.595279
156 10.673238
157 10.728925
158 10.784828
159 10.863463
160 10.930483
161 10.998099
162 11.077209
163 11.144529
164 11.212017
165 11.279099
166 11.346240
167 11.401923
168 11.468839
169 11.591865
170 11.625392
171 11.736885
172 11.792125
173 11.847997
174 11.903508
175 11.970939
176 12.060339
177 12.094074
178 12.161157
179 12.294995
180 12.373106
181 12.451516
182 12.563408
183 12.663262
184 12.696930
185 12.763731
186 12.796837
187 12.842239
188 12.875045
189 12.975736
190 13.052581
191 13.108421
192 13.197366
193 13.309119
194 13.409231
195 13.476889
196 13.532505
197 13.543644
198 13.587959
199 13.632855
200 13.721869
201 13.799854
202 13.922160
203 13.977271
204 14.043436
205 14.143618
206 14.222044
207 14.244278
208 14.277796
209 14.310971
210 14.366276
211 14.399846
212 14.432661
213 14.498853
214 14.610681
215 14.621232
216 14.643459
217 14.665986
218 14.732648
219 14.788715
220 14.866362
221 14.954743
222 15.033095
223 15.044474
224 15.078257
225 15.166354
226 15.221601
227 15.332177
228 15.410042
229 15.465541
230 15.509769
231 15.553452
232 15.564357
233 15.608336
234 15.686358
235 15.787045
236 15.887523
237 15.942829
238 15.986559
239 16.029064
240 16.073005
241 16.184230
242 16.240269
243 16.296039
244 16.329956
245 16.407498
246 16.529340
247 16.562145
248 16.606475
249 16.650623
250 16.728877
251 16.795507
252 16.828619
253 16.926830
254 16.959344
255 17.024587
256 17.113617
257 17.225370
258 17.258340
259 17.301218
260 17.366948
261 17.465996
262 17.498082
263 17.553506
264 17.630157
265 17.674835
266 17.740124
267 17.795078
268 17.906499
269 17.928338
270 17.972350
271 18.027711
272 18.071402
273 18.148767
274 18.214097
275 18.247299
276 18.291178
277 18.357743
278 18.379943
279 18.433923
280 18.489615
281 18.556470
282 18.656616
283 18.711384
284 18.766156
285 18.821493
286 18.887467
287 18.975176
288 19.073578
289 19.151085
290 19.205869
291 19.272432
292 19.338172
293 19.393638
294 19.493666
295 19.548580
296 19.624638
297 19.701042
298 19.744723
299 19.744729
300 19.777275
301 19.864850
302 19.908063
303 19.963892
304 20.062019
305 20.137683
306 20.236871
307 20.335913
308 20.402548
309 20.502292
310 20.580232
311 20.656615
312 20.776565
313 20.830423
314 20.884750
315 20.917605
316 20.972296
317 21.016344
318 21.037763
319 21.112435
320 21.209988
321 21.274527
322 21.274316
323 21.307474
324 21.329781
325 21.406928
326 21.484051
327 21.527927
328 21.572190
329 21.594718
330 21.658616
331 21.712302
332 21.799753
333 21.831493
334 21.886386
335 21.972151
336 22.050038
337 22.104151
338 22.157614
339 22.221865
340 22.264509
341 22.308413
342 22.394068
343 22.437021
344 22.458565
345 22.469431
346 22.512989
347 22.611683
348 22.644510
349 22.699611
350 22.818464
351 22.893109
352 22.948628
353 22.990458
354 23.088556
355 23.165375
356 23.230952
357 23.306056
358 23.413764
359 23.435120
360 23.556149
361 23.610011
362 23.664821
363 23.697822
364 23.773452
365 23.838362
366 23.916759
367 23.981367
368 24.014812
369 24.070168
370 24.111521
371 24.197375
372 24.241203
373 24.262708
374 24.379920
375 24.444621
376 24.455658
377 24.477752
378 24.552752
379 24.617241
380 24.691218
381 24.776540
382 24.830457
383 24.896321
384 24.983289
385 25.037345
386 25.113771
387 25.189269
388 25.232793
389 25.243244
390 25.261617
391 25.327186
392 25.371990
393 25.456743
394 25.521996
395 25.576554
396 25.608260
397 25.652437
398 25.739203
399 25.793515
400 25.847559
401 25.913434
402 25.946074
403 25.967724
404 26.022901
405 26.033149
406 26.087217
407 26.130357
408 26.217482
409 26.294292
410 26.370385
411 26.425424
412 26.467406
413 26.553918
414 26.609783
415 26.684082
416 26.705594
417 26.749595
418 26.771071
419 26.814642
420 26.878414
421 26.966116
422 27.042069
423 27.095791
424 27.169663
425 27.223178
426 27.299490
427 27.397580
428 27.430611
429 27.496035
430 27.624849
431 27.754164
432 27.852021
433 27.951647
434 28.046743
435 28.122771
436 28.174827
437 28.272963
438 28.315461
439 28.377902
440 28.484269
441 28.602425
442 28.644477
443 28.698249
444 28.751572
445 28.835389
446 28.931381
447 28.985895
448 29.027874
449 29.081096
450 29.092092
451 29.123932
452 29.166984
453 29.200296
454 29.255811
455 29.319658
456 29.361875
457 29.417238
458 29.449378
459 29.491771
460 29.534717
461 29.623003
462 29.633871
463 29.760836
464 29.803428
465 29.825673
466 29.921319
467 29.952755
468 30.026809
469 30.102559
470 30.113660
471 30.200664
472 30.277611
473 30.295687
474 30.361098
475 30.415581
476 30.424170
477 30.532067
478 30.563105
479 30.659526
480 30.714173
481 30.735215
482 30.799378
483 30.883823
484 30.958040
485 31.021021
486 31.042562
487 31.075523
488 31.182060
489 31.300636
490 31.354457
491 31.452482
492 31.504829
493 31.599239
494 31.631812
495 31.642526
496 31.748481
497 31.831933
498 31.875165
499 31.874920
500 31.917986
501 31.968484
502 32.012063
503 32.044630
504 32.087382
505 32.162381
506 32.173237
507 32.249410
508 32.304535
509 32.336679
510 32.388610
511 32.451070
512 32.515309
513 32.580165
514 32.666486
515 32.718054
516 32.760232
517 32.814325
518 32.887032
519 32.963212
520 33.006148
521 33.061397
522 33.135753
523 33.188962
524 33.242682
525 33.262762
526 33.301681
527 33.334049
528 33.397497
529 33.485057
530 33.538103
531 33.601482
532 33.649398
533 33.702454
534 33.744345
535 33.784178
536 33.857123
537 33.910282
538 33.998333
539 34.018364
540 34.060989
541 34.125171
542 34.177303
543 34.229290
544 34.304163
545 34.367710
546 34.378492
547 34.367249
548 34.397671
549 34.441976
550 34.484011
551 34.526113
552 34.578535
553 34.609606
554 34.714306
555 34.766357
556 34.873132
557 34.894612
558 34.999611
559 35.043084
560 35.107674
561 35.152351
562 35.249517
563 35.332437
564 35.364065
565 35.426960
566 35.447516
567 35.534285
568 35.578026
569 35.631647
570 35.652947
571 35.727066
572 35.822761
573 35.862480
574 35.905641
575 35.957797
576 35.988077
577 36.020368
578 36.095363
579 36.104877
580 36.199077
581 36.227346
582 36.330403
583 36.352539
584 36.394961
585 36.469138
586 36.544092
587 36.594613
588 36.635959
589 36.677201
590 36.737039
591 36.778345
592 36.809972
593 36.913391
594 36.986662
595 37.048999
596 37.110889
597 37.152733
598 37.236126
599 37.309279
600 37.363376
601 37.414955
602 37.467281
603 37.498533
604 37.528433
605 37.601422
606 37.630776
607 37.726349
608 37.780078
609 37.853520
610 37.906383
611 37.969944
612 37.979247
613 38.075612
614 38.149432
615 38.200426
616 38.306222
617 38.409744
618 38.452293
619 38.515515
620 38.612986
621 38.645119
622 38.707865
623 38.737874
624 38.766634
625 38.795580
626 38.826939
627 38.868384
628 38.899896
629 38.931469
630 38.983663
631 39.045600
632 39.099336
633 39.140820
634 39.194139
635 39.318379
636 39.380143
637 39.433503
638 39.485218
639 39.547768
640 39.589156
641 39.631438
642 39.683560
643 39.735751
644 39.809417
645 39.840070
646 39.913497
647 39.965312
648 40.026788
649 40.079743
650 40.110902
651 40.152462
652 40.194637
653 40.225459
654 40.298563
655 40.409596
656 40.514920
657 40.546181
658 40.608708
659 40.659708
660 40.680049
661 40.721906
662 40.814629
663 40.889616
664 40.948224
665 40.965969
666 40.975831
667 41.037684
668 41.089738
669 41.144011
670 41.207879
671 41.217123
672 41.300700
673 41.310496
674 41.373592
675 41.402885
676 41.445534
677 41.506902
678 41.538189
679 41.635237
680 41.673649
681 41.716142
682 41.775325
683 41.785430
684 41.824725
685 41.856094
686 41.876507
687 41.896498
688 41.927080
689 41.957964
690 42.022183
691 42.093411
692 42.187323
693 42.218059
694 42.250540
695 42.270960
696 42.343917
697 42.387439
698 42.439288
699 42.513932
700 42.586397
701 42.634895
702 42.675958
703 42.714900
704 42.767021
705 42.818716
706 42.880067
707 42.949935
708 43.034912
709 43.106019
710 43.198174
711 43.247712
712 43.309171
713 43.360849
714 43.421670
715 43.476053
716 43.528485
717 43.579910
718 43.618527
719 43.683477
720 43.766004
721 43.858854
722 43.887353
723 43.897544
724 43.972182
725 43.981412
726 44.042320
727 44.073792
728 44.114685
729 44.131212
730 44.150354
731 44.181515
732 44.212826
733 44.295627
734 44.398026
735 44.479058
736 44.511408
737 44.582567
738 44.633026
739 44.713723
740 44.731769
741 44.774313
742 44.869379
743 44.899233
744 44.951608
745 44.960121
746 45.043789
747 45.094836
748 45.134907
749 45.206759
750 45.247234
751 45.277070
752 45.404833
753 45.456075
754 45.499436
755 45.610472
756 45.622602
757 45.633607
758 45.739048
759 45.792101
760 45.852707
761 45.916587
762 45.960079
763 46.070254
764 46.142543
765 46.203270
766 46.212140
767 46.322345
768 46.362404
769 46.420347
770 46.430528
771 46.504864
772 46.589530
773 46.659431
774 46.721832
775 46.744536
776 46.797806
777 46.828040
778 46.900433
779 46.983622
780 47.013847
781 47.087489
782 47.129558
783 47.204503
784 47.221488
785 47.228582
786 47.259919
787 47.290710
788 47.365313
789 47.437325
790 47.487820
791 47.519842
792 47.562217
793 47.630574
794 47.650442
795 47.723432
796 47.744540
797 47.830237
798 47.908015
799 47.950388
800 48.004091
801 48.054165
802 48.123152
803 48.143307
804 48.182890
805 48.220880
806 48.270872
807 48.300748
808 48.318979
809 48.362884
810 48.374256
811 48.464768
812 48.506998
813 48.559626
814 48.568811
815 48.630507
816 48.689375
817 48.727523
818 48.798555
819 48.824992
820 48.903777
821 48.925808
822 48.945411
823 49.046221
824 49.088247
825 49.168172
826 49.210191
827 49.208686
828 49.280658
829 49.339666
830 49.403042
831 49.453358
832 49.503814
833 49.544922
834 49.576585
835 49.606794
836 49.669665
837 49.699686
838 49.751454
839 49.761900
840 49.820178
841 49.903149
842 49.975106
843 50.034305
844 50.106626
845 50.127387
846 50.146001
847 50.225919
848 50.214117
849 50.283419
850 50.322990
851 50.343400
852 50.365946
853 50.425209
854 50.463899
855 50.463992
856 50.546803
857 50.588621
858 50.607779
859 50.679625
860 50.713566
861 50.778345
862 50.840792
863 50.883721
864 50.891629
865 51.002003
866 51.089362
867 51.126144
868 51.199110
869 51.248340
870 51.268564
871 51.288329
872 51.338007
873 51.323773
874 51.394633
875 51.457491
876 51.478213
877 51.592528
878 51.632838
879 51.651469
880 51.651239
881 51.719550
882 51.749348
883 51.807997
884 51.855729
885 51.884104
886 51.934881
887 51.973475
888 51.983894
889 52.057170
890 52.109524
891 52.158958
892 52.210474
893 52.271139
894 52.303492
895 52.313069
896 52.424089
897 52.485074
898 52.536626
899 52.525531
900 52.533900
901 52.570634
902 52.638246
903 52.665272
904 52.745362
905 52.824179
906 52.882868
907 52.951750
908 52.992835
909 53.052756
910 53.101315
911 53.183876
912 53.220487
913 53.281177
914 53.341774
915 53.384642
916 53.411673
917 53.442800
918 53.460584
919 53.532470
920 53.563002
921 53.613709
922 53.634539
923 53.693462
924 53.774832
925 53.774215
926 53.795606
927 53.881975
928 53.928411
929 53.960503
930 53.989838
931 54.009285
932 54.057927
933 54.126217
934 54.155650
935 54.193306
936 54.243086
937 54.291480
938 54.392624
939 54.480832
940 54.511016
941 54.550494
942 54.571953
943 54.644501
944 54.663827
945 54.721107
946 54.741543
947 54.793080
948 54.804194
949 54.831570
950 54.862238
951 54.912752
952 54.944479
953 54.952996
954 55.033411
955 55.084648
956 55.173800
957 55.236469
958 55.276103
959 55.314732
960 55.302041
961 55.380198
962 55.431676
963 55.501383
964 55.550834
965 55.593854
966 55.624703
967 55.663837
968 55.721449
969 55.749086
970 55.815333
971 55.834308
972 55.927577
973 56.013943
974 56.077395
975 56.147712
976 56.188810
977 56.215684
978 56.246570
979 56.256764
980 56.338062
981 56.354405
982 56.448409
983 56.519077
984 56.566367
985 56.635903
986 56.696476
987 56.761945
988 56.790593
989 56.857386
990 56.889448
991 56.927332
992 56.957064
993 57.038722
994 57.076936
995 57.128067
996 57.208915
997 57.292173
998 57.321049
999 57.414694
1000 57.443622
1001 57.472742
1002 57.499778
1003 57.576955
1004 57.607130
1005 57.657365
1006 57.706015
1007 57.707670
1008 57.727716
1009 57.736752
1010 57.804258
1011 57.836871
1012 57.889106
1013 57.918775
1014 57.970072
1015 58.059493
1016 58.119798
1017 58.128203
1018 58.156386
1019 58.217711
1020 58.290795
1021 58.351966
1022 58.410145
1023 58.445770
1024 58.504635
1025 58.533120
1026 58.567313
1027 58.572752
1028 58.612637
1029 58.619836
1030 58.657613
1031 58.731234
1032 58.799865
1033 58.879336
1034 58.899590
1035 58.998260
1036 59.031580
1037 59.069711
1038 59.126501
1039 59.176996
1040 59.243891
1041 59.346703
1042 59.354717
1043 59.412639
1044 59.467443
1045 59.536592
1046 59.584405
1047 59.604159
1048 59.654359
1049 59.704489
1050 59.766128
1051 59.826230
1052 59.865582
1053 59.931076
1054 59.981439
1055 60.029753
1056 60.089490
1057 60.110424
1058 60.174239
1059 60.225281
1060 60.296147
1061 60.367647
1062 60.424937
1063 60.465699
1064 60.574304
1065 60.599898
1066 60.640184
1067 60.680096
1068 60.747649
1069 60.806095
1070 60.844836
1071 60.875323
1072 60.884591
1073 60.963795
1074 60.941662
1075 61.001058
1076 61.009856
1077 61.069906
1078 61.099388
1079 61.157877
1080 61.227158
1081 61.278086
1082 61.276327
1083 61.285816
1084 61.314835
1085 61.326300
1086 61.364383
1087 61.410247
1088 61.448896
1089 61.511695
1090 61.559033
1091 61.578627
1092 61.658530
1093 61.706046
1094 61.734714
1095 61.785109
1096 61.815192
1097 61.846933
1098 61.836722
1099 61.882599
1100 61.950987
1101 62.002157
1102 62.052913
1103 62.117106
1104 62.187449
1105 62.248635
1106 62.350840
1107 62.368455
1108 62.417511
1109 62.460580
1110 62.510571
1111 62.519886
1112 62.559082
1113 62.596416
1114 62.618073
1115 62.648819
1116 62.718940
1117 62.729572
1118 62.769957
1119 62.829120
1120 62.904896
1121 62.944347
1122 62.997013
1123 63.092442
1124 63.102027
1125 63.132138
1126 63.193695
1127 63.231820
1128 63.260158
1129 63.247177
1130 63.327913
1131 63.384016
1132 63.451066
1133 63.553606
1134 63.617370
1135 63.692436
1136 63.703091
1137 63.730928
1138 63.773506
1139 63.831559
1140 63.852635
1141 63.931669
1142 63.961384
1143 64.000919
1144 64.027225
1145 64.104385
1146 64.133162
1147 64.178050
1148 64.198848
1149 64.227510
1150 64.266261
1151 64.313910
1152 64.343755
1153 64.382188
1154 64.422138
1155 64.447817
1156 64.509175
1157 64.554604
1158 64.616882
1159 64.717397
1160 64.774264
1161 64.794525
1162 64.850574
1163 64.909511
1164 64.976832
1165 64.994625
1166 65.031847
1167 65.058730
1168 65.093724
1169 65.184914
1170 65.250929
1171 65.278593
1172 65.337897
1173 65.376108
1174 65.514111
1175 65.579949
1176 65.646443
1177 65.703010
1178 65.743150
1179 65.769704
1180 65.775327
1181 65.786758
1182 65.850525
1183 65.909305
1184 65.938432
1185 65.989272
1186 66.044077
1187 66.106769
1188 66.132894
1189 66.191403
1190 66.222172
1191 66.249569
1192 66.291882
1193 66.296867
1194 66.315205
1195 66.370977
1196 66.385478
1197 66.409111
1198 66.435284
1199 66.462615
1200 66.499848
1201 66.556058
1202 66.565587
1203 66.583743
1204 66.616616
1205 66.666364
1206 66.712340
1207 66.752517
1208 66.828325
1209 66.878432
1210 66.920809
1211 66.979890
1212 66.989379
1213 66.991643
1214 67.020924
1215 67.060839
1216 67.080280
1217 67.110096
1218 67.161049
1219 67.190158
1220 67.247974
1221 67.347650
1222 67.409521
1223 67.478308
1224 67.526526
1225 67.568095
1226 67.607645
1227 67.655092
1228 67.728252
1229 67.794133
1230 67.843256
1231 67.900512
1232 67.940241
1233 68.000741
1234 68.028292
1235 68.048120
1236 68.095475
1237 68.116854
1238 68.162083
1239 68.202517
1240 68.209212
1241 68.226127
1242 68.268973
1243 68.325386
1244 68.373592
1245 68.440510
1246 68.479389
1247 68.534475
1248 68.566323
1249 68.642968
1250 68.743199
1251 68.728964
1252 68.758381
1253 68.837031
1254 68.850059
1255 68.916786
1256 68.960026
1257 68.989868
1258 69.016153
1259 69.059005
1260 69.072726
1261 69.137607
1262 69.164576
1263 69.194324
1264 69.193897
1265 69.232270
1266 69.301702
1267 69.333111
1268 69.337932
1269 69.359507
1270 69.388639
1271 69.406725
1272 69.435900
1273 69.491852
1274 69.531890
1275 69.571684
1276 69.639120
1277 69.643969
1278 69.713491
1279 69.770699
1280 69.780290
1281 69.865509
1282 69.870471
1283 69.955540
1284 69.983026
1285 70.035976
1286 70.093664
1287 70.149285
1288 70.209586
1289 70.259916
1290 70.277128
1291 70.345763
1292 70.363794
1293 70.424214
1294 70.461392
1295 70.501682
1296 70.520619
1297 70.574308
1298 70.641125
1299 70.670724
1300 70.700369
1301 70.737418
1302 70.747421
1303 70.818059
1304 70.838852
1305 70.888963
1306 70.932858
1307 70.918606
1308 70.995518
1309 71.044357
1310 71.074191
1311 71.150734
1312 71.199886
1313 71.241949
1314 71.265396
1315 71.334076
1316 71.398732
1317 71.429122
1318 71.487756
1319 71.508227
1320 71.619951
1321 71.666622
1322 71.682952
1323 71.731486
1324 71.769372
1325 71.810702
1326 71.878697
1327 71.878109
1328 71.906271
1329 71.915291
1330 71.923669
1331 71.935166
1332 72.009664
1333 72.051565
1334 72.118365
1335 72.138933
1336 72.119114
1337 72.171749
1338 72.214518
1339 72.236113
1340 72.282482
1341 72.379239
1342 72.386444
1343 72.427970
1344 72.481179
1345 72.510666
1346 72.538974
1347 72.581926
1348 72.641479
1349 72.683248
1350 72.768115
1351 72.795924
1352 72.814180
1353 72.854935
1354 72.892509
1355 72.934077
1356 72.972516
1357 72.979128
1358 72.994251
1359 73.037997
1360 73.068254
1361 73.135485
1362 73.161978
1363 73.199171
1364 73.268533
1365 73.283439
1366 73.341212
1367 73.386340
1368 73.392924
1369 73.401269
1370 73.467472
1371 73.495003
1372 73.517997
1373 73.607819
1374 73.647313
1375 73.703249
1376 73.750054
1377 73.781200
1378 73.828781
1379 73.856606
1380 73.912477
1381 73.908552
1382 73.942681
1383 73.991788
1384 74.011390
1385 74.064830
1386 74.111430
1387 74.172358
1388 74.200272
1389 74.248349
1390 74.264645
1391 74.292809
1392 74.360028
1393 74.411488
1394 74.401934
1395 74.412089
1396 74.444448
1397 74.461533
1398 74.505935
1399 74.543813
1400 74.590975
1401 74.609579
1402 74.637548
1403 74.645907
1404 74.690381
1405 74.698805
1406 74.764602
1407 74.804836
1408 74.825893
1409 74.831871
1410 74.878888
1411 74.933332
1412 74.991067
1413 75.045237
1414 75.067470
1415 75.112064
1416 75.119814
1417 75.148258
1418 75.172113
1419 75.201678
1420 75.230975
1421 75.297757
1422 75.320146
1423 75.355653
1424 75.386578
1425 75.401271
1426 75.428374
1427 75.475993
1428 75.516370
1429 75.558467
1430 75.606307
1431 75.615299
1432 75.649928
1433 75.720195
1434 75.737896
1435 75.745176
1436 75.791393
1437 75.819268
1438 75.856670
1439 75.869095
1440 75.895614
1441 75.961403
1442 76.036019
1443 76.090399
1444 76.184332
1445 76.211498
1446 76.288880
1447 76.306151
1448 76.351285
1449 76.380660
1450 76.447137
1451 76.484312
1452 76.519183
1453 76.597280
1454 76.648670
1455 76.678951
1456 76.724948
1457 76.731163
1458 76.757228
1459 76.819683
1460 76.841993
1461 76.876678
1462 76.902535
1463 76.893666
1464 76.938930
1465 76.974061
1466 77.026877
1467 77.055400
1468 77.104430
1469 77.159629
1470 77.206708
1471 77.245136
1472 77.297789
1473 77.316029
1474 77.324896
1475 77.352745
1476 77.391102
1477 77.419972
1478 77.464692
1479 77.559604
1480 77.616881
1481 77.665345
1482 77.709736
1483 77.757295
1484 77.803275
1485 77.841808
1486 77.840810
1487 77.904196
1488 77.946391
1489 77.993890
1490 78.012044
1491 78.050047
1492 78.103630
1493 78.091088
1494 78.131073
1495 78.129337
1496 78.166742
1497 78.239690
1498 78.319791
1499 78.358773
1500 78.408018
1501 78.443483
1502 78.492701
1503 78.559574
1504 78.570297
1505 78.587052
1506 78.613338
1507 78.644466
1508 78.663803
1509 78.689998
1510 78.712521
1511 78.732589
1512 78.793322
1513 78.879499
1514 78.936782
1515 78.965814
1516 78.983976
1517 79.025238
1518 79.074135
1519 79.111588
1520 79.123628
1521 79.133695
1522 79.150709
1523 79.174382
1524 79.255140
1525 79.309208
1526 79.339612
1527 79.393804
1528 79.433747
1529 79.467085
1530 79.532678
1531 79.562175
1532 79.621352
1533 79.630653
1534 79.650142
1535 79.665451
1536 79.704170
1537 79.740863
1538 79.794914
1539 79.860879
1540 79.896953
1541 79.981211
1542 80.022665
1543 80.054864
1544 80.089627
1545 80.157856
1546 80.206332
1547 80.228837
1548 80.247406
1549 80.312039
1550 80.305652
1551 80.333007
1552 80.393632
1553 80.431956
1554 80.455158
1555 80.492777
1556 80.531180
1557 80.588474
1558 80.679797
1559 80.721064
1560 80.801262
1561 80.870805
1562 80.893383
1563 80.953212
1564 80.993143
1565 80.998619
1566 81.013278
1567 81.041715
1568 81.091810
1569 81.181369
1570 81.178244
1571 81.240497
1572 81.284333
1573 81.341815
1574 81.367977
1575 81.420323
1576 81.476074
1577 81.491984
1578 81.542755
1579 81.584347
1580 81.622920
1581 81.653046
1582 81.697101
1583 81.687262
1584 81.713793
1585 81.765757
1586 81.845716
1587 81.909090
1588 81.939534
1589 81.949012
1590 81.994903
1591 82.022955
1592 82.055721
1593 82.075590
1594 82.122205
1595 82.162085
1596 82.223997
1597 82.208892
1598 82.232221
1599 82.250335
1600 82.245771
1601 82.268083
1602 82.331539
1603 82.382296
1604 82.415048
1605 82.455141
1606 82.527459
1607 82.537249
1608 82.593782
1609 82.617254
1610 82.673670
1611 82.739172
1612 82.757782
1613 82.831712
1614 82.879053
1615 82.934688
1616 82.961071
1617 82.983503
1618 83.020935
1619 82.999164
1620 83.039907
1621 83.095897
1622 83.136098
1623 83.173539
1624 83.179987
1625 83.189453
1626 83.217812
1627 83.259198
1628 83.341436
1629 83.422324
1630 83.515355
1631 83.565471
1632 83.572880
1633 83.627645
1634 83.643696
1635 83.673820
1636 83.711271
1637 83.748585
1638 83.755602
1639 83.810836
1640 83.852592
1641 83.896787
1642 83.911298
1643 83.944795
1644 83.965900
1645 83.993710
1646 84.014795
1647 84.032692
1648 84.051210
1649 84.098448
1650 84.118621
1651 84.154033
1652 84.196321
1653 84.220682
1654 84.238292
1655 84.237332
1656 84.300667
1657 84.341579
1658 84.414695
1659 84.458845
1660 84.464086
1661 84.471371
1662 84.471633
1663 84.504331
1664 84.503684
1665 84.548119
1666 84.557860
1667 84.599093
1668 84.652487
1669 84.656527
1670 84.676499
1671 84.701655
1672 84.716847
1673 84.733683
1674 84.763314
1675 84.798721
1676 84.835629
1677 84.861108
1678 84.900005
1679 84.930211
1680 84.926797
1681 84.993937
1682 85.030075
1683 85.074829
1684 85.076016
1685 85.124688
1686 85.158670
1687 85.196795
1688 85.253056
1689 85.338045
1690 85.404363
1691 85.453575
1692 85.470162
1693 85.500354
1694 85.508857
1695 85.527052
1696 85.527702
1697 85.554527
1698 85.573534
1699 85.609530
1700 85.676962
1701 85.685352
1702 85.685610
1703 85.696590
1704 85.722285
1705 85.737359
1706 85.832176
1707 85.841729
1708 85.873665
1709 85.883125
1710 85.934737
1711 85.947511
1712 86.009008
1713 86.006081
1714 86.025006
1715 86.063428
1716 86.081071
1717 86.140155
1718 86.185988
1719 86.253557
1720 86.338540
1721 86.392407
1722 86.423799
1723 86.442457
1724 86.450901
1725 86.471382
1726 86.517562
1727 86.591744
1728 86.579157
1729 86.635038
1730 86.672583
1731 86.707121
1732 86.753237
1733 86.764282
1734 86.799568
1735 86.833769
1736 86.885435
1737 86.900832
1738 86.960748
1739 86.968358
1740 86.965643
1741 87.021064
1742 87.040833
1743 87.114250
1744 87.138124
1745 87.154790
1746 87.185117
1747 87.195935
1748 87.224695
1749 87.276542
1750 87.304420
1751 87.331812
1752 87.374723
1753 87.410798
1754 87.465225
1755 87.491672
1756 87.525436
1757 87.567861
1758 87.578393
1759 87.647581
1760 87.706519
1761 87.771274
1762 87.772648
1763 87.777485
1764 87.819360
1765 87.829980
1766 87.875181
1767 87.912629
1768 87.923218
1769 87.958313
1770 87.983675
1771 87.999279
1772 88.015531
1773 88.039871
1774 88.067077
1775 88.084634
1776 88.069762
1777 88.068692
1778 88.091849
1779 88.126154
1780 88.166457
1781 88.212848
1782 88.285309
1783 88.305499
1784 88.352568
1785 88.381167
1786 88.426967
1787 88.413906
1788 88.474227
1789 88.534389
1790 88.543407
1791 88.618288
1792 88.648893
1793 88.708179
1794 88.696250
1795 88.706536
1796 88.724593
1797 88.742702
1798 88.810199
1799 88.820509
1800 88.865537
1801 88.931830
1802 88.949509
1803 88.989082
1804 89.014567
1805 89.081412
1806 89.117901
1807 89.155746
1808 89.204325
1809 89.200327
1810 89.252558
1811 89.306181
1812 89.342927
1813 89.403707
1814 89.466069
1815 89.499950
1816 89.581324
1817 89.599185
1818 89.622441
1819 89.620042
1820 89.637359
1821 89.700124
1822 89.747417
1823 89.750458
1824 89.770537
1825 89.820858
1826 89.870602
1827 89.916916
1828 89.994947
1829 90.012246
1830 90.067228
1831 90.100307
1832 90.172509
1833 90.228636
1834 90.275348
1835 90.340380
1836 90.373090
1837 90.424537
1838 90.470722
1839 90.525559
1840 90.523308
1841 90.577802
1842 90.601996
1843 90.599896
1844 90.613491
1845 90.629325
1846 90.667993
1847 90.710927
1848 90.739284
1849 90.793333
1850 90.851551
1851 90.913856
1852 90.919608
1853 90.998627
1854 91.020815
1855 91.037574
1856 91.061183
1857 91.124250
1858 91.133336
1859 91.151728
1860 91.193257
1861 91.243855
1862 91.246095
1863 91.269517
1864 91.330900
1865 91.376724
1866 91.385650
1867 91.397218
1868 91.408197
1869 91.398488
1870 91.414880
1871 91.443906
1872 91.474670
1873 91.499646
1874 91.525129
1875 91.546501
1876 91.568071
1877 91.597411
1878 91.612510
1879 91.655781
1880 91.673482
1881 91.691430
1882 91.700788
1883 91.740209
1884 91.765848
1885 91.802518
1886 91.828308
1887 91.898650
1888 91.970177
1889 92.053134
1890 92.085677
1891 92.171245
1892 92.210668
1893 92.218827
1894 92.281175
1895 92.311679
1896 92.322382
1897 92.334158
1898 92.344107
1899 92.376110
1900 92.377634
1901 92.439198
1902 92.457733
1903 92.477943
1904 92.509107
1905 92.565969
1906 92.630507
1907 92.677690
1908 92.720471
1909 92.785504
1910 92.790461
1911 92.785197
1912 92.848580
1913 92.890715
1914 92.924094
1915 92.971616
1916 92.978781
1917 93.018883
1918 93.048183
1919 93.072812
1920 93.104813
1921 93.145607
1922 93.157143
1923 93.263648
1924 93.297432
1925 93.333981
1926 93.352185
1927 93.400286
1928 93.471333
1929 93.526267
1930 93.569959
1931 93.593669
1932 93.620876
1933 93.677636
1934 93.710735
1935 93.765702
1936 93.785794
1937 93.805085
1938 93.855590
1939 93.895752
1940 93.909181
1941 93.955244
1942 93.980066
1943 94.008401
1944 93.985829
1945 94.020249
1946 94.056809
1947 94.053926
1948 94.126886
1949 94.135061
1950 94.163101
1951 94.171618
1952 94.200812
1953 94.226912
1954 94.239238
1955 94.271860
1956 94.310159
1957 94.320138
1958 94.344301
1959 94.402178
1960 94.474435
1961 94.480505
1962 94.511160
1963 94.545821
1964 94.589463
1965 94.623557
1966 94.639893
1967 94.707563
1968 94.744907
1969 94.782993
1970 94.792433
1971 94.853119
1972 94.865739
1973 94.873132
1974 94.909746
1975 94.987426
1976 95.011717
1977 95.055962
1978 95.077839
1979 95.124834
1980 95.127338
1981 95.166208
1982 95.217155
1983 95.231712
1984 95.256372
1985 95.274482
1986 95.306013
1987 95.323700
1988 95.367781
1989 95.365733
1990 95.404498
1991 95.430367
1992 95.445606
1993 95.468694
1994 95.513623
1995 95.554128
1996 95.530778
1997 95.536338
1998 95.581666
1999 95.622682
2000 95.668181
2001 95.698783
2002 95.718121
2003 95.745344
2004 95.753490
2005 95.788472
2006 95.850946
2007 95.888146
2008 95.904491
2009 95.918389
2010 95.966384
2011 95.975141
2012 95.998023
2013 96.022566
2014 96.012694
2015 96.032771
2016 96.063432
2017 96.097879
2018 96.125593
2019 96.159414
2020 96.211610
2021 96.215654
2022 96.244027
2023 96.283983
2024 96.337010
2025 96.367063
2026 96.428591
2027 96.481494
2028 96.479370
2029 96.570007
2030 96.617371
2031 96.645454
2032 96.675151
2033 96.714576
2034 96.779591
2035 96.792444
2036 96.799375
2037 96.840594
2038 96.870372
2039 96.886307
2040 96.956862
2041 96.992127
2042 97.020653
2043 97.037034
2044 97.044982
2045 97.055695
2046 97.084423
2047 97.141654
2048 97.179541
2049 97.207187
2050 97.247658
2051 97.290771
2052 97.316315
2053 97.365800
2054 97.386721
2055 97.433854
2056 97.509476
2057 97.517049
2058 97.539113
2059 97.538684
2060 97.552233
2061 97.574654
2062 97.602301
2063 97.624880
2064 97.661764
2065 97.692167
2066 97.734162
2067 97.799972
2068 97.884361
2069 97.873226
2070 97.922769
2071 97.909675
2072 97.958850
2073 97.980669
2074 98.016154
2075 98.041841
2076 98.056762
2077 98.064461
2078 98.079675
2079 98.107534
2080 98.117283
2081 98.134741
2082 98.180277
2083 98.207907
2084 98.233171
2085 98.298717
2086 98.335603
2087 98.370515
2088 98.420592
2089 98.469580
2090 98.492405
2091 98.603554
2092 98.604124
2093 98.652531
2094 98.682666
2095 98.722431
2096 98.763755
2097 98.791601
2098 98.814159
2099 98.855847
2100 98.853815
2101 98.906599
2102 98.932717
2103 98.997968
2104 99.061085
2105 99.110091
2106 99.127072
2107 99.165125
2108 99.206174
2109 99.236626
2110 99.270773
2111 99.311545
2112 99.343537
2113 99.393078
2114 99.432673
2115 99.480114
2116 99.514032
2117 99.594646
2118 99.638834
2119 99.627125
2120 99.632506
2121 99.663852
2122 99.763327
2123 99.802463
2124 99.802037
2125 99.823999
2126 99.843363
2127 99.852080
2128 99.854477
2129 99.870522
2130 99.906851
2131 99.907040
2132 99.911465
2133 99.939831
2134 99.957284
2135 100.013184
2136 100.051190
2137 100.073741
2138 100.111822
2139 100.138412
2140 100.167603
2141 100.228947
2142 100.290225
2143 100.324177
2144 100.342698
2145 100.380925
2146 100.420041
2147 100.464098
2148 100.515319
2149 100.573938
2150 100.595704
2151 100.642098
2152 100.662537
2153 100.709419
2154 100.795670
2155 100.850493
2156 100.889944
2157 100.933873
2158 101.009955
2159 101.041486
2160 101.072442
2161 101.089293
2162 101.121342
2163 101.147565
2164 101.185515
2165 101.270143
2166 101.332755
2167 101.360670
2168 101.389340
2169 101.450435
2170 101.464041
2171 101.464387
2172 101.482048
2173 101.548110
2174 101.596465
2175 101.660273
2176 101.672335
2177 101.718706
2178 101.727040
2179 101.768243
2180 101.766058
2181 101.808118
2182 101.876372
2183 101.921052
2184 101.961593
2185 102.028339
2186 102.082893
2187 102.071276
2188 102.143145
2189 102.182332
2190 102.241216
2191 102.297135
2192 102.312449
2193 102.362228
2194 102.390230
2195 102.468415
2196 102.526144
2197 102.545931
2198 102.634487
2199 102.674819
2200 102.668792
2201 102.673148
2202 102.707746
2203 102.688550
2204 102.728175
2205 102.756996
2206 102.798772
2207 102.832303
2208 102.891685
2209 102.940475
2210 102.963627
2211 103.006366
2212 103.019833
2213 103.020941
2214 103.064426
2215 103.078663
2216 103.178363
2217 103.230854
2218 103.253721
2219 103.282677
2220 103.314233
2221 103.357440
2222 103.387338
2223 103.419637
2224 103.430410
2225 103.436899
2226 103.505532
2227 103.528498
2228 103.576976
2229 103.575276
2230 103.590814
2231 103.620828
2232 103.646709
2233 103.680132
2234 103.696984
2235 103.742067
2236 103.777415
2237 103.767213
2238 103.795498
2239 103.823557
2240 103.854073
2241 103.869656
2242 103.909901
2243 103.940046
2244 103.971750
2245 103.985661
2246 104.016049
2247 104.055372
2248 104.071593
2249 104.122299
2250 104.170283
2251 104.185529
2252 104.211003
2253 104.266053
2254 104.287355
2255 104.321322
2256 104.350802
2257 104.425762
2258 104.435560
2259 104.424772
2260 104.433918
2261 104.485873
2262 104.537893
2263 104.566209
2264 104.611910
2265 104.650508
2266 104.679420
2267 104.734823
2268 104.773151
2269 104.797682
2270 104.846666
2271 104.861552
2272 104.889414
2273 104.925390
2274 104.962958
2275 104.995773
2276 105.039466
2277 105.057005
2278 105.078312
2279 105.156765
2280 105.157946
2281 105.218886
2282 105.231213
2283 105.265143
2284 105.299685
2285 105.356617
2286 105.412476
2287 105.463997
2288 105.496874
2289 105.528923
2290 105.545133
2291 105.588863
2292 105.589175
2293 105.600604
2294 105.632235
2295 105.645509
2296 105.702746
2297 105.735743
2298 105.786782
2299 105.785900
2300 105.778112
2301 105.815874
2302 105.818050
2303 105.839223
2304 105.894820
2305 105.930273
2306 105.976392
2307 106.011285
2308 106.039191
2309 106.039293
2310 106.085567
2311 106.114074
2312 106.130148
2313 106.136499
2314 106.153623
2315 106.172473
2316 106.221776
2317 106.227186
2318 106.245509
2319 106.311836
2320 106.318365
2321 106.327792
2322 106.363870
2323 106.362572
2324 106.388870
2325 106.398447
2326 106.435195
2327 106.439944
2328 106.447452
2329 106.496784
2330 106.535823
2331 106.573528
2332 106.589625
2333 106.635700
2334 106.616803
2335 106.682295
2336 106.681426
2337 106.711476
2338 106.729893
2339 106.741630
2340 106.756702
2341 106.799902
2342 106.836856
2343 106.860810
2344 106.927195
2345 106.963123
2346 106.980918
2347 107.005284
2348 106.994580
2349 107.021439
2350 107.053941
2351 107.098379
2352 107.114980
2353 107.135906
2354 107.152100
2355 107.148991
2356 107.191984
2357 107.220224
2358 107.233844
2359 107.250352
2360 107.283186
2361 107.311814
2362 107.344789
2363 107.365563
2364 107.401347
2365 107.439169
2366 107.461437
2367 107.465661
2368 107.496361
2369 107.490223
2370 107.529858
2371 107.590297
2372 107.619774
2373 107.644684
2374 107.631708
2375 107.656162
2376 107.695995
2377 107.730023
2378 107.766937
2379 107.785249
2380 107.815287
2381 107.840304
2382 107.865119
2383 107.893099
2384 107.897211
2385 107.924243
2386 107.950379
2387 107.989311
2388 108.088956
2389 108.124738
2390 108.174854
2391 108.210694
2392 108.241469
2393 108.271596
2394 108.292100
2395 108.329527
2396 108.329775
2397 108.351797
2398 108.388957
2399 108.427061
2400 108.454216
2401 108.482640
2402 108.543609
2403 108.552021
2404 108.608218
2405 108.640375
2406 108.697138
2407 108.704366
2408 108.731416
2409 108.737395
2410 108.763344
2411 108.819950
2412 108.882339
2413 108.911332
2414 108.921957
2415 108.927100
2416 108.976460
2417 109.013813
2418 109.037685
2419 109.053600
2420 109.069608
2421 109.069595
2422 109.124527
2423 109.139573
2424 109.161417
2425 109.196975
2426 109.269640
2427 109.331350
2428 109.412850
2429 109.423208
2430 109.477044
2431 109.499171
2432 109.546975
2433 109.593372
2434 109.609989
2435 109.706283
2436 109.735038
2437 109.784557
2438 109.801307
2439 109.803981
2440 109.837306
2441 109.873311
2442 109.920275
2443 109.959407
2444 109.978127
2445 109.999081
2446 110.025971
2447 110.050975
2448 110.063244
2449 110.106024
2450 110.125194
2451 110.174438
2452 110.179153
2453 110.226295
2454 110.254733
2455 110.287864
2456 110.328229
2457 110.344464
2458 110.372313
2459 110.389745
2460 110.428216
2461 110.431599
2462 110.421216
2463 110.434201
2464 110.442893
2465 110.454688
2466 110.486503
2467 110.505577
2468 110.543451
2469 110.584374
2470 110.594515
2471 110.598313
2472 110.637085
2473 110.692148
2474 110.693149
2475 110.711123
2476 110.718542
2477 110.723655
2478 110.726745
2479 110.748439
2480 110.824197
2481 110.908352
2482 110.919102
2483 110.932153
2484 110.970841
2485 111.030212
2486 111.082936
2487 111.155648
2488 111.175610
2489 111.208253
2490 111.252180
2491 111.267675
2492 111.307089
2493 111.316373
2494 111.345232
2495 111.376534
2496 111.435517
2497 111.441025
2498 111.450561
2499 111.443202
2500 111.486573
2501 111.488242
2502 111.525191
2503 111.532615
2504 111.553345
2505 111.555045
2506 111.567122
2507 111.595279
2508 111.645122
2509 111.685806
2510 111.709285
2511 111.737627
2512 111.764471
2513 111.814533
2514 111.833580
2515 111.852880
2516 111.862582
2517 111.910340
2518 111.917020
2519 111.944265
2520 111.957922
2521 112.013610
2522 112.032604
2523 112.108721
2524 112.121844
2525 112.154893
2526 112.220046
2527 112.257534
2528 112.263210
2529 112.349187
2530 112.403818
2531 112.435607
2532 112.481239
2533 112.547950
2534 112.556642
2535 112.576244
2536 112.617139
2537 112.639324
2538 112.664139
2539 112.701764
2540 112.745133
2541 112.764282
2542 112.816702
2543 112.824184
2544 112.836516
2545 112.832942
2546 112.879886
2547 112.890260
2548 112.910545
2549 112.961583
2550 112.979352
2551 112.979883
2552 113.016570
2553 113.030001
2554 113.057487
2555 113.078972
2556 113.090731
2557 113.123419
2558 113.155476
2559 113.182086
2560 113.230226
2561 113.234350
2562 113.243639
2563 113.306581
2564 113.367630
2565 113.423432
2566 113.450708
2567 113.464872
2568 113.498649
2569 113.521943
2570 113.517648
2571 113.535379
2572 113.587425
2573 113.594718
2574 113.643632
2575 113.639206
2576 113.672093
2577 113.677838
2578 113.678504
2579 113.733005
2580 113.749236
2581 113.805652
2582 113.871245
2583 113.922150
2584 113.916165
2585 113.964300
2586 113.979581
2587 114.009642
2588 114.055842
2589 114.075681
2590 114.147334
2591 114.160777
2592 114.195193
2593 114.229121
2594 114.248559
2595 114.273034
2596 114.321982
2597 114.322058
2598 114.371049
2599 114.424984
2600 114.463935
2601 114.505230
2602 114.548326
2603 114.527584
2604 114.584245
2605 114.571736
2606 114.556765
2607 114.602473
2608 114.640405
2609 114.686228
2610 114.730669
2611 114.774687
2612 114.812563
2613 114.855682
2614 114.890155
2615 114.926498
2616 114.955495
2617 114.973711
2618 114.977769
2619 114.976657
2620 114.944431
2621 114.919941
2622 114.928587
2623 114.942931
2624 114.949420
2625 114.949400
2626 114.917312
2627 114.897238
2628 114.921267
2629 114.909993
2630 114.930424
2631 115.008192
2632 115.046377
2633 115.053962
2634 115.113887
2635 115.129977
2636 115.122395
2637 115.145784
2638 115.174843
2639 115.207120
2640 115.255112
2641 115.270832
2642 115.262318
2643 115.343079
2644 115.365523
2645 115.398038
2646 115.411152
2647 115.442297
2648 115.465703
2649 115.498374
2650 115.516174
2651 115.532158
2652 115.581469
2653 115.606219
2654 115.650073
2655 115.662004
2656 115.698397
2657 115.698634
2658 115.706245
2659 115.735119
2660 115.799913
2661 115.798964
2662 115.796723
2663 115.826056
2664 115.858806
2665 115.883034
2666 115.919227
2667 115.901163
2668 115.904577
2669 115.920718
2670 115.975009
2671 115.989917
2672 115.997796
2673 116.043725
2674 116.098672
2675 116.147811
2676 116.155309
2677 116.183416
2678 116.218800
2679 116.306548
2680 116.302637
2681 116.301265
2682 116.350955
2683 116.421217
2684 116.453375
2685 116.465081
2686 116.454352
2687 116.483001
2688 116.501519
2689 116.487891
2690 116.528680
2691 116.542691
2692 116.564749
2693 116.605167
2694 116.626374
2695 116.633168
2696 116.649944
2697 116.652806
2698 116.697189
2699 116.720669
2700 116.740748
2701 116.771704
2702 116.834678
2703 116.863677
2704 116.908461
2705 116.955056
2706 117.000743
2707 117.049424
2708 117.044537
2709 117.070826
2710 117.112511
2711 117.132649
2712 117.162492
2713 117.181660
2714 117.209333
2715 117.253712
2716 117.272541
2717 117.321732
2718 117.323527
2719 117.320863
2720 117.330344
2721 117.390315
2722 117.423591
2723 117.455162
2724 117.476808
2725 117.470733
2726 117.485195
2727 117.491007
2728 117.489946
2729 117.559803
2730 117.580049
2731 117.629466
2732 117.648041
2733 117.636039
2734 117.668443
2735 117.699460
2736 117.727388
2737 117.773626
2738 117.799273
2739 117.844999
2740 117.893902
2741 117.926939
2742 117.944740
2743 117.962695
2744 118.020991
2745 118.019071
2746 118.062441
2747 118.118914
2748 118.154798
2749 118.177082
2750 118.218715
2751 118.234924
2752 118.276912
2753 118.304037
2754 118.331731
2755 118.402942
2756 118.462103
2757 118.464616
2758 118.480579
2759 118.504876
2760 118.515811
2761 118.576983
2762 118.641570
2763 118.676653
2764 118.670457
2765 118.707075
2766 118.698470
2767 118.719485
2768 118.734013
2769 118.790368
2770 118.826490
2771 118.847926
2772 118.890622
2773 118.934084
2774 118.983402
2775 119.002285
2776 119.009009
2777 119.044172
2778 119.103658
2779 119.136851
2780 119.187737
2781 119.235172
2782 119.244433
2783 119.280531
2784 119.284578
2785 119.270131
2786 119.310923
2787 119.364106
2788 119.398175
2789 119.441129
2790 119.461918
2791 119.488311
2792 119.495841
2793 119.493304
2794 119.499792
2795 119.526881
2796 119.530531
2797 119.591798
2798 119.601983
2799 119.610360
2800 119.611825
2801 119.637954
2802 119.648251
2803 119.652371
2804 119.660700
2805 119.657209
2806 119.703833
2807 119.719081
2808 119.736067
2809 119.763711
2810 119.777361
2811 119.801393
2812 119.846418
2813 119.858638
2814 119.886000
2815 119.920228
2816 119.919410
2817 119.957593
2818 119.962445
2819 119.977223
2820 120.029198
2821 120.050142
2822 120.072192
2823 120.077840
2824 120.096173
2825 120.127684
2826 120.157429
2827 120.194828
2828 120.204067
2829 120.247883
2830 120.278087
2831 120.318239
2832 120.364030
2833 120.383471
2834 120.410722
2835 120.424707
2836 120.428558
2837 120.475195
2838 120.511193
2839 120.548319
2840 120.590604
2841 120.634480
2842 120.663643
2843 120.663136
2844 120.631490
2845 120.645415
2846 120.661351
2847 120.675845
2848 120.706235
2849 120.726819
2850 120.714223
2851 120.800214
2852 120.805821
2853 120.867313
2854 120.844486
2855 120.928853
2856 120.990323
2857 121.043936
2858 121.047279
2859 121.075770
2860 121.120355
2861 121.187514
2862 121.194405
2863 121.205827
2864 121.232233
2865 121.245617
2866 121.253271
2867 121.294397
2868 121.325019
2869 121.339141
2870 121.358639
2871 121.376259
2872 121.396995
2873 121.453832
2874 121.479580
2875 121.495664
2876 121.519960
2877 121.549586
2878 121.563914
2879 121.615549
2880 121.610648
2881 121.593003
2882 121.597848
2883 121.656311
2884 121.684822
2885 121.676774
2886 121.712719
2887 121.726720
2888 121.777144
2889 121.784606
2890 121.800070
2891 121.817443
2892 121.818803
2893 121.893662
2894 121.917313
2895 121.966150
2896 122.021327
2897 122.055423
2898 122.060005
2899 122.058579
2900 122.096717
2901 122.152581
2902 122.135355
2903 122.143831
2904 122.172955
2905 122.202225
2906 122.261998
2907 122.285989
2908 122.361834
2909 122.378609
2910 122.425297
2911 122.474916
2912 122.520420
2913 122.572195
2914 122.630411
2915 122.619890
2916 122.612591
2917 122.665000
2918 122.668721
2919 122.689129
2920 122.715648
2921 122.782296
2922 122.835843
2923 122.845769
2924 122.880834
2925 122.907749
2926 122.938507
2927 122.948929
2928 122.930999
2929 122.952702
2930 122.979967
2931 123.010810
2932 123.057428
2933 123.057615
2934 123.063353
2935 123.084024
2936 123.102857
2937 123.101352
2938 123.153245
2939 123.248817
2940 123.291900
2941 123.322374
2942 123.308830
2943 123.327566
2944 123.327607
2945 123.354371
2946 123.391443
2947 123.441806
2948 123.441837
2949 123.457468
2950 123.465513
2951 123.513905
2952 123.500168
2953 123.520954
2954 123.501443
2955 123.562852
2956 123.567257
2957 123.601169
2958 123.613564
2959 123.648461
2960 123.650638
2961 123.689628
2962 123.723536
2963 123.740624
2964 123.742807
2965 123.746594
2966 123.781385
2967 123.782031
2968 123.817324
2969 123.827312
2970 123.816243
2971 123.860284
2972 123.939283
2973 123.991022
2974 124.021577
2975 124.077943
2976 124.094908
2977 124.127711
2978 124.176820
2979 124.217410
2980 124.233850
2981 124.220705
2982 124.227933
2983 124.288073
2984 124.306527
2985 124.349161
2986 124.405743
2987 124.419024
2988 124.460123
2989 124.498219
2990 124.517222
2991 124.573669
2992 124.577513
2993 124.602076
2994 124.611679
2995 124.665175
2996 124.669505
2997 124.700049
2998 124.741942
2999 124.746009
