Dcm
0 0.023338
1 0.052831
2 0.074278
3 0.090353
4 0.117152
5 0.151980
6 0.173401
7 0.194817
8 0.221575
9 0.251006
10 0.269740
11 0.296476
12 0.325884
13 0.355318
14 0.382063
15 0.392764
16 0.416777
17 0.451444
18 0.472825
19 0.502196
20 0.539518
21 0.558139
22 0.576849
23 0.600887
24 0.619541
25 0.651594
26 0.664958
27 0.691627
28 0.718230
29 0.755522
30 0.803395
31 0.827358
32 0.856660
33 0.867320
34 0.888643
35 0.912559
36 0.928540
37 0.944431
38 0.970997
39 0.986979
40 1.024209
41 1.061398
42 1.071972
43 1.101166
44 1.132964
45 1.164828
46 1.180771
47 1.209914
48 1.231033
49 1.246975
50 1.276171
51 1.292030
52 1.313086
53 1.344852
54 1.363454
55 1.382013
56 1.403224
57 1.421713
58 1.434954
59 1.448031
60 1.474514
61 1.482302
62 1.508835
63 1.530073
64 1.545812
65 1.569571
66 1.593288
67 1.625012
68 1.654277
69 1.691247
70 1.728404
71 1.754870
72 1.775961
73 1.781239
74 1.799534
75 1.825803
76 1.841660
77 1.854750
78 1.883813
79 1.917865
80 1.936481
81 1.957611
82 1.976037
83 1.986340
84 1.999487
85 2.009845
86 2.020351
87 2.030901
88 2.049119
89 2.062198
90 2.085804
91 2.117202
92 2.140828
93 2.159167
94 2.174889
95 2.195997
96 2.206645
97 2.240954
98 2.269815
99 2.285547
100 2.298547
101 2.340595
102 2.372102
103 2.390280
104 2.408549
105 2.432069
106 2.439924
107 2.461004
108 2.489895
109 2.503160
110 2.497869
111 2.518893
112 2.534598
113 2.563479
114 2.563061
115 2.589356
116 2.604927
117 2.607378
118 2.630899
119 2.638757
120 2.654183
121 2.680332
122 2.682780
123 2.692873
124 2.695580
125 2.705990
126 2.726652
127 2.752800
128 2.771306
129 2.784313
130 2.810438
131 2.831480
132 2.854929
133 2.873303
134 2.894225
135 2.909826
136 2.915031
137 2.925423
138 2.938362
139 2.954124
140 2.972443
141 2.977508
142 2.977522
143 2.995774
144 3.006067
145 3.024406
146 3.026969
147 3.045123
148 3.065980
149 3.084304
150 3.100026
151 3.102668
152 3.105176
153 3.118373
154 3.133819
155 3.151899
156 3.170148
157 3.175004
158 3.193458
159 3.185357
160 3.198414
161 3.203716
162 3.224713
163 3.242696
164 3.250370
165 3.260867
166 3.260731
167 3.271133
168 3.276373
169 3.291716
170 3.315174
171 3.325585
172 3.338838
173 3.351942
174 3.359828
175 3.359825
176 3.362489
177 3.380698
178 3.388686
179 3.396619
180 3.396107
181 3.409313
182 3.419734
183 3.419437
184 3.419280
185 3.429644
186 3.437343
187 3.445041
188 3.450259
189 3.463119
190 3.468490
191 3.478874
192 3.468321
193 3.484222
194 3.502457
195 3.515445
196 3.512700
197 3.512599
198 3.520446
199 3.525635
200 3.533330
201 3.535677
202 3.540821
203 3.548159
204 3.558637
205 3.558223
206 3.563134
207 3.565752
208 3.581407
209 3.602013
210 3.622969
211 3.623025
212 3.638404
213 3.646040
214 3.671951
215 3.671898
216 3.695334
217 3.692724
218 3.708155
219 3.728897
220 3.746967
221 3.754748
222 3.754618
223 3.783200
224 3.798873
225 3.812067
226 3.827692
227 3.851218
228 3.851230
229 3.853692
230 3.861501
231 3.858610
232 3.871595
233 3.879570
234 3.892215
235 3.904916
236 3.915081
237 3.919991
238 3.930295
239 3.935462
240 3.943178
241 3.958905
242 3.974437
243 3.974378
244 3.989979
245 4.005638
246 4.031650
247 4.041728
248 4.057326
249 4.062512
250 4.067529
251 4.075108
252 4.079981
253 4.090585
254 4.103251
255 4.105425
256 4.107789
257 4.099889
258 4.097011
259 4.115329
260 4.120220
261 4.125090
262 4.135275
263 4.150827
264 4.156102
265 4.135167
266 4.150675
267 4.163592
268 4.176620
269 4.179183
270 4.184213
271 4.194760
272 4.194823
273 4.205212
274 4.215118
275 4.209563
276 4.209312
277 4.206571
278 4.211780
279 4.209201
280 4.211544
281 4.222224
282 4.229644
283 4.242227
284 4.247071
285 4.254790
286 4.262555
287 4.265051
288 4.270150
289 4.270160
290 4.285551
291 4.288145
292 4.299103
293 4.314473
294 4.327661
295 4.327708
296 4.327742
297 4.325150
298 4.345605
299 4.350584
300 4.363354
301 4.366090
302 4.376449
303 4.391942
304 4.394001
305 4.406775
306 4.424959
307 4.430203
308 4.451115
309 4.450798
310 4.453373
311 4.451415
312 4.464510
313 4.469359
314 4.466930
315 4.464221
316 4.474290
317 4.473987
318 4.494774
319 4.505250
320 4.518428
321 4.520839
322 4.523298
323 4.531217
324 4.528422
325 4.536433
326 4.530968
327 4.528231
328 4.538746
329 4.546343
330 4.561731
331 4.564484
332 4.564706
333 4.567478
334 4.580619
335 4.580387
336 4.590449
337 4.590338
338 4.603205
339 4.608384
340 4.611234
341 4.621637
342 4.631781
343 4.641787
344 4.660121
345 4.680666
346 4.680677
347 4.691549
348 4.691398
349 4.704680
350 4.704609
351 4.709760
352 4.715147
353 4.702159
354 4.704480
355 4.709620
356 4.714729
357 4.719628
358 4.722182
359 4.732516
360 4.742836
361 4.740268
362 4.740361
363 4.753069
364 4.765770
365 4.776190
366 4.781370
367 4.765740
368 4.783252
369 4.788518
370 4.811199
371 4.821724
372 4.826693
373 4.847603
374 4.850098
375 4.857637
376 4.860353
377 4.868209
378 4.868206
379 4.873482
380 4.870840
381 4.878817
382 4.896697
383 4.901654
384 4.922193
385 4.917082
386 4.911747
387 4.924522
388 4.934904
389 4.944811
390 4.950275
391 4.966037
392 4.981284
393 4.996833
394 4.996430
395 5.011794
396 5.019498
397 5.029997
398 5.037674
399 5.037816
400 5.035495
401 5.025039
402 5.035418
403 5.051049
404 5.063595
405 5.063343
406 5.065885
407 5.076175
408 5.088736
409 5.106817
410 5.109486
411 5.117354
412 5.125089
413 5.132946
414 5.122102
415 5.119106
416 5.118963
417 5.133977
418 5.141477
419 5.143988
420 5.143776
421 5.154456
422 5.175046
423 5.167136
424 5.166898
425 5.171861
426 5.172104
427 5.185580
428 5.195929
429 5.195815
430 5.206411
431 5.214261
432 5.216590
433 5.219402
434 5.216692
435 5.229558
436 5.232199
437 5.237211
438 5.249590
439 5.249003
440 5.254121
441 5.261759
442 5.271895
443 5.271828
444 5.258291
445 5.258271
446 5.263859
447 5.289137
448 5.302260
449 5.304699
450 5.312640
451 5.320421
452 5.325480
453 5.325466
454 5.332680
455 5.350312
456 5.350657
457 5.353397
458 5.361063
459 5.360774
460 5.360807
461 5.371097
462 5.389314
463 5.404785
464 5.396878
465 5.412367
466 5.422388
467 5.427167
468 5.424798
469 5.419374
470 5.421894
471 5.413711
472 5.423915
473 5.423459
474 5.426012
475 5.428341
476 5.433423
477 5.430402
478 5.448595
479 5.453614
480 5.453506
481 5.458544
482 5.451016
483 5.448555
484 5.456020
485 5.463472
486 5.476644
487 5.494630
488 5.492490
489 5.494747
490 5.502687
491 5.497627
492 5.500418
493 5.513327
494 5.523770
495 5.525803
496 5.541562
497 5.541486
498 5.546177
499 5.564238
500 5.559120
501 5.556386
502 5.550935
503 5.558251
504 5.560837
505 5.578572
506 5.583688
507 5.580690
508 5.593818
509 5.588688
510 5.601132
511 5.595788
512 5.603638
513 5.608430
514 5.610714
515 5.618332
516 5.613155
517 5.620806
518 5.623484
519 5.623559
520 5.628468
521 5.630660
522 5.625252
523 5.610307
524 5.615010
525 5.630583
526 5.635894
527 5.646179
528 5.666789
529 5.690068
530 5.689992
531 5.705346
532 5.707707
533 5.717870
534 5.720296
535 5.709712
536 5.716873
537 5.724610
538 5.742240
539 5.759755
540 5.774815
541 5.766925
542 5.777366
543 5.794849
544 5.797252
545 5.794651
546 5.796907
547 5.806933
548 5.802137
549 5.806864
550 5.814185
551 5.821907
552 5.832417
553 5.832318
554 5.855270
555 5.873203
556 5.886235
557 5.909777
558 5.933231
559 5.948688
560 5.956244
561 5.958857
562 5.963900
563 5.976925
564 5.986894
565 5.983903
566 5.999420
567 6.014911
568 6.027771
569 6.025024
570 6.025098
571 6.044881
572 6.047570
573 6.047613
574 6.057443
575 6.054403
576 6.054229
577 6.049154
578 6.051789
579 6.069662
580 6.069533
581 6.100219
582 6.084451
583 6.079222
584 6.086468
585 6.093975
586 6.088604
587 6.085705
588 6.093429
589 6.090595
590 6.109119
591 6.116848
592 6.109024
593 6.129568
594 6.124483
595 6.116761
596 6.116557
597 6.121487
598 6.131202
599 6.154012
600 6.154242
601 6.159084
602 6.161438
603 6.159337
604 6.157030
605 6.154243
606 6.159777
607 6.162048
608 6.162085
609 6.151806
610 6.146645
611 6.148906
612 6.154380
613 6.149152
614 6.156760
615 6.161944
616 6.161958
617 6.164581
618 6.161788
619 6.164317
620 6.184783
621 6.179523
622 6.187195
623 6.187225
624 6.184590
625 6.184588
626 6.184875
627 6.187594
628 6.195393
629 6.193110
630 6.191013
631 6.188797
632 6.196463
633 6.201669
634 6.212036
635 6.201528
636 6.191117
637 6.198802
638 6.190986
639 6.201018
640 6.205805
641 6.208319
642 6.223813
643 6.234224
644 6.236339
645 6.236348
646 6.249324
647 6.257486
648 6.270670
649 6.275689
650 6.290898
651 6.309116
652 6.324687
653 6.334694
654 6.336416
655 6.348489
656 6.361329
657 6.371403
658 6.381397
659 6.376779
660 6.371606
661 6.379099
662 6.366187
663 6.356010
664 6.364029
665 6.358558
666 6.358394
667 6.362952
668 6.352691
669 6.362779
670 6.364940
671 6.377593
672 6.390429
673 6.403063
674 6.415720
675 6.420416
676 6.417523
677 6.430309
678 6.445801
679 6.472037
680 6.471548
681 6.456334
682 6.458643
683 6.445543
684 6.447857
685 6.460584
686 6.463045
687 6.460129
688 6.467608
689 6.470172
690 6.464405
691 6.474557
692 6.492089
693 6.494674
694 6.504255
695 6.516813
696 6.513976
697 6.505587
698 6.520842
699 6.546731
700 6.543970
701 6.559131
702 6.561356
703 6.553186
704 6.542904
705 6.561185
706 6.571171
707 6.586330
708 6.596476
709 6.595794
710 6.587604
711 6.590415
712 6.586900
713 6.584613
714 6.579238
715 6.596566
716 6.591557
717 6.594177
718 6.589257
719 6.586305
720 6.570555
721 6.585680
722 6.590823
723 6.591428
724 6.599210
725 6.614253
726 6.619200
727 6.611068
728 6.615844
729 6.610264
730 6.612771
731 6.615366
732 6.638078
733 6.643070
734 6.655549
735 6.652651
736 6.641885
737 6.654504
738 6.654013
739 6.664398
740 6.664263
741 6.671405
742 6.681525
743 6.684121
744 6.699495
745 6.702146
746 6.691770
747 6.701936
748 6.701582
749 6.698498
750 6.708914
751 6.701520
752 6.716969
753 6.719310
754 6.721058
755 6.723249
756 6.720278
757 6.732881
758 6.730632
759 6.730212
760 6.745520
761 6.745687
762 6.737497
763 6.729334
764 6.729445
765 6.729499
766 6.724417
767 6.736940
768 6.752535
769 6.747549
770 6.747675
771 6.744992
772 6.734412
773 6.736621
774 6.734202
775 6.726846
776 6.729029
777 6.726112
778 6.738529
779 6.746429
780 6.748998
781 6.776251
782 6.773423
783 6.778713
784 6.773329
785 6.778022
786 6.772749
787 6.790378
788 6.790160
789 6.794725
790 6.797241
791 6.799595
792 6.805259
793 6.800347
794 6.800284
795 6.800214
796 6.812828
797 6.826114
798 6.831333
799 6.851750
800 6.859445
801 6.869652
802 6.872029
803 6.882081
804 6.884403
805 6.881745
806 6.886495
807 6.898974
808 6.893460
809 6.882950
810 6.878024
811 6.878019
812 6.885781
813 6.895234
814 6.902571
815 6.905069
816 6.914683
817 6.922458
818 6.927407
819 6.926838
820 6.939715
821 6.955163
822 6.965345
823 6.968062
824 6.975723
825 6.978375
826 6.975585
827 6.992949
828 7.008287
829 7.009999
830 7.025650
831 7.033027
832 7.058650
833 7.061376
834 7.066833
835 7.069425
836 7.074285
837 7.089499
838 7.089712
839 7.084209
840 7.081927
841 7.086958
842 7.091446
843 7.094174
844 7.103954
845 7.106398
846 7.119223
847 7.114020
848 7.108950
849 7.108911
850 7.108982
851 7.118346
852 7.107495
853 7.114424
854 7.116627
855 7.124549
856 7.140142
857 7.132507
858 7.133012
859 7.142854
860 7.147836
861 7.158013
862 7.163651
863 7.171056
864 7.173238
865 7.201015
866 7.198050
867 7.208030
868 7.220642
869 7.227982
870 7.233219
871 7.233200
872 7.227720
873 7.240267
874 7.250596
875 7.247426
876 7.252455
877 7.257411
878 7.270352
879 7.273310
880 7.283090
881 7.285663
882 7.293243
883 7.303341
884 7.306239
885 7.321566
886 7.321084
887 7.315945
888 7.313102
889 7.312938
890 7.310448
891 7.286901
892 7.291342
893 7.291422
894 7.286795
895 7.299381
896 7.306406
897 7.301252
898 7.305917
899 7.318728
900 7.308307
901 7.315840
902 7.317972
903 7.318146
904 7.318299
905 7.318059
906 7.313442
907 7.318619
908 7.323318
909 7.326180
910 7.346415
911 7.362106
912 7.364551
913 7.364833
914 7.364941
915 7.372805
916 7.380705
917 7.388259
918 7.398536
919 7.408841
920 7.419024
921 7.428808
922 7.446279
923 7.461033
924 7.467694
925 7.444212
926 7.446862
927 7.448827
928 7.465489
929 7.477946
930 7.485457
931 7.477657
932 7.475136
933 7.477785
934 7.470260
935 7.477453
936 7.480365
937 7.487828
938 7.487544
939 7.495265
940 7.486787
941 7.471060
942 7.471435
943 7.476748
944 7.479956
945 7.479842
946 7.474902
947 7.497768
948 7.497653
949 7.510813
950 7.512921
951 7.507681
952 7.504884
953 7.513154
954 7.520618
955 7.505825
956 7.513615
957 7.515246
958 7.527297
959 7.537673
960 7.544977
961 7.547588
962 7.557762
963 7.557895
964 7.553048
965 7.567972
966 7.570132
967 7.579934
968 7.582493
969 7.570151
970 7.580064
971 7.577556
972 7.569747
973 7.577284
974 7.571402
975 7.571400
976 7.573868
977 7.590114
978 7.602537
979 7.610293
980 7.607846
981 7.607761
982 7.612825
983 7.612687
984 7.620467
985 7.627700
986 7.630231
987 7.649729
988 7.659783
989 7.667032
990 7.657345
991 7.665103
992 7.670056
993 7.675170
994 7.680594
995 7.685733
996 7.685359
997 7.695967
998 7.706486
999 7.703952
1000 7.716779
1001 7.711177
1002 7.726743
1003 7.729350
1004 7.736963
1005 7.741963
1006 7.744039
1007 7.756968
1008 7.762134
1009 7.772119
1010 7.782317
1011 7.784549
1012 7.781801
1013 7.779267
1014 7.784541
1015 7.792107
1016 7.801779
1017 7.799231
1018 7.806376
1019 7.795359
1020 7.786859
1021 7.794283
1022 7.819488
1023 7.839465
1024 7.842170
1025 7.844629
1026 7.847279
1027 7.847050
1028 7.864687
1029 7.871773
1030 7.868361
1031 7.870852
1032 7.878480
1033 7.881414
1034 7.875844
1035 7.890782
1036 7.888331
1037 7.885998
1038 7.898529
1039 7.898240
1040 7.900498
1041 7.900897
1042 7.903587
1043 7.898224
1044 7.905658
1045 7.920601
1046 7.933143
1047 7.935676
1048 7.941549
1049 7.944117
1050 7.956456
1051 7.974165
1052 7.973911
1053 7.976341
1054 7.971207
1055 7.989030
1056 7.993633
1057 7.983707
1058 7.988679
1059 7.975824
1060 7.983703
1061 7.978750
1062 7.976251
1063 7.981372
1064 7.988601
1065 7.996073
1066 8.000862
1067 8.011115
1068 8.003816
1069 7.993824
1070 8.016433
1071 8.015658
1072 8.030310
1073 8.017028
1074 8.039744
1075 8.057247
1076 8.049392
1077 8.056902
1078 8.059574
1079 8.062616
1080 8.060090
1081 8.057348
1082 8.062259
1083 8.064441
1084 8.064820
1085 8.076926
1086 8.073968
1087 8.076046
1088 8.065905
1089 8.081330
1090 8.085491
1091 8.087649
1092 8.082454
1093 8.087739
1094 8.077524
1095 8.088133
1096 8.088097
1097 8.082795
1098 8.085321
1099 8.080004
1100 8.077199
1101 8.062184
1102 8.060212
1103 8.080702
1104 8.073466
1105 8.080823
1106 8.083054
1107 8.074870
1108 8.074728
1109 8.085079
1110 8.094780
1111 8.096938
1112 8.086964
1113 8.101386
1114 8.103495
1115 8.098362
1116 8.097987
1117 8.103523
1118 8.103482
1119 8.100728
1120 8.095501
1121 8.103294
1122 8.110897
1123 8.095672
1124 8.090032
1125 8.094052
1126 8.091779
1127 8.087198
1128 8.079454
1129 8.097123
1130 8.090947
1131 8.093544
1132 8.088428
1133 8.096483
1134 8.106315
1135 8.108819
1136 8.128836
1137 8.125873
1138 8.118185
1139 8.123249
1140 8.128202
1141 8.125518
1142 8.125317
1143 8.130360
1144 8.135425
1145 8.135291
1146 8.122614
1147 8.120564
1148 8.122674
1149 8.122689
1150 8.126988
1151 8.119030
1152 8.121517
1153 8.124144
1154 8.124060
1155 8.132122
1156 8.134913
1157 8.124916
1158 8.127133
1159 8.127526
1160 8.117309
1161 8.129872
1162 8.137571
1163 8.155775
1164 8.145222
1165 8.158011
1166 8.152895
1167 8.170755
1168 8.176033
1169 8.183924
1170 8.179066
1171 8.183768
1172 8.191652
1173 8.186226
1174 8.183189
1175 8.198245
1176 8.203073
1177 8.215624
1178 8.217971
1179 8.236374
1180 8.247187
1181 8.244376
1182 8.241851
1183 8.241688
1184 8.254609
1185 8.252135
1186 8.257653
1187 8.249469
1188 8.254718
1189 8.260107
1190 8.262348
1191 8.277629
1192 8.280332
1193 8.282807
1194 8.278038
1195 8.288049
1196 8.282663
1197 8.277887
1198 8.296334
1199 8.314313
1200 8.308889
1201 8.301469
1202 8.303928
1203 8.301504
1204 8.290484
1205 8.285878
1206 8.293356
1207 8.295876
1208 8.290591
1209 8.298442
1210 8.309094
1211 8.293697
1212 8.298170
1213 8.310656
1214 8.318560
1215 8.313556
1216 8.310787
1217 8.313634
1218 8.313814
1219 8.321700
1220 8.321667
1221 8.331923
1222 8.339775
1223 8.357742
1224 8.351881
1225 8.362274
1226 8.346674
1227 8.351594
1228 8.351665
1229 8.358962
1230 8.345913
1231 8.351127
1232 8.363726
1233 8.368805
1234 8.376239
1235 8.376047
1236 8.376181
1237 8.386521
1238 8.400955
1239 8.404147
1240 8.398939
1241 8.390997
1242 8.387835
1243 8.387572
1244 8.395244
1245 8.387637
1246 8.392540
1247 8.382299
1248 8.387385
1249 8.392910
1250 8.406619
1251 8.403257
1252 8.410872
1253 8.420428
1254 8.430931
1255 8.443346
1256 8.429538
1257 8.439519
1258 8.441955
1259 8.439398
1260 8.454605
1261 8.466908
1262 8.476119
1263 8.468515
1264 8.462394
1265 8.462600
1266 8.462721
1267 8.490105
1268 8.492663
1269 8.484320
1270 8.477271
1271 8.479709
1272 8.471669
1273 8.482193
1274 8.485249
1275 8.497701
1276 8.492145
1277 8.486699
1278 8.491475
1279 8.501853
1280 8.506757
1281 8.502118
1282 8.517187
1283 8.524440
1284 8.538976
1285 8.551642
1286 8.550784
1287 8.545914
1288 8.551461
1289 8.572036
1290 8.570002
1291 8.569761
1292 8.577285
1293 8.589200
1294 8.593617
1295 8.606327
1296 8.593531
1297 8.596232
1298 8.593586
1299 8.592752
1300 8.590028
1301 8.610967
1302 8.605164
1303 8.601945
1304 8.607187
1305 8.626837
1306 8.626201
1307 8.638647
1308 8.644034
1309 8.657092
1310 8.646765
1311 8.636395
1312 8.638368
1313 8.653056
1314 8.662615
1315 8.665203
1316 8.662781
1317 8.662754
1318 8.677533
1319 8.667019
1320 8.666442
1321 8.671553
1322 8.673147
1323 8.680647
1324 8.698929
1325 8.703682
1326 8.711107
1327 8.721046
1328 8.723538
1329 8.713342
1330 8.723285
1331 8.721402
1332 8.731332
1333 8.743555
1334 8.745952
1335 8.753529
1336 8.745997
1337 8.747492
1338 8.749949
1339 8.770421
1340 8.772919
1341 8.777930
1342 8.782347
1343 8.782690
1344 8.785886
1345 8.775744
1346 8.795861
1347 8.790646
1348 8.797936
1349 8.813373
1350 8.810927
1351 8.817274
1352 8.827292
1353 8.819355
1354 8.821907
1355 8.841247
1356 8.853645
1357 8.851543
1358 8.853979
1359 8.856310
1360 8.868880
1361 8.881654
1362 8.879666
1363 8.864241
1364 8.864670
1365 8.877175
1366 8.869425
1367 8.876967
1368 8.873860
1369 8.881217
1370 8.878771
1371 8.876866
1372 8.896982
1373 8.899503
1374 8.916857
1375 8.904439
1376 8.899289
1377 8.906664
1378 8.925736
1379 8.929946
1380 8.931205
1381 8.929749
1382 8.924279
1383 8.927140
1384 8.919850
1385 8.917291
1386 8.914246
1387 8.899226
1388 8.888889
1389 8.904450
1390 8.907018
1391 8.921324
1392 8.923652
1393 8.928419
1394 8.927571
1395 8.922348
1396 8.901369
1397 8.924271
1398 8.915837
1399 8.905241
1400 8.927703
1401 8.933151
1402 8.930364
1403 8.930018
1404 8.951704
1405 8.961043
1406 8.963123
1407 8.967812
1408 8.990203
1409 8.994929
1410 8.999625
1411 9.017008
1412 9.027198
1413 9.027020
1414 9.031448
1415 9.036369
1416 9.040223
1417 9.042929
1418 9.034754
1419 9.018396
1420 9.027885
1421 9.027598
1422 9.039675
1423 9.046954
1424 9.041644
1425 9.047215
1426 9.042494
1427 9.050180
1428 9.055043
1429 9.052340
1430 9.061916
1431 9.067158
1432 9.064366
1433 9.074618
1434 9.074516
1435 9.049274
1436 9.048779
1437 9.058544
1438 9.068612
1439 9.073449
1440 9.083202
1441 9.085873
1442 9.078644
1443 9.068349
1444 9.062858
1445 9.060254
1446 9.065728
1447 9.063586
1448 9.058881
1449 9.050635
1450 9.055786
1451 9.057932
1452 9.068013
1453 9.097432
1454 9.072157
1455 9.071650
1456 9.069858
1457 9.070218
1458 9.083250
1459 9.092658
1460 9.092776
1461 9.103553
1462 9.108393
1463 9.115628
1464 9.127494
1465 9.127161
1466 9.134411
1467 9.144599
1468 9.154607
1469 9.169185
1470 9.158537
1471 9.152948
1472 9.153141
1473 9.150687
1474 9.159802
1475 9.162524
1476 9.168223
1477 9.152876
1478 9.157611
1479 9.172392
1480 9.179434
1481 9.196346
1482 9.203415
1483 9.208181
1484 9.217835
1485 9.212873
1486 9.212849
1487 9.197556
1488 9.200076
1489 9.185163
1490 9.192039
1491 9.194708
1492 9.209891
1493 9.195425
1494 9.203475
1495 9.193416
1496 9.190583
1497 9.189598
1498 9.179156
1499 9.164236
1500 9.161434
1501 9.168554
1502 9.170625
1503 9.183408
1504 9.193912
1505 9.186171
1506 9.178438
1507 9.152477
1508 9.165024
1509 9.159397
1510 9.159669
1511 9.174271
1512 9.173926
1513 9.174005
1514 9.181580
1515 9.184291
1516 9.180210
1517 9.172156
1518 9.169776
1519 9.169565
1520 9.179625
1521 9.179815
1522 9.177582
1523 9.182806
1524 9.197947
1525 9.210789
1526 9.210865
1527 9.216353
1528 9.216208
1529 9.223571
1530 9.226076
1531 9.228365
1532 9.233206
1533 9.240821
1534 9.255722
1535 9.252810
1536 9.254940
1537 9.249900
1538 9.252151
1539 9.252728
1540 9.259999
1541 9.261126
1542 9.263942
1543 9.279149
1544 9.286647
1545 9.279110
1546 9.296366
1547 9.288918
1548 9.273362
1549 9.263485
1550 9.273907
1551 9.271505
1552 9.275966
1553 9.280780
1554 9.272859
1555 9.290670
1556 9.300482
1557 9.292679
1558 9.292530
1559 9.297331
1560 9.294830
1561 9.302793
1562 9.305057
1563 9.314279
1564 9.314332
1565 9.309322
1566 9.308014
1567 9.320960
1568 9.325899
1569 9.330848
1570 9.346115
1571 9.359217
1572 9.371890
1573 9.379170
1574 9.377031
1575 9.374236
1576 9.373947
1577 9.360486
1578 9.358873
1579 9.359000
1580 9.361662
1581 9.353445
1582 9.361065
1583 9.342240
1584 9.332797
1585 9.338063
1586 9.338376
1587 9.333292
1588 9.345589
1589 9.360609
1590 9.363048
1591 9.370601
1592 9.367990
1593 9.365151
1594 9.379885
1595 9.402745
1596 9.407656
1597 9.412372
1598 9.422317
1599 9.429856
1600 9.429787
1601 9.424701
1602 9.419346
1603 9.416815
1604 9.421597
1605 9.431615
1606 9.431388
1607 9.449195
1608 9.459711
1609 9.469254
1610 9.489403
1611 9.498875
1612 9.507916
1613 9.503085
1614 9.497614
1615 9.502941
1616 9.508017
1617 9.507933
1618 9.509509
1619 9.517132
1620 9.526972
1621 9.539172
1622 9.536243
1623 9.553850
1624 9.559048
1625 9.549084
1626 9.559338
1627 9.559431
1628 9.564299
1629 9.577126
1630 9.587281
1631 9.589500
1632 9.582056
1633 9.586619
1634 9.591929
1635 9.606263
1636 9.600491
1637 9.602418
1638 9.595363
1639 9.600376
1640 9.610264
1641 9.607309
1642 9.617087
1643 9.639544
1644 9.639582
1645 9.642264
1646 9.639780
1647 9.649206
1648 9.649252
1649 9.663640
1650 9.658288
1651 9.653800
1652 9.681683
1653 9.681342
1654 9.684334
1655 9.686648
1656 9.689685
1657 9.691712
1658 9.700962
1659 9.697413
1660 9.685142
1661 9.701969
1662 9.704523
1663 9.709126
1664 9.719006
1665 9.726478
1666 9.731229
1667 9.732776
1668 9.737144
1669 9.734446
1670 9.723910
1671 9.724362
1672 9.717215
1673 9.719804
1674 9.721971
1675 9.701951
1676 9.696986
1677 9.696653
1678 9.696314
1679 9.693757
1680 9.698283
1681 9.708232
1682 9.695268
1683 9.700504
1684 9.697673
1685 9.700328
1686 9.702956
1687 9.705164
1688 9.712691
1689 9.723033
1690 9.730446
1691 9.728692
1692 9.734505
1693 9.746497
1694 9.744250
1695 9.736402
1696 9.729100
1697 9.728721
1698 9.726029
1699 9.730744
1700 9.734379
1701 9.726737
1702 9.749548
1703 9.761664
1704 9.759201
1705 9.771958
1706 9.777199
1707 9.769561
1708 9.779823
1709 9.776712
1710 9.782296
1711 9.781828
1712 9.776975
1713 9.775287
1714 9.792902
1715 9.800818
1716 9.805173
1717 9.797693
1718 9.780000
1719 9.779608
1720 9.787445
1721 9.784733
1722 9.794505
1723 9.809878
1724 9.811826
1725 9.808823
1726 9.816035
1727 9.833811
1728 9.843429
1729 9.838723
1730 9.826578
1731 9.830680
1732 9.845677
1733 9.845604
1734 9.853100
1735 9.845254
1736 9.847448
1737 9.857728
1738 9.859941
1739 9.856853
1740 9.854085
1741 9.846001
1742 9.863624
1743 9.865909
1744 9.871232
1745 9.871001
1746 9.868383
1747 9.860517
1748 9.860917
1749 9.847781
1750 9.859717
1751 9.864077
1752 9.876097
1753 9.880710
1754 9.895913
1755 9.898761
1756 9.905905
1757 9.908235
1758 9.904912
1759 9.907706
1760 9.920124
1761 9.913912
1762 9.906892
1763 9.905927
1764 9.911328
1765 9.895922
1766 9.900860
1767 9.898428
1768 9.888732
1769 9.896278
1770 9.904217
1771 9.906547
1772 9.916122
1773 9.910679
1774 9.910678
1775 9.905310
1776 9.894741
1777 9.894523
1778 9.884014
1779 9.886423
1780 9.887970
1781 9.894578
1782 9.914113
1783 9.905615
1784 9.893186
1785 9.880560
1786 9.878062
1787 9.885213
1788 9.884823
1789 9.881687
1790 9.888958
1791 9.898676
1792 9.908494
1793 9.905971
1794 9.918309
1795 9.921223
1796 9.923944
1797 9.929302
1798 9.950783
1799 9.957814
1800 9.957289
1801 9.964553
1802 9.984199
1803 9.981641
1804 9.973299
1805 9.970909
1806 9.982925
1807 9.984789
1808 9.985296
1809 9.995426
1810 9.995240
1811 9.992627
1812 10.008400
1813 10.007889
1814 10.018501
1815 10.015697
1816 10.025432
1817 10.025917
1818 10.027579
1819 10.032180
1820 10.056140
1821 10.056369
1822 10.059358
1823 10.059311
1824 10.052006
1825 10.062255
1826 10.056596
1827 10.056968
1828 10.049729
1829 10.034628
1830 10.035143
1831 10.027149
1832 10.022525
1833 10.033152
1834 10.032488
1835 10.042690
1836 10.047589
1837 10.036293
1838 10.038212
1839 10.032813
1840 10.030579
1841 10.030503
1842 10.038177
1843 10.038926
1844 10.048246
1845 10.055566
1846 10.045771
1847 10.060991
1848 10.071271
1849 10.069038
1850 10.093419
1851 10.115385
1852 10.110004
1853 10.104999
1854 10.109867
1855 10.112249
1856 10.104497
1857 10.099643
1858 10.119802
1859 10.131147
1860 10.140736
1861 10.155680
1862 10.155688
1863 10.145700
1864 10.151382
1865 10.165875
1866 10.173431
1867 10.183071
1868 10.182821
1869 10.208161
1870 10.213314
1871 10.236506
1872 10.238978
1873 10.249291
1874 10.262011
1875 10.267183
1876 10.266725
1877 10.263669
1878 10.264294
1879 10.266456
1880 10.261204
1881 10.258001
1882 10.255698
1883 10.265636
1884 10.260405
1885 10.255585
1886 10.255115
1887 10.245394
1888 10.252150
1889 10.259222
1890 10.256253
1891 10.252881
1892 10.245489
1893 10.242989
1894 10.247719
1895 10.250436
1896 10.247936
1897 10.257342
1898 10.242473
1899 10.249532
1900 10.232331
1901 10.239627
1902 10.244230
1903 10.252394
1904 10.257019
1905 10.267176
1906 10.259892
1907 10.259237
1908 10.259615
1909 10.262472
1910 10.259526
1911 10.284580
1912 10.294654
1913 10.302131
1914 10.303354
1915 10.304359
1916 10.301974
1917 10.289451
1918 10.299510
1919 10.312036
1920 10.321930
1921 10.327770
1922 10.333029
1923 10.345291
1924 10.339549
1925 10.338922
1926 10.339175
1927 10.347708
1928 10.350350
1929 10.355107
1930 10.351466
1931 10.361421
1932 10.381400
1933 10.384161
1934 10.395788
1935 10.411052
1936 10.416296
1937 10.424405
1938 10.426985
1939 10.427064
1940 10.449795
1941 10.452100
1942 10.462269
1943 10.466055
1944 10.488427
1945 10.496357
1946 10.498713
1947 10.495872
1948 10.496313
1949 10.506513
1950 10.519428
1951 10.514092
1952 10.524673
1953 10.529566
1954 10.534434
1955 10.532217
1956 10.527963
1957 10.529589
1958 10.534842
1959 10.520270
1960 10.542087
1961 10.546852
1962 10.553701
1963 10.561026
1964 10.566352
1965 10.563689
1966 10.569086
1967 10.563047
1968 10.565838
1969 10.568619
1970 10.561624
1971 10.566241
1972 10.579273
1973 10.581293
1974 10.589160
1975 10.604227
1976 10.601022
1977 10.595940
1978 10.602680
1979 10.587153
1980 10.587711
1981 10.580229
1982 10.580392
1983 10.584951
1984 10.590188
1985 10.577369
1986 10.579402
1987 10.581767
1988 10.576610
1989 10.583619
1990 10.598309
1991 10.603162
1992 10.618083
1993 10.628685
1994 10.635239
1995 10.637562
1996 10.642854
1997 10.629925
1998 10.627316
1999 10.634451
2000 10.624434
2001 10.617477
2002 10.616870
2003 10.622247
2004 10.622205
2005 10.624828
2006 10.624471
2007 10.624658
2008 10.619372
2009 10.626368
2010 10.626391
2011 10.638033
2012 10.635478
2013 10.640699
2014 10.637673
2015 10.640119
2016 10.655220
2017 10.640039
2018 10.647412
2019 10.662541
2020 10.659317
2021 10.662446
2022 10.659326
2023 10.656508
2024 10.658682
2025 10.656765
2026 10.668738
2027 10.669369
2028 10.669515
2029 10.673978
2030 10.684428
2031 10.694406
2032 10.686921
2033 10.696564
2034 10.689769
2035 10.700165
2036 10.700683
2037 10.699501
2038 10.719107
2039 10.721746
2040 10.709763
2041 10.704329
2042 10.712087
2043 10.704520
2044 10.710424
2045 10.718307
2046 10.726139
2047 10.731436
2048 10.720995
2049 10.703671
2050 10.690735
2051 10.685596
2052 10.674846
2053 10.677677
2054 10.680189
2055 10.687180
2056 10.682509
2057 10.686978
2058 10.690127
2059 10.690453
2060 10.692201
2061 10.706445
2062 10.709235
2063 10.715613
2064 10.729932
2065 10.735222
2066 10.747551
2067 10.749197
2068 10.748807
2069 10.751184
2070 10.763676
2071 10.763100
2072 10.764717
2073 10.765078
2074 10.760192
2075 10.762782
2076 10.757950
2077 10.758067
2078 10.757902
2079 10.765855
2080 10.759875
2081 10.762841
2082 10.775365
2083 10.779479
2084 10.771353
2085 10.773618
2086 10.766003
2087 10.761410
2088 10.759121
2089 10.766822
2090 10.761984
2091 10.762088
2092 10.781576
2093 10.783837
2094 10.788332
2095 10.779021
2096 10.777169
2097 10.769342
2098 10.772183
2099 10.774286
2100 10.779534
2101 10.774167
2102 10.787215
2103 10.790016
2104 10.792791
2105 10.794842
2106 10.792704
2107 10.782402
2108 10.794235
2109 10.801938
2110 10.789336
2111 10.794448
2112 10.793801
2113 10.783529
2114 10.781579
2115 10.781654
2116 10.782536
2117 10.795311
2118 10.789877
2119 10.790043
2120 10.787994
2121 10.797657
2122 10.805449
2123 10.815055
2124 10.830238
2125 10.820125
2126 10.814681
2127 10.817050
2128 10.815983
2129 10.818808
2130 10.831352
2131 10.833946
2132 10.840922
2133 10.822958
2134 10.826965
2135 10.831878
2136 10.851590
2137 10.859222
2138 10.858819
2139 10.854553
2140 10.857766
2141 10.859985
2142 10.877018
2143 10.874867
2144 10.875506
2145 10.865579
2146 10.885904
2147 10.890418
2148 10.885760
2149 10.884668
2150 10.884231
2151 10.879536
2152 10.889286
2153 10.886733
2154 10.897401
2155 10.891769
2156 10.904180
2157 10.896517
2158 10.903494
2159 10.907740
2160 10.904453
2161 10.903853
2162 10.893405
2163 10.890987
2164 10.892594
2165 10.891949
2166 10.901998
2167 10.904450
2168 10.899160
2169 10.904746
2170 10.907909
2171 10.897766
2172 10.880757
2173 10.870436
2174 10.878257
2175 10.875943
2176 10.885610
2177 10.895259
2178 10.898199
2179 10.900823
2180 10.898079
2181 10.912725
2182 10.928767
2183 10.925980
2184 10.931156
2185 10.931339
2186 10.923828
2187 10.929401
2188 10.926983
2189 10.927389
2190 10.924684
2191 10.917271
2192 10.917048
2193 10.929857
2194 10.929071
2195 10.921655
2196 10.928695
2197 10.930649
2198 10.927911
2199 10.941047
2200 10.947774
2201 10.962640
2202 10.974465
2203 10.974057
2204 10.971158
2205 10.978827
2206 10.985915
2207 10.983432
2208 10.999045
2209 11.019240
2210 11.006579
2211 11.002589
2212 11.002000
2213 11.011392
2214 11.010962
2215 11.003596
2216 11.003822
2217 11.016346
2218 11.013472
2219 11.011868
2220 11.014595
2221 11.011356
2222 11.024036
2223 11.026961
2224 11.025218
2225 11.033189
2226 11.045988
2227 11.050720
2228 11.055569
2229 11.067241
2230 11.079503
2231 11.076509
2232 11.094016
2233 11.098672
2234 11.103352
2235 11.090635
2236 11.107816
2237 11.127478
2238 11.129853
2239 11.135394
2240 11.132829
2241 11.139087
2242 11.136337
2243 11.141132
2244 11.128816
2245 11.134216
2246 11.139384
2247 11.136474
2248 11.142031
2249 11.139930
2250 11.139583
2251 11.146516
2252 11.153621
2253 11.140782
2254 11.137858
2255 11.147681
2256 11.152756
2257 11.147693
2258 11.149901
2259 11.149705
2260 11.152068
2261 11.162048
2262 11.164095
2263 11.168343
2264 11.183050
2265 11.197783
2266 11.195277
2267 11.194917
2268 11.196717
2269 11.202866
2270 11.198345
2271 11.190466
2272 11.195576
2273 11.197286
2274 11.205675
2275 11.210263
2276 11.208541
2277 11.220024
2278 11.227654
2279 11.237268
2280 11.251155
2281 11.248644
2282 11.252454
2283 11.255229
2284 11.264121
2285 11.261303
2286 11.269077
2287 11.277339
2288 11.289740
2289 11.298471
2290 11.313164
2291 11.307859
2292 11.322225
2293 11.322205
2294 11.327039
2295 11.321361
2296 11.332797
2297 11.332729
2298 11.337653
2299 11.345631
2300 11.349567
2301 11.362272
2302 11.369627
2303 11.366546
2304 11.378083
2305 11.388829
2306 11.380820
2307 11.371224
2308 11.368620
2309 11.368221
2310 11.380342
2311 11.377319
2312 11.386719
2313 11.386854
2314 11.383713
2315 11.383952
2316 11.398979
2317 11.401176
2318 11.390754
2319 11.395098
2320 11.386134
2321 11.400705
2322 11.399562
2323 11.399304
2324 11.404559
2325 11.408913
2326 11.418456
2327 11.413716
2328 11.410866
2329 11.425076
2330 11.422869
2331 11.430195
2332 11.435640
2333 11.437992
2334 11.442509
2335 11.441965
2336 11.444419
2337 11.454545
2338 11.461791
2339 11.466069
2340 11.453536
2341 11.461289
2342 11.476581
2343 11.481007
2344 11.481654
2345 11.476695
2346 11.467221
2347 11.475231
2348 11.477641
2349 11.492351
2350 11.498691
2351 11.511268
2352 11.508617
2353 11.501163
2354 11.503677
2355 11.513908
2356 11.516129
2357 11.528354
2358 11.530464
2359 11.539748
2360 11.545238
2361 11.558103
2362 11.553911
2363 11.548322
2364 11.542415
2365 11.543000
2366 11.555263
2367 11.564790
2368 11.565453
2369 11.582851
2370 11.590749
2371 11.596224
2372 11.613357
2373 11.618372
2374 11.632860
2375 11.623196
2376 11.625005
2377 11.618172
2378 11.621188
2379 11.614994
2380 11.639090
2381 11.649169
2382 11.644732
2383 11.641954
2384 11.630853
2385 11.626091
2386 11.635859
2387 11.630728
2388 11.620429
2389 11.619818
2390 11.614607
2391 11.625092
2392 11.639913
2393 11.629405
2394 11.629202
2395 11.626705
2396 11.620869
2397 11.632851
2398 11.627837
2399 11.617156
2400 11.601762
2401 11.599892
2402 11.609719
2403 11.611202
2404 11.621378
2405 11.619154
2406 11.608615
2407 11.610177
2408 11.615266
2409 11.615185
2410 11.614350
2411 11.621116
2412 11.634070
2413 11.633955
2414 11.645774
2415 11.660208
2416 11.663290
2417 11.643479
2418 11.641055
2419 11.650390
2420 11.650457
2421 11.660514
2422 11.666101
2423 11.668413
2424 11.668529
2425 11.678705
2426 11.676546
2427 11.676976
2428 11.682450
2429 11.686771
2430 11.701667
2431 11.706840
2432 11.712947
2433 11.713073
2434 11.707628
2435 11.706602
2436 11.703454
2437 11.695753
2438 11.693073
2439 11.683127
2440 11.692085
2441 11.694775
2442 11.691544
2443 11.691261
2444 11.700955
2445 11.706223
2446 11.721225
2447 11.731414
2448 11.731493
2449 11.744445
2450 11.732060
2451 11.730265
2452 11.730014
2453 11.727339
2454 11.725579
2455 11.735640
2456 11.753306
2457 11.771913
2458 11.771716
2459 11.773347
2460 11.783222
2461 11.775732
2462 11.780525
2463 11.780754
2464 11.786191
2465 11.790713
2466 11.790846
2467 11.790295
2468 11.799186
2469 11.796418
2470 11.786518
2471 11.769653
2472 11.766109
2473 11.770990
2474 11.774664
2475 11.772084
2476 11.782783
2477 11.787881
2478 11.785122
2479 11.785156
2480 11.782212
2481 11.780180
2482 11.778155
2483 11.783768
2484 11.797747
2485 11.805051
2486 11.798058
2487 11.810653
2488 11.815218
2489 11.808307
2490 11.818444
2491 11.807913
2492 11.795213
2493 11.805401
2494 11.807880
2495 11.789165
2496 11.795398
2497 11.802886
2498 11.806480
2499 11.810898
2500 11.810159
2501 11.812795
2502 11.819608
2503 11.821317
2504 11.821310
2505 11.826425
2506 11.828451
2507 11.843765
2508 11.861087
2509 11.864144
2510 11.873374
2511 11.868135
2512 11.860004
2513 11.858970
2514 11.873869
2515 11.874117
2516 11.892723
2517 11.910257
2518 11.910354
2519 11.914992
2520 11.913336
2521 11.919357
2522 11.921289
2523 11.926094
2524 11.941147
2525 11.935813
2526 11.928107
2527 11.929959
2528 11.929557
2529 11.927106
2530 11.931657
2531 11.930875
2532 11.938162
2533 11.933790
2534 11.935404
2535 11.934831
2536 11.936585
2537 11.931644
2538 11.950419
2539 11.949844
2540 11.944432
2541 11.964028
2542 11.966385
2543 11.966561
2544 11.967458
2545 11.959687
2546 11.964705
2547 11.974400
2548 11.980663
2549 11.980565
2550 11.978555
2551 11.997858
2552 11.995062
2553 11.987221
2554 11.979809
2555 11.989369
2556 11.981113
2557 11.985951
2558 11.988361
2559 11.978852
2560 11.971871
2561 11.974671
2562 11.979703
2563 11.990663
2564 11.983363
2565 11.988758
2566 11.983207
2567 12.000083
2568 12.002676
2569 11.996538
2570 11.989157
2571 11.982101
2572 11.976690
2573 11.988050
2574 11.972287
2575 11.971645
2576 11.966402
2577 11.976500
2578 11.981622
2579 11.986747
2580 11.984196
2581 11.991501
2582 11.998762
2583 12.011284
2584 12.011136
2585 12.013786
2586 12.025655
2587 12.035952
2588 12.033780
2589 12.038262
2590 12.035592
2591 12.027755
2592 12.025288
2593 12.042914
2594 12.042625
2595 12.039795
2596 12.049673
2597 12.032858
2598 12.028194
2599 12.028912
2600 12.034283
2601 12.031221
2602 12.033908
2603 12.019509
2604 12.044206
2605 12.018131
2606 12.030607
2607 12.023509
2608 12.018532
2609 12.022923
2610 12.030149
2611 12.032162
2612 12.025777
2613 12.033457
2614 12.037996
2615 12.027695
2616 12.018244
2617 12.029597
2618 12.031880
2619 12.036446
2620 12.041538
2621 12.041391
2622 12.040907
2623 12.038154
2624 12.040620
2625 12.047379
2626 12.047175
2627 12.042384
2628 12.035025
2629 12.034542
2630 12.043768
2631 12.051732
2632 12.031042
2633 12.043271
2634 12.048861
2635 12.064962
2636 12.047464
2637 12.057177
2638 12.051377
2639 12.054006
2640 12.059161
2641 12.060554
2642 12.055629
2643 12.058935
2644 12.049407
2645 12.041790
2646 12.036525
2647 12.056093
2648 12.057549
2649 12.065650
2650 12.082707
2651 12.082383
2652 12.091943
2653 12.092123
2654 12.099857
2655 12.099389
2656 12.092119
2657 12.096661
2658 12.096655
2659 12.094815
2660 12.102247
2661 12.113917
2662 12.118255
2663 12.107966
2664 12.115889
2665 12.105640
2666 12.126189
2667 12.126553
2668 12.111061
2669 12.113375
2670 12.115756
2671 12.128566
2672 12.136113
2673 12.122849
2674 12.132520
2675 12.137688
2676 12.140167
2677 12.141909
2678 12.136987
2679 12.136157
2680 12.133425
2681 12.118367
2682 12.120690
2683 12.134013
2684 12.136331
2685 12.135201
2686 12.146555
2687 12.163388
2688 12.166046
2689 12.163311
2690 12.167842
2691 12.170352
2692 12.171760
2693 12.176148
2694 12.190870
2695 12.182740
2696 12.177485
2697 12.167094
2698 12.154726
2699 12.152045
2700 12.153870
2701 12.153329
2702 12.158336
2703 12.160280
2704 12.163239
2705 12.170470
2706 12.177157
2707 12.191738
2708 12.189213
2709 12.197018
2710 12.184441
2711 12.191335
2712 12.199409
2713 12.194921
2714 12.194936
2715 12.194591
2716 12.182442
2717 12.190376
2718 12.182029
2719 12.191109
2720 12.198512
2721 12.208811
2722 12.237637
2723 12.237033
2724 12.236818
2725 12.246471
2726 12.265735
2727 12.275593
2728 12.272329
2729 12.263166
2730 12.266418
2731 12.263733
2732 12.258897
2733 12.266960
2734 12.261462
2735 12.272041
2736 12.276959
2737 12.277073
2738 12.267355
2739 12.267401
2740 12.267031
2741 12.284363
2742 12.284343
2743 12.284388
2744 12.294542
2745 12.289658
2746 12.299796
2747 12.312123
2748 12.311841
2749 12.312289
2750 12.319825
2751 12.336481
2752 12.341556
2753 12.334197
2754 12.331086
2755 12.325969
2756 12.313115
2757 12.327502
2758 12.322735
2759 12.321728
2760 12.329411
2761 12.333736
2762 12.333404
2763 12.333033
2764 12.335183
2765 12.334408
2766 12.334856
2767 12.346714
2768 12.351004
2769 12.353448
2770 12.351316
2771 12.357089
2772 12.359489
2773 12.347129
2774 12.349894
2775 12.344595
2776 12.347385
2777 12.345209
2778 12.344857
2779 12.349787
2780 12.346668
2781 12.356220
2782 12.358685
2783 12.363171
2784 12.358505
2785 12.368160
2786 12.365672
2787 12.369761
2788 12.382603
2789 12.375610
2790 12.363688
2791 12.359106
2792 12.351131
2793 12.355317
2794 12.358545
2795 12.370368
2796 12.380181
2797 12.369350
2798 12.367518
2799 12.393070
2800 12.390366
2801 12.394228
2802 12.394690
2803 12.388677
2804 12.397200
2805 12.399695
2806 12.406725
2807 12.421377
2808 12.423446
2809 12.428076
2810 12.430747
2811 12.437236
2812 12.429485
2813 12.434147
2814 12.433566
2815 12.428615
2816 12.436320
2817 12.442885
2818 12.440383
2819 12.439016
2820 12.449240
2821 12.459528
2822 12.476825
2823 12.481610
2824 12.498764
2825 12.496799
2826 12.493970
2827 12.498693
2828 12.503670
2829 12.514767
2830 12.517544
2831 12.524664
2832 12.529211
2833 12.524247
2834 12.532894
2835 12.536912
2836 12.539966
2837 12.544800
2838 12.548997
2839 12.553651
2840 12.563634
2841 12.541782
2842 12.534187
2843 12.528148
2844 12.535583
2845 12.525656
2846 12.532143
2847 12.536888
2848 12.534221
2849 12.527264
2850 12.539137
2851 12.531888
2852 12.532482
2853 12.522653
2854 12.515019
2855 12.519395
2856 12.507012
2857 12.509701
2858 12.517450
2859 12.524638
2860 12.522348
2861 12.522265
2862 12.532149
2863 12.522565
2864 12.526357
2865 12.534633
2866 12.544921
2867 12.540364
2868 12.544512
2869 12.536586
2870 12.548964
2871 12.539176
2872 12.537349
2873 12.552780
2874 12.549995
2875 12.540452
2876 12.525860
2877 12.525621
2878 12.531135
2879 12.533893
2880 12.538694
2881 12.528576
2882 12.531722
2883 12.531244
2884 12.522132
2885 12.522812
2886 12.517820
2887 12.524686
2888 12.524592
2889 12.518547
2890 12.521224
2891 12.521261
2892 12.525563
2893 12.532153
2894 12.537346
2895 12.540224
2896 12.534633
2897 12.541464
2898 12.541737
2899 12.539144
2900 12.535126
2901 12.538087
2902 12.542385
2903 12.549479
2904 12.554088
2905 12.561673
2906 12.567441
2907 12.568115
2908 12.577477
2909 12.589876
2910 12.592193
2911 12.604554
2912 12.605203
2913 12.607332
2914 12.606398
2915 12.597575
2916 12.577127
2917 12.579579
2918 12.569426
2919 12.574176
2920 12.578157
2921 12.569731
2922 12.564655
2923 12.574320
2924 12.571557
2925 12.557834
2926 12.569821
2927 12.584068
2928 12.581651
2929 12.572005
2930 12.566360
2931 12.579616
2932 12.577478
2933 12.570648
2934 12.568526
2935 12.575937
2936 12.583166
2937 12.582277
2938 12.577149
2939 12.584795
2940 12.586763
2941 12.586952
2942 12.595475
2943 12.597256
2944 12.594144
2945 12.595400
2946 12.588351
2947 12.590762
2948 12.607552
2949 12.612104
2950 12.619674
2951 12.629606
2952 12.637032
2953 12.632605
2954 12.629788
2955 12.629508
2956 12.634293
2957 12.622514
2958 12.617860
2959 12.618047
2960 12.618255
2961 12.622237
2962 12.623182
2963 12.622999
2964 12.621044
2965 12.630784
2966 12.638706
2967 12.639609
2968 12.655683
2969 12.670481
2970 12.687462
2971 12.689987
2972 12.698464
2973 12.701140
2974 12.700770
2975 12.695680
2976 12.700458
2977 12.694732
2978 12.682191
2979 12.689932
2980 12.695639
2981 12.702846
2982 12.689691
2983 12.691738
2984 12.706335
2985 12.731544
2986 12.726313
2987 12.730627
2988 12.737475
2989 12.757497
2990 12.771925
2991 12.773352
2992 12.775795
2993 12.773228
2994 12.767835
2995 12.770486
2996 12.770553
2997 12.777801
2998 12.783032
2999 12.777938
