Dcm
0 0.025832
1 0.063366
2 0.084806
3 0.106240
4 0.116962
5 0.141079
6 0.181242
7 0.194634
8 0.213374
9 0.248152
10 0.269544
11 0.293628
12 0.325708
13 0.336395
14 0.355074
15 0.376450
16 0.400465
17 0.429839
18 0.451219
19 0.493927
20 0.528654
21 0.576597
22 0.603249
23 0.627243
24 0.653891
25 0.685825
26 0.709760
27 0.744379
28 0.768304
29 0.794984
30 0.818922
31 0.850861
32 0.861498
33 0.880152
34 0.909358
35 0.938479
36 0.973010
37 1.002267
38 1.031573
39 1.050134
40 1.087269
41 1.127124
42 1.151014
43 1.180188
44 1.193351
45 1.219800
46 1.232989
47 1.246196
48 1.267410
49 1.296544
50 1.323106
51 1.349484
52 1.368085
53 1.399866
54 1.428938
55 1.450044
56 1.465961
57 1.484537
58 1.508360
59 1.516334
60 1.553437
61 1.571928
62 1.595710
63 1.614238
64 1.632829
65 1.656541
66 1.677615
67 1.719894
68 1.733122
69 1.754232
70 1.772657
71 1.788525
72 1.812304
73 1.827945
74 1.843683
75 1.859351
76 1.880260
77 1.901348
78 1.919569
79 1.951227
80 1.961754
81 1.977567
82 1.993340
83 2.009111
84 2.030027
85 2.045788
86 2.069522
87 2.082651
88 2.116997
89 2.124946
90 2.138043
91 2.148393
92 2.161479
93 2.171877
94 2.176967
95 2.197975
96 2.205860
97 2.224170
98 2.250322
99 2.260674
100 2.271036
101 2.292161
102 2.310464
103 2.312959
104 2.323361
105 2.355169
106 2.368233
107 2.378590
108 2.391691
109 2.412530
110 2.441512
111 2.449367
112 2.475361
113 2.485880
114 2.493759
115 2.514666
116 2.530456
117 2.543444
118 2.553817
119 2.561592
120 2.564136
121 2.582317
122 2.595362
123 2.618952
124 2.631902
125 2.668748
126 2.673805
127 2.678997
128 2.686722
129 2.707551
130 2.730729
131 2.751659
132 2.764646
133 2.777663
134 2.801093
135 2.811246
136 2.829522
137 2.847708
138 2.850272
139 2.847656
140 2.860820
141 2.860792
142 2.886880
143 2.900069
144 2.910565
145 2.913172
146 2.915685
147 2.928818
148 2.941967
149 2.947097
150 2.967989
151 2.988903
152 2.996851
153 2.994224
154 3.009576
155 3.020012
156 3.035673
157 3.061640
158 3.085110
159 3.103193
160 3.121642
161 3.139697
162 3.160495
163 3.168232
164 3.168220
165 3.178608
166 3.207475
167 3.207368
168 3.215338
169 3.225628
170 3.238861
171 3.238961
172 3.257053
173 3.270248
174 3.280676
175 3.272607
176 3.272381
177 3.274997
178 3.298303
179 3.300834
180 3.303346
181 3.316441
182 3.316353
183 3.316355
184 3.321728
185 3.324341
186 3.327076
187 3.313756
188 3.329404
189 3.342393
190 3.365946
191 3.363181
192 3.363312
193 3.368493
194 3.373325
195 3.378616
196 3.397084
197 3.399958
198 3.410432
199 3.434082
200 3.447039
201 3.449169
202 3.469631
203 3.472050
204 3.479629
205 3.479546
206 3.497986
207 3.495229
208 3.492556
209 3.495187
210 3.508109
211 3.523751
212 3.531646
213 3.547162
214 3.565533
215 3.573123
216 3.583573
217 3.599382
218 3.617704
219 3.623076
220 3.641142
221 3.654261
222 3.654334
223 3.651498
224 3.661757
225 3.664289
226 3.672128
227 3.685035
228 3.698115
229 3.705677
230 3.716126
231 3.742129
232 3.752490
233 3.765320
234 3.796244
235 3.806553
236 3.801062
237 3.803637
238 3.824644
239 3.829636
240 3.826862
241 3.855288
242 3.863018
243 3.871056
244 3.867918
245 3.888878
246 3.901409
247 3.914464
248 3.937944
249 3.953527
250 3.969445
251 3.966488
252 3.976834
253 3.979398
254 3.979222
255 3.989601
256 4.005024
257 4.002373
258 4.007610
259 4.012779
260 4.020429
261 4.033098
262 4.038050
263 4.035215
264 4.047963
265 4.053394
266 4.047990
267 4.053032
268 4.066123
269 4.060988
270 4.068858
271 4.074095
272 4.084149
273 4.086734
274 4.097044
275 4.094240
276 4.101859
277 4.099233
278 4.106658
279 4.122115
280 4.111803
281 4.127355
282 4.137765
283 4.153220
284 4.142815
285 4.147806
286 4.168993
287 4.176598
288 4.171363
289 4.171053
290 4.189154
291 4.196866
292 4.196648
293 4.209545
294 4.206875
295 4.211997
296 4.222217
297 4.224387
298 4.224405
299 4.234817
300 4.247851
301 4.255833
302 4.250581
303 4.263505
304 4.263608
305 4.273913
306 4.273677
307 4.278697
308 4.291616
309 4.309703
310 4.322417
311 4.327539
312 4.340645
313 4.335048
314 4.347785
315 4.368439
316 4.375861
317 4.380824
318 4.385978
319 4.391605
320 4.396871
321 4.412222
322 4.432609
323 4.453450
324 4.463978
325 4.461367
326 4.474241
327 4.481837
328 4.481601
329 4.499484
330 4.491781
331 4.502111
332 4.499757
333 4.510220
334 4.496931
335 4.497008
336 4.496470
337 4.501518
338 4.498825
339 4.503827
340 4.519011
341 4.521675
342 4.516269
343 4.513606
344 4.531578
345 4.534200
346 4.552125
347 4.564908
348 4.575214
349 4.575252
350 4.585827
351 4.593581
352 4.596062
353 4.595954
354 4.598172
355 4.590239
356 4.597934
357 4.610652
358 4.615780
359 4.631581
360 4.613155
361 4.628987
362 4.634137
363 4.639396
364 4.649939
365 4.639314
366 4.638904
367 4.654775
368 4.667868
369 4.657662
370 4.668258
371 4.668164
372 4.667920
373 4.659949
374 4.670252
375 4.685793
376 4.688375
377 4.691247
378 4.704200
379 4.695893
380 4.693339
381 4.705983
382 4.708621
383 4.695666
384 4.711555
385 4.716555
386 4.724292
387 4.734397
388 4.739720
389 4.734582
390 4.745170
391 4.758099
392 4.776104
393 4.781209
394 4.793863
395 4.796579
396 4.796474
397 4.796138
398 4.806487
399 4.801177
400 4.801165
401 4.816641
402 4.829899
403 4.837367
404 4.826983
405 4.847650
406 4.842180
407 4.854714
408 4.859771
409 4.862005
410 4.867137
411 4.882760
412 4.885178
413 4.897974
414 4.908010
415 4.910463
416 4.920791
417 4.918577
418 4.923907
419 4.928914
420 4.934225
421 4.936713
422 4.954482
423 4.954443
424 4.954230
425 4.977384
426 4.990277
427 5.003493
428 4.998331
429 5.006127
430 5.019001
431 5.021488
432 5.042269
433 5.044910
434 5.044737
435 5.041814
436 5.049384
437 5.041237
438 5.054450
439 5.057006
440 5.069814
441 5.074569
442 5.087381
443 5.097648
444 5.092525
445 5.084332
446 5.091930
447 5.102287
448 5.107514
449 5.112580
450 5.114965
451 5.109852
452 5.120426
453 5.125687
454 5.141136
455 5.146385
456 5.156979
457 5.174722
458 5.167000
459 5.166812
460 5.172314
461 5.211343
462 5.203492
463 5.216328
464 5.216247
465 5.224060
466 5.221381
467 5.221235
468 5.236756
469 5.228988
470 5.236903
471 5.249615
472 5.246477
473 5.246370
474 5.254014
475 5.261747
476 5.253720
477 5.258632
478 5.268496
479 5.281005
480 5.289256
481 5.286551
482 5.296368
483 5.311905
484 5.317170
485 5.319464
486 5.345615
487 5.358867
488 5.350371
489 5.352763
490 5.368603
491 5.381587
492 5.384264
493 5.392131
494 5.394775
495 5.394766
496 5.417699
497 5.430533
498 5.430232
499 5.440396
500 5.445724
501 5.450405
502 5.449984
503 5.447419
504 5.457968
505 5.468103
506 5.471082
507 5.470781
508 5.493950
509 5.486230
510 5.488709
511 5.485976
512 5.482828
513 5.490397
514 5.498141
515 5.495432
516 5.484814
517 5.491727
518 5.496563
519 5.501523
520 5.508897
521 5.521855
522 5.529589
523 5.526690
524 5.534299
525 5.550046
526 5.573383
527 5.577968
528 5.577552
529 5.579885
530 5.587453
531 5.605824
532 5.610328
533 5.612770
534 5.599064
535 5.593780
536 5.611784
537 5.619492
538 5.634951
539 5.627320
540 5.627522
541 5.624870
542 5.632398
543 5.631701
544 5.623941
545 5.629031
546 5.618438
547 5.618535
548 5.615822
549 5.605188
550 5.586417
551 5.594093
552 5.596264
553 5.606120
554 5.608644
555 5.595336
556 5.605424
557 5.604781
558 5.604826
559 5.604914
560 5.627973
561 5.635584
562 5.637963
563 5.635232
564 5.645386
565 5.634761
566 5.640189
567 5.642515
568 5.642157
569 5.652203
570 5.675110
571 5.672578
572 5.680835
573 5.670823
574 5.662645
575 5.675550
576 5.693058
577 5.708017
578 5.697379
579 5.705344
580 5.707378
581 5.697138
582 5.702476
583 5.714044
584 5.721688
585 5.726724
586 5.734170
587 5.741814
588 5.733972
589 5.741724
590 5.741466
591 5.738928
592 5.731033
593 5.736425
594 5.738893
595 5.736185
596 5.741409
597 5.743619
598 5.756924
599 5.759386
600 5.766924
601 5.779939
602 5.784826
603 5.787298
604 5.774176
605 5.791927
606 5.804872
607 5.796258
608 5.804398
609 5.799330
610 5.809469
611 5.811996
612 5.817390
613 5.829887
614 5.835465
615 5.840464
616 5.835188
617 5.847721
618 5.850375
619 5.845010
620 5.844984
621 5.841958
622 5.842357
623 5.855176
624 5.857330
625 5.859572
626 5.856974
627 5.856815
628 5.854053
629 5.859474
630 5.874674
631 5.884665
632 5.887473
633 5.900268
634 5.894453
635 5.894030
636 5.914327
637 5.916681
638 5.926330
639 5.930911
640 5.928088
641 5.936062
642 5.941486
643 5.941614
644 5.941465
645 5.938768
646 5.938852
647 5.943688
648 5.930965
649 5.941298
650 5.938238
651 5.943449
652 5.943662
653 5.948389
654 5.958753
655 5.963757
656 5.966277
657 5.973633
658 5.970745
659 5.952623
660 5.960264
661 5.947357
662 5.955046
663 5.970863
664 5.975618
665 5.980628
666 5.986013
667 5.998482
668 6.000440
669 6.033545
670 6.043994
671 6.061749
672 6.072325
673 6.061911
674 6.062037
675 6.072536
676 6.090658
677 6.093046
678 6.103538
679 6.107800
680 6.109877
681 6.104797
682 6.112767
683 6.117781
684 6.122875
685 6.133085
686 6.132853
687 6.148502
688 6.138199
689 6.140683
690 6.145273
691 6.155490
692 6.160450
693 6.189188
694 6.194203
695 6.201488
696 6.206522
697 6.216520
698 6.229579
699 6.226901
700 6.235023
701 6.242240
702 6.244567
703 6.247091
704 6.251962
705 6.254364
706 6.257192
707 6.257139
708 6.270335
709 6.280707
710 6.288466
711 6.295994
712 6.295782
713 6.293366
714 6.298850
715 6.311835
716 6.316695
717 6.318714
718 6.326555
719 6.318652
720 6.331580
721 6.329033
722 6.323726
723 6.323840
724 6.336463
725 6.344093
726 6.349667
727 6.357605
728 6.367902
729 6.362525
730 6.367414
731 6.364549
732 6.367375
733 6.362096
734 6.367177
735 6.379346
736 6.392046
737 6.399733
738 6.402337
739 6.399510
740 6.404577
741 6.425119
742 6.433105
743 6.440118
744 6.444789
745 6.460054
746 6.467539
747 6.459090
748 6.446414
749 6.449202
750 6.438840
751 6.433927
752 6.428701
753 6.433892
754 6.446993
755 6.441449
756 6.451487
757 6.446509
758 6.464736
759 6.470377
760 6.465574
761 6.481053
762 6.480998
763 6.499082
764 6.503999
765 6.511572
766 6.513730
767 6.516457
768 6.522054
769 6.514037
770 6.521688
771 6.531810
772 6.531370
773 6.533956
774 6.539046
775 6.546359
776 6.548454
777 6.563741
778 6.558605
779 6.556220
780 6.568850
781 6.560731
782 6.568038
783 6.546779
784 6.546860
785 6.546399
786 6.551187
787 6.558696
788 6.560573
789 6.573316
790 6.570666
791 6.591397
792 6.609313
793 6.599317
794 6.596887
795 6.607097
796 6.614330
797 6.611970
798 6.616734
799 6.618193
800 6.620158
801 6.612481
802 6.640497
803 6.645367
804 6.642612
805 6.642212
806 6.634882
807 6.629736
808 6.627068
809 6.632467
810 6.634501
811 6.634070
812 6.634085
813 6.644167
814 6.649117
815 6.651489
816 6.653718
817 6.673751
818 6.662452
819 6.664838
820 6.672866
821 6.672218
822 6.676829
823 6.681151
824 6.689217
825 6.691267
826 6.706669
827 6.721951
828 6.734257
829 6.729010
830 6.752483
831 6.752220
832 6.760007
833 6.769788
834 6.769425
835 6.766978
836 6.774142
837 6.771405
838 6.791939
839 6.797326
840 6.791966
841 6.794332
842 6.784313
843 6.789428
844 6.789273
845 6.789248
846 6.792172
847 6.784108
848 6.789072
849 6.789122
850 6.789014
851 6.804388
852 6.809346
853 6.801559
854 6.801750
855 6.799651
856 6.804534
857 6.802013
858 6.809463
859 6.799310
860 6.799235
861 6.786773
862 6.786621
863 6.791292
864 6.804018
865 6.816607
866 6.814204
867 6.819140
868 6.821630
869 6.834193
870 6.841451
871 6.840769
872 6.843257
873 6.843204
874 6.842814
875 6.845079
876 6.842253
877 6.839535
878 6.839394
879 6.842749
880 6.840151
881 6.845191
882 6.847844
883 6.855567
884 6.855190
885 6.855089
886 6.855436
887 6.860687
888 6.835583
889 6.832135
890 6.836631
891 6.838899
892 6.846405
893 6.861060
894 6.869383
895 6.871972
896 6.871823
897 6.868861
898 6.878895
899 6.870952
900 6.875400
901 6.867412
902 6.867411
903 6.875064
904 6.885161
905 6.874922
906 6.877617
907 6.877630
908 6.856742
909 6.846245
910 6.846114
911 6.848188
912 6.850797
913 6.863876
914 6.863578
915 6.866189
916 6.866353
917 6.863427
918 6.860355
919 6.854934
920 6.880841
921 6.896530
922 6.896326
923 6.898991
924 6.901523
925 6.911530
926 6.919416
927 6.916720
928 6.919181
929 6.921483
930 6.916023
931 6.905461
932 6.912603
933 6.915074
934 6.927757
935 6.927926
936 6.922663
937 6.913949
938 6.908790
939 6.921667
940 6.924753
941 6.927525
942 6.940649
943 6.947866
944 6.945602
945 6.945409
946 6.957989
947 6.967896
948 6.978315
949 6.978701
950 6.973327
951 6.962755
952 6.967568
953 6.972847
954 6.975439
955 6.967460
956 6.959598
957 6.956734
958 6.954250
959 6.962039
960 6.969944
961 6.967391
962 6.985167
963 7.003015
964 7.015627
965 7.010119
966 7.010461
967 7.010290
968 6.994987
969 6.990064
970 6.989982
971 6.981453
972 7.004336
973 7.011418
974 7.016148
975 7.008647
976 7.018580
977 7.021098
978 7.017873
979 7.017484
980 7.021932
981 7.032193
982 7.029372
983 7.031643
984 7.039085
985 7.036792
986 7.052202
987 7.051506
988 7.066955
989 7.066224
990 7.059377
991 7.064843
992 7.064908
993 7.072359
994 7.082894
995 7.090454
996 7.092885
997 7.104994
998 7.104900
999 7.109766
1000 7.110017
1001 7.114930
1002 7.106904
1003 7.106576
1004 7.109192
1005 7.109264
1006 7.116998
1007 7.117026
1008 7.137349
1009 7.126612
1010 7.131949
1011 7.133963
1012 7.146915
1013 7.146519
1014 7.140991
1015 7.150813
1016 7.148038
1017 7.153481
1018 7.155754
1019 7.155515
1020 7.170550
1021 7.191225
1022 7.188810
1023 7.186476
1024 7.199250
1025 7.194058
1026 7.206922
1027 7.211964
1028 7.219739
1029 7.227420
1030 7.232575
1031 7.232115
1032 7.246426
1033 7.259432
1034 7.272120
1035 7.274969
1036 7.274916
1037 7.298082
1038 7.307616
1039 7.305182
1040 7.307421
1041 7.322289
1042 7.329851
1043 7.347928
1044 7.349870
1045 7.349535
1046 7.349425
1047 7.344329
1048 7.344688
1049 7.359854
1050 7.370042
1051 7.375046
1052 7.377552
1053 7.385120
1054 7.382830
1055 7.377516
1056 7.380333
1057 7.373096
1058 7.363167
1059 7.360590
1060 7.362682
1061 7.378132
1062 7.383126
1063 7.385468
1064 7.390631
1065 7.398132
1066 7.405780
1067 7.405620
1068 7.400571
1069 7.395284
1070 7.408353
1071 7.400802
1072 7.421125
1073 7.410966
1074 7.410771
1075 7.418464
1076 7.418050
1077 7.413170
1078 7.413234
1079 7.421044
1080 7.423414
1081 7.420509
1082 7.422713
1083 7.417883
1084 7.425198
1085 7.430162
1086 7.430082
1087 7.437448
1088 7.437068
1089 7.442452
1090 7.463558
1091 7.485837
1092 7.478362
1093 7.470950
1094 7.455827
1095 7.437364
1096 7.434781
1097 7.426897
1098 7.427335
1099 7.429865
1100 7.424664
1101 7.429387
1102 7.432119
1103 7.431824
1104 7.439499
1105 7.447366
1106 7.449981
1107 7.468034
1108 7.465543
1109 7.476271
1110 7.473411
1111 7.473748
1112 7.473818
1113 7.478992
1114 7.473572
1115 7.490866
1116 7.475748
1117 7.475113
1118 7.482220
1119 7.487661
1120 7.484465
1121 7.479557
1122 7.479377
1123 7.478947
1124 7.481642
1125 7.483691
1126 7.481003
1127 7.480749
1128 7.488992
1129 7.506573
1130 7.508911
1131 7.513821
1132 7.534109
1133 7.528535
1134 7.536282
1135 7.535993
1136 7.541158
1137 7.561383
1138 7.558088
1139 7.545400
1140 7.555210
1141 7.576055
1142 7.578971
1143 7.580831
1144 7.585878
1145 7.588459
1146 7.593731
1147 7.596626
1148 7.596145
1149 7.606205
1150 7.608622
1151 7.601337
1152 7.601178
1153 7.598452
1154 7.607976
1155 7.625638
1156 7.620572
1157 7.633022
1158 7.633079
1159 7.641083
1160 7.643569
1161 7.648025
1162 7.645706
1163 7.656086
1164 7.659022
1165 7.664155
1166 7.658944
1167 7.663812
1168 7.663395
1169 7.668073
1170 7.680551
1171 7.675460
1172 7.692684
1173 7.702832
1174 7.697707
1175 7.707922
1176 7.705136
1177 7.702449
1178 7.704664
1179 7.704687
1180 7.722363
1181 7.724950
1182 7.734448
1183 7.726601
1184 7.728874
1185 7.738697
1186 7.746575
1187 7.751183
1188 7.756700
1189 7.759227
1190 7.759342
1191 7.744156
1192 7.749580
1193 7.746387
1194 7.743835
1195 7.743383
1196 7.735292
1197 7.730286
1198 7.748058
1199 7.750054
1200 7.750319
1201 7.762724
1202 7.771632
1203 7.784506
1204 7.795078
1205 7.810259
1206 7.820818
1207 7.841309
1208 7.836643
1209 7.829618
1210 7.824279
1211 7.808896
1212 7.808786
1213 7.814078
1214 7.816208
1215 7.816256
1216 7.831112
1217 7.833696
1218 7.843822
1219 7.846147
1220 7.851192
1221 7.863870
1222 7.876287
1223 7.866126
1224 7.874074
1225 7.899483
1226 7.906776
1227 7.911254
1228 7.914019
1229 7.913767
1230 7.916250
1231 7.926464
1232 7.931508
1233 7.951829
1234 7.949402
1235 7.951321
1236 7.956582
1237 7.961558
1238 7.953777
1239 7.958742
1240 7.974161
1241 7.983853
1242 7.981298
1243 7.989131
1244 7.998764
1245 7.996042
1246 7.987991
1247 7.980024
1248 7.977073
1249 7.974975
1250 7.965096
1251 7.962548
1252 7.957872
1253 7.960477
1254 7.971082
1255 7.973194
1256 7.975822
1257 7.980774
1258 7.984964
1259 7.982123
1260 7.999270
1261 8.006947
1262 7.994202
1263 7.986645
1264 7.980900
1265 7.996540
1266 8.003930
1267 7.998526
1268 7.993306
1269 8.006143
1270 7.998130
1271 7.990608
1272 8.003490
1273 8.014339
1274 8.029409
1275 8.021176
1276 8.026307
1277 8.028747
1278 8.030768
1279 8.023141
1280 8.023310
1281 8.027461
1282 8.042782
1283 8.047790
1284 8.042500
1285 8.044647
1286 8.036900
1287 8.036923
1288 8.039602
1289 8.031584
1290 8.039431
1291 8.054306
1292 8.041450
1293 8.057430
1294 8.057141
1295 8.059745
1296 8.044349
1297 8.062165
1298 8.059122
1299 8.064470
1300 8.076303
1301 8.084198
1302 8.088867
1303 8.103740
1304 8.105723
1305 8.092849
1306 8.100557
1307 8.105798
1308 8.126304
1309 8.133828
1310 8.146221
1311 8.154168
1312 8.149406
1313 8.141685
1314 8.144685
1315 8.139938
1316 8.154462
1317 8.154402
1318 8.144477
1319 8.159860
1320 8.154507
1321 8.169829
1322 8.172125
1323 8.176818
1324 8.174137
1325 8.173704
1326 8.186511
1327 8.189010
1328 8.183881
1329 8.194446
1330 8.194200
1331 8.181165
1332 8.178371
1333 8.185780
1334 8.185457
1335 8.193096
1336 8.203484
1337 8.187722
1338 8.179742
1339 8.196983
1340 8.206155
1341 8.196438
1342 8.192668
1343 8.189816
1344 8.203218
1345 8.201026
1346 8.195232
1347 8.194366
1348 8.199946
1349 8.196802
1350 8.201797
1351 8.201640
1352 8.204180
1353 8.186213
1354 8.198842
1355 8.201230
1356 8.214107
1357 8.200853
1358 8.208786
1359 8.201228
1360 8.206517
1361 8.206071
1362 8.206514
1363 8.206728
1364 8.206298
1365 8.201398
1366 8.194006
1367 8.186696
1368 8.188951
1369 8.194176
1370 8.189229
1371 8.207055
1372 8.209177
1373 8.216724
1374 8.214461
1375 8.214696
1376 8.227002
1377 8.234226
1378 8.231511
1379 8.249570
1380 8.252343
1381 8.264211
1382 8.259517
1383 8.272069
1384 8.290047
1385 8.294273
1386 8.299301
1387 8.288914
1388 8.297090
1389 8.309949
1390 8.297290
1391 8.322668
1392 8.314578
1393 8.314513
1394 8.307738
1395 8.311326
1396 8.300947
1397 8.308693
1398 8.303735
1399 8.298902
1400 8.306565
1401 8.288728
1402 8.293803
1403 8.296082
1404 8.301002
1405 8.318898
1406 8.327101
1407 8.345283
1408 8.340721
1409 8.328240
1410 8.315451
1411 8.312937
1412 8.328126
1413 8.352745
1414 8.352910
1415 8.355538
1416 8.365183
1417 8.362602
1418 8.370103
1419 8.380243
1420 8.382166
1421 8.397454
1422 8.412850
1423 8.427679
1424 8.430090
1425 8.433032
1426 8.450296
1427 8.463032
1428 8.452989
1429 8.447313
1430 8.457311
1431 8.466760
1432 8.470987
1433 8.473816
1434 8.494048
1435 8.493781
1436 8.499539
1437 8.510249
1438 8.504705
1439 8.507386
1440 8.514502
1441 8.523935
1442 8.518958
1443 8.528992
1444 8.538530
1445 8.554001
1446 8.554106
1447 8.558932
1448 8.563853
1449 8.573979
1450 8.583740
1451 8.588528
1452 8.593549
1453 8.591160
1454 8.591052
1455 8.590949
1456 8.575893
1457 8.578356
1458 8.580505
1459 8.590836
1460 8.588402
1461 8.603661
1462 8.611601
1463 8.618889
1464 8.616196
1465 8.609194
1466 8.598519
1467 8.596043
1468 8.593915
1469 8.601480
1470 8.604288
1471 8.608885
1472 8.611576
1473 8.606370
1474 8.608291
1475 8.611174
1476 8.624154
1477 8.627177
1478 8.621856
1479 8.611192
1480 8.615782
1481 8.612311
1482 8.612608
1483 8.627968
1484 8.631069
1485 8.626223
1486 8.634014
1487 8.615860
1488 8.620367
1489 8.638024
1490 8.651019
1491 8.656172
1492 8.656186
1493 8.671207
1494 8.673568
1495 8.675226
1496 8.670280
1497 8.679645
1498 8.672288
1499 8.672383
1500 8.687523
1501 8.684801
1502 8.684941
1503 8.700095
1504 8.709822
1505 8.712176
1506 8.706957
1507 8.702111
1508 8.694501
1509 8.696464
1510 8.688744
1511 8.691378
1512 8.699190
1513 8.699568
1514 8.694585
1515 8.701861
1516 8.707030
1517 8.704505
1518 8.712373
1519 8.727138
1520 8.734238
1521 8.736457
1522 8.728850
1523 8.722763
1524 8.722380
1525 8.716812
1526 8.706607
1527 8.714296
1528 8.706017
1529 8.713353
1530 8.715840
1531 8.740447
1532 8.743261
1533 8.745932
1534 8.748179
1535 8.742469
1536 8.742055
1537 8.742063
1538 8.744872
1539 8.747745
1540 8.750898
1541 8.763526
1542 8.756329
1543 8.758928
1544 8.771457
1545 8.792044
1546 8.781798
1547 8.781720
1548 8.779239
1549 8.776656
1550 8.777036
1551 8.766504
1552 8.780770
1553 8.775852
1554 8.772642
1555 8.787719
1556 8.785384
1557 8.780113
1558 8.785064
1559 8.784911
1560 8.766812
1561 8.763982
1562 8.766592
1563 8.770996
1564 8.774322
1565 8.762040
1566 8.770339
1567 8.770065
1568 8.770072
1569 8.769364
1570 8.764201
1571 8.754051
1572 8.751224
1573 8.743491
1574 8.748757
1575 8.748648
1576 8.766684
1577 8.779024
1578 8.789105
1579 8.789053
1580 8.794706
1581 8.809891
1582 8.812497
1583 8.829970
1584 8.834245
1585 8.849735
1586 8.857471
1587 8.860029
1588 8.853710
1589 8.866811
1590 8.856606
1591 8.878970
1592 8.871835
1593 8.874484
1594 8.881770
1595 8.881689
1596 8.876700
1597 8.879267
1598 8.895836
1599 8.885312
1600 8.892735
1601 8.894383
1602 8.906440
1603 8.917103
1604 8.924406
1605 8.924111
1606 8.929351
1607 8.931075
1608 8.948998
1609 8.953451
1610 8.958450
1611 8.963602
1612 8.976383
1613 8.971412
1614 8.989393
1615 9.002095
1616 9.009684
1617 9.016690
1618 9.015820
1619 9.024000
1620 9.026313
1621 9.024019
1622 9.031348
1623 9.033198
1624 9.027906
1625 9.022887
1626 9.027447
1627 9.032764
1628 9.032858
1629 9.026119
1630 9.029783
1631 9.049412
1632 9.046812
1633 9.031432
1634 9.034282
1635 9.032057
1636 9.022128
1637 9.014503
1638 9.008712
1639 9.024274
1640 9.019463
1641 9.006555
1642 9.020991
1643 9.031444
1644 9.048751
1645 9.043174
1646 9.055072
1647 9.049540
1648 9.059493
1649 9.064661
1650 9.063484
1651 9.073922
1652 9.076552
1653 9.061747
1654 9.058761
1655 9.060505
1656 9.053075
1657 9.060656
1658 9.067724
1659 9.077821
1660 9.071062
1661 9.070432
1662 9.067637
1663 9.085025
1664 9.084974
1665 9.079776
1666 9.089625
1667 9.104144
1668 9.118849
1669 9.115807
1670 9.121674
1671 9.138958
1672 9.141580
1673 9.146585
1674 9.143514
1675 9.153207
1676 9.168154
1677 9.180604
1678 9.180504
1679 9.177601
1680 9.187129
1681 9.194524
1682 9.197039
1683 9.202356
1684 9.207652
1685 9.201868
1686 9.214424
1687 9.231444
1688 9.226363
1689 9.220838
1690 9.233659
1691 9.231332
1692 9.236306
1693 9.257257
1694 9.249433
1695 9.236967
1696 9.242054
1697 9.259812
1698 9.267067
1699 9.267397
1700 9.277428
1701 9.277520
1702 9.284755
1703 9.281922
1704 9.287186
1705 9.304352
1706 9.311475
1707 9.318654
1708 9.323233
1709 9.322218
1710 9.321851
1711 9.319141
1712 9.317025
1713 9.322290
1714 9.329427
1715 9.334297
1716 9.334188
1717 9.339776
1718 9.351797
1719 9.339150
1720 9.344419
1721 9.346819
1722 9.337065
1723 9.327094
1724 9.336891
1725 9.342020
1726 9.344228
1727 9.351548
1728 9.359260
1729 9.353795
1730 9.366224
1731 9.367673
1732 9.365173
1733 9.372993
1734 9.375626
1735 9.382289
1736 9.374574
1737 9.374437
1738 9.377016
1739 9.373838
1740 9.378710
1741 9.394072
1742 9.399448
1743 9.396902
1744 9.394448
1745 9.404925
1746 9.387382
1747 9.382226
1748 9.397788
1749 9.405369
1750 9.397351
1751 9.401976
1752 9.414602
1753 9.422082
1754 9.411983
1755 9.407347
1756 9.412249
1757 9.422311
1758 9.421888
1759 9.421012
1760 9.423799
1761 9.413338
1762 9.403833
1763 9.402979
1764 9.405082
1765 9.399394
1766 9.404326
1767 9.407332
1768 9.405006
1769 9.409579
1770 9.419290
1771 9.416823
1772 9.406706
1773 9.416306
1774 9.408360
1775 9.402848
1776 9.407383
1777 9.414862
1778 9.425833
1779 9.426241
1780 9.421426
1781 9.416022
1782 9.406244
1783 9.396751
1784 9.401377
1785 9.405914
1786 9.418783
1787 9.423213
1788 9.420462
1789 9.417866
1790 9.412472
1791 9.403283
1792 9.402918
1793 9.400990
1794 9.403890
1795 9.414053
1796 9.424553
1797 9.434153
1798 9.430832
1799 9.441274
1800 9.442142
1801 9.444908
1802 9.434691
1803 9.436551
1804 9.447670
1805 9.440384
1806 9.442896
1807 9.437793
1808 9.431928
1809 9.432542
1810 9.436609
1811 9.443871
1812 9.453772
1813 9.454166
1814 9.448276
1815 9.450338
1816 9.452198
1817 9.450031
1818 9.446942
1819 9.444847
1820 9.448538
1821 9.455688
1822 9.470718
1823 9.478288
1824 9.488280
1825 9.505840
1826 9.490329
1827 9.485586
1828 9.492818
1829 9.504861
1830 9.504738
1831 9.509550
1832 9.512089
1833 9.521700
1834 9.521692
1835 9.519253
1836 9.529271
1837 9.532089
1838 9.531913
1839 9.541816
1840 9.538861
1841 9.539340
1842 9.526846
1843 9.522001
1844 9.527094
1845 9.527095
1846 9.542141
1847 9.552741
1848 9.557739
1849 9.567445
1850 9.572319
1851 9.576326
1852 9.576440
1853 9.577168
1854 9.574753
1855 9.571966
1856 9.574046
1857 9.574141
1858 9.563975
1859 9.575757
1860 9.606058
1861 9.598465
1862 9.600897
1863 9.608204
1864 9.613470
1865 9.615753
1866 9.617695
1867 9.612377
1868 9.606853
1869 9.604297
1870 9.612153
1871 9.612084
1872 9.609738
1873 9.594439
1874 9.598999
1875 9.603772
1876 9.596007
1877 9.605192
1878 9.606903
1879 9.622149
1880 9.629046
1881 9.636231
1882 9.636160
1883 9.635944
1884 9.630640
1885 9.625197
1886 9.613202
1887 9.615575
1888 9.622367
1889 9.617445
1890 9.614645
1891 9.624406
1892 9.618940
1893 9.622063
1894 9.627087
1895 9.621640
1896 9.619396
1897 9.605163
1898 9.607797
1899 9.620402
1900 9.623740
1901 9.619315
1902 9.626261
1903 9.628658
1904 9.623433
1905 9.633986
1906 9.639146
1907 9.639412
1908 9.641898
1909 9.649774
1910 9.652443
1911 9.639735
1912 9.645541
1913 9.650657
1914 9.655514
1915 9.653213
1916 9.655748
1917 9.655990
1918 9.663580
1919 9.683701
1920 9.695769
1921 9.690243
1922 9.704933
1923 9.710029
1924 9.717350
1925 9.702268
1926 9.705048
1927 9.705388
1928 9.717858
1929 9.707748
1930 9.707715
1931 9.697951
1932 9.705932
1933 9.701549
1934 9.706609
1935 9.718242
1936 9.706202
1937 9.708788
1938 9.713455
1939 9.706206
1940 9.721676
1941 9.728900
1942 9.747284
1943 9.751953
1944 9.757245
1945 9.769888
1946 9.777064
1947 9.776761
1948 9.781020
1949 9.766245
1950 9.771404
1951 9.781084
1952 9.781083
1953 9.785881
1954 9.788596
1955 9.778661
1956 9.777718
1957 9.783174
1958 9.785358
1959 9.790657
1960 9.785376
1961 9.788407
1962 9.801900
1963 9.804196
1964 9.811432
1965 9.816776
1966 9.810847
1967 9.820716
1968 9.826133
1969 9.813492
1970 9.811114
1971 9.811244
1972 9.803126
1973 9.800573
1974 9.805404
1975 9.795432
1976 9.797473
1977 9.796426
1978 9.786484
1979 9.776571
1980 9.784212
1981 9.789146
1982 9.776960
1983 9.769464
1984 9.779296
1985 9.773397
1986 9.765021
1987 9.764730
1988 9.775560
1989 9.767919
1990 9.770406
1991 9.775530
1992 9.770484
1993 9.777848
1994 9.792624
1995 9.792454
1996 9.790065
1997 9.792265
1998 9.797173
1999 9.811456
2000 9.822357
2001 9.824776
2002 9.825135
2003 9.809827
2004 9.805083
2005 9.814654
2006 9.819920
2007 9.814477
2008 9.826879
2009 9.829181
2010 9.829315
2011 9.826907
2012 9.832156
2013 9.819353
2014 9.821907
2015 9.814966
2016 9.807280
2017 9.802212
2018 9.814476
2019 9.813886
2020 9.823536
2021 9.826654
2022 9.808898
2023 9.808885
2024 9.813885
2025 9.808842
2026 9.823246
2027 9.825693
2028 9.838657
2029 9.831930
2030 9.834919
2031 9.833174
2032 9.831207
2033 9.833703
2034 9.841162
2035 9.848702
2036 9.843102
2037 9.833311
2038 9.858315
2039 9.861177
2040 9.863314
2041 9.865793
2042 9.868108
2043 9.874146
2044 9.881654
2045 9.886421
2046 9.877016
2047 9.897157
2048 9.889714
2049 9.899616
2050 9.911952
2051 9.909314
2052 9.911957
2053 9.918880
2054 9.926620
2055 9.929210
2056 9.931543
2057 9.924192
2058 9.921580
2059 9.909017
2060 9.918587
2061 9.921689
2062 9.931943
2063 9.934740
2064 9.939729
2065 9.934500
2066 9.941724
2067 9.943255
2068 9.948195
2069 9.952409
2070 9.967408
2071 9.977562
2072 9.962293
2073 9.970000
2074 9.967754
2075 9.974673
2076 9.974937
2077 9.979239
2078 9.966436
2079 9.977141
2080 9.986872
2081 9.979316
2082 9.984271
2083 9.964108
2084 9.951664
2085 9.943336
2086 9.953163
2087 9.957867
2088 9.960279
2089 9.962580
2090 9.975088
2091 9.982184
2092 10.000035
2093 10.022845
2094 10.022988
2095 10.020381
2096 10.018466
2097 10.023652
2098 10.016197
2099 10.021277
2100 10.031165
2101 10.026743
2102 10.031860
2103 10.026451
2104 10.028869
2105 10.034188
2106 10.023619
2107 10.034081
2108 10.042071
2109 10.051410
2110 10.048315
2111 10.046012
2112 10.045450
2113 10.058109
2114 10.048597
2115 10.063119
2116 10.062828
2117 10.076023
2118 10.077929
2119 10.078120
2120 10.080651
2121 10.085662
2122 10.075830
2123 10.080699
2124 10.090369
2125 10.096875
2126 10.093455
2127 10.097442
2128 10.104619
2129 10.094236
2130 10.093746
2131 10.096223
2132 10.098940
2133 10.114102
2134 10.119421
2135 10.127416
2136 10.134867
2137 10.135016
2138 10.131592
2139 10.134490
2140 10.139605
2141 10.144282
2142 10.146880
2143 10.151798
2144 10.146540
2145 10.154253
2146 10.151789
2147 10.156425
2148 10.161391
2149 10.161754
2150 10.171407
2151 10.179231
2152 10.184635
2153 10.193982
2154 10.198744
2155 10.201147
2156 10.192078
2157 10.191269
2158 10.196025
2159 10.195159
2160 10.187799
2161 10.204243
2162 10.199078
2163 10.188678
2164 10.195812
2165 10.201227
2166 10.193885
2167 10.176899
2168 10.167277
2169 10.179883
2170 10.182307
2171 10.184049
2172 10.186701
2173 10.181608
2174 10.181839
2175 10.184819
2176 10.189901
2177 10.192273
2178 10.199499
2179 10.213911
2180 10.218718
2181 10.227219
2182 10.234248
2183 10.229272
2184 10.219326
2185 10.227646
2186 10.245372
2187 10.265605
2188 10.262492
2189 10.260028
2190 10.259737
2191 10.261875
2192 10.254214
2193 10.251493
2194 10.259134
2195 10.249354
2196 10.247079
2197 10.249608
2198 10.272441
2199 10.277511
2200 10.277691
2201 10.268730
2202 10.263006
2203 10.265411
2204 10.269914
2205 10.269107
2206 10.274656
2207 10.274565
2208 10.279736
2209 10.271265
2210 10.278690
2211 10.286160
2212 10.281546
2213 10.289741
2214 10.279782
2215 10.271950
2216 10.271208
2217 10.266036
2218 10.275440
2219 10.271970
2220 10.281526
2221 10.283741
2222 10.287570
2223 10.282890
2224 10.273678
2225 10.271115
2226 10.271139
2227 10.271220
2228 10.268930
2229 10.270981
2230 10.276026
2231 10.280800
2232 10.275550
2233 10.280847
2234 10.285882
2235 10.278780
2236 10.264846
2237 10.269617
2238 10.256842
2239 10.262478
2240 10.259335
2241 10.269389
2242 10.269393
2243 10.275100
2244 10.267163
2245 10.261660
2246 10.255323
2247 10.270601
2248 10.262916
2249 10.265278
2250 10.262449
2251 10.272677
2252 10.287298
2253 10.292187
2254 10.299300
2255 10.304301
2256 10.301034
2257 10.321678
2258 10.318846
2259 10.324224
2260 10.328949
2261 10.331556
2262 10.324035
2263 10.316587
2264 10.309396
2265 10.310023
2266 10.309716
2267 10.314478
2268 10.311756
2269 10.321828
2270 10.317652
2271 10.327413
2272 10.335004
2273 10.340114
2274 10.340536
2275 10.332563
2276 10.332630
2277 10.336827
2278 10.352364
2279 10.357192
2280 10.360450
2281 10.350061
2282 10.342332
2283 10.334434
2284 10.339589
2285 10.334084
2286 10.333987
2287 10.343805
2288 10.349278
2289 10.356470
2290 10.350159
2291 10.353360
2292 10.360443
2293 10.364809
2294 10.363755
2295 10.358775
2296 10.350709
2297 10.351410
2298 10.333420
2299 10.341407
2300 10.343834
2301 10.345875
2302 10.350672
2303 10.343091
2304 10.360361
2305 10.373336
2306 10.373510
2307 10.358406
2308 10.373658
2309 10.379084
2310 10.364366
2311 10.366968
2312 10.371514
2313 10.388472
2314 10.393781
2315 10.396067
2316 10.405558
2317 10.418055
2318 10.408034
2319 10.415744
2320 10.405157
2321 10.412814
2322 10.413032
2323 10.419266
2324 10.426684
2325 10.420909
2326 10.428412
2327 10.423639
2328 10.431626
2329 10.431335
2330 10.438019
2331 10.440765
2332 10.432687
2333 10.424605
2334 10.417218
2335 10.415317
2336 10.408114
2337 10.405261
2338 10.407362
2339 10.407765
2340 10.413075
2341 10.410335
2342 10.410528
2343 10.413313
2344 10.410441
2345 10.412479
2346 10.415165
2347 10.411172
2348 10.423231
2349 10.431135
2350 10.428278
2351 10.426087
2352 10.413402
2353 10.408488
2354 10.402751
2355 10.409907
2356 10.409180
2357 10.415721
2358 10.418146
2359 10.412279
2360 10.409072
2361 10.411273
2362 10.408703
2363 10.399069
2364 10.403757
2365 10.403603
2366 10.398671
2367 10.408379
2368 10.403753
2369 10.409078
2370 10.406896
2371 10.422412
2372 10.412980
2373 10.412530
2374 10.412424
2375 10.407568
2376 10.417395
2377 10.421952
2378 10.439486
2379 10.441662
2380 10.456717
2381 10.448782
2382 10.443806
2383 10.440437
2384 10.450435
2385 10.437808
2386 10.441772
2387 10.449210
2388 10.434408
2389 10.448542
2390 10.458744
2391 10.479182
2392 10.477127
2393 10.488945
2394 10.496585
2395 10.496428
2396 10.495773
2397 10.505617
2398 10.500316
2399 10.517210
2400 10.529518
2401 10.541426
2402 10.548960
2403 10.539522
2404 10.546908
2405 10.548914
2406 10.548102
2407 10.545685
2408 10.540745
2409 10.538622
2410 10.538798
2411 10.533955
2412 10.536501
2413 10.523512
2414 10.528881
2415 10.523248
2416 10.517759
2417 10.520488
2418 10.511986
2419 10.506437
2420 10.509052
2421 10.506466
2422 10.506436
2423 10.504054
2424 10.511455
2425 10.516375
2426 10.524049
2427 10.541958
2428 10.548937
2429 10.543669
2430 10.544005
2431 10.554138
2432 10.567168
2433 10.564800
2434 10.569704
2435 10.577430
2436 10.574977
2437 10.584516
2438 10.592891
2439 10.588078
2440 10.588596
2441 10.584494
2442 10.584621
2443 10.592830
2444 10.592375
2445 10.597359
2446 10.597150
2447 10.581814
2448 10.601632
2449 10.611937
2450 10.611673
2451 10.603551
2452 10.603466
2453 10.592969
2454 10.590729
2455 10.592582
2456 10.607008
2457 10.596823
2458 10.602484
2459 10.595009
2460 10.599135
2461 10.601494
2462 10.609331
2463 10.599897
2464 10.604224
2465 10.606356
2466 10.609338
2467 10.614426
2468 10.606973
2469 10.612335
2470 10.614525
2471 10.624231
2472 10.622126
2473 10.619085
2474 10.619159
2475 10.623444
2476 10.613488
2477 10.615620
2478 10.623242
2479 10.626173
2480 10.631303
2481 10.643961
2482 10.642934
2483 10.642732
2484 10.635026
2485 10.634515
2486 10.644193
2487 10.654220
2488 10.661790
2489 10.654831
2490 10.650359
2491 10.645372
2492 10.648244
2493 10.659164
2494 10.656562
2495 10.646898
2496 10.650402
2497 10.650449
2498 10.663519
2499 10.665366
2500 10.663186
2501 10.657861
2502 10.667493
2503 10.673099
2504 10.678574
2505 10.698690
2506 10.710160
2507 10.715209
2508 10.712308
2509 10.719572
2510 10.732599
2511 10.739974
2512 10.734449
2513 10.739456
2514 10.752129
2515 10.760298
2516 10.760335
2517 10.752870
2518 10.746983
2519 10.758577
2520 10.761555
2521 10.769182
2522 10.787954
2523 10.799729
2524 10.789499
2525 10.799734
2526 10.804590
2527 10.818783
2528 10.808057
2529 10.800404
2530 10.802396
2531 10.795149
2532 10.783373
2533 10.783790
2534 10.805566
2535 10.795787
2536 10.818306
2537 10.835184
2538 10.829621
2539 10.842602
2540 10.839647
2541 10.839846
2542 10.831891
2543 10.841519
2544 10.846225
2545 10.841252
2546 10.845738
2547 10.845793
2548 10.850651
2549 10.857778
2550 10.852318
2551 10.849615
2552 10.844664
2553 10.859415
2554 10.865171
2555 10.870418
2556 10.865447
2557 10.850697
2558 10.845319
2559 10.853012
2560 10.860355
2561 10.854586
2562 10.849853
2563 10.858970
2564 10.848933
2565 10.858603
2566 10.865461
2567 10.850030
2568 10.859836
2569 10.857121
2570 10.859173
2571 10.856199
2572 10.850832
2573 10.868009
2574 10.880854
2575 10.890811
2576 10.890063
2577 10.897073
2578 10.899553
2579 10.899043
2580 10.903466
2581 10.908620
2582 10.910118
2583 10.919981
2584 10.917064
2585 10.921464
2586 10.925991
2587 10.930417
2588 10.923768
2589 10.928185
2590 10.931144
2591 10.946136
2592 10.933730
2593 10.958860
2594 10.961226
2595 10.971227
2596 10.960267
2597 10.960058
2598 10.955341
2599 10.950251
2600 10.949516
2601 10.947180
2602 10.944539
2603 10.936540
2604 10.944103
2605 10.936020
2606 10.928969
2607 10.948722
2608 10.944535
2609 10.944316
2610 10.939472
2611 10.926828
2612 10.902713
2613 10.905243
2614 10.893101
2615 10.878271
2616 10.885310
2617 10.897180
2618 10.906997
2619 10.899191
2620 10.896651
2621 10.903660
2622 10.905941
2623 10.907953
2624 10.915196
2625 10.934463
2626 10.935867
2627 10.938074
2628 10.935376
2629 10.938131
2630 10.932129
2631 10.935803
2632 10.933282
2633 10.916010
2634 10.916617
2635 10.921653
2636 10.921626
2637 10.916789
2638 10.921335
2639 10.921653
2640 10.925965
2641 10.928319
2642 10.929781
2643 10.947627
2644 10.947009
2645 10.953441
2646 10.960904
2647 10.958569
2648 10.948263
2649 10.948715
2650 10.966198
2651 10.976096
2652 10.983530
2653 10.984753
2654 10.984371
2655 10.991850
2656 10.986830
2657 10.986335
2658 10.991348
2659 10.989155
2660 11.003854
2661 11.001213
2662 11.003883
2663 10.996384
2664 10.998422
2665 11.018310
2666 11.011011
2667 11.020717
2668 11.023536
2669 11.034684
2670 11.042380
2671 11.041084
2672 11.038277
2673 11.057203
2674 11.069432
2675 11.072339
2676 11.082261
2677 11.080500
2678 11.075665
2679 11.070152
2680 11.078235
2681 11.088214
2682 11.087835
2683 11.102532
2684 11.090518
2685 11.101885
2686 11.098355
2687 11.098453
2688 11.095067
2689 11.100007
2690 11.106877
2691 11.104254
2692 11.106638
2693 11.136019
2694 11.138335
2695 11.155215
2696 11.150457
2697 11.151022
2698 11.145629
2699 11.160358
2700 11.152869
2701 11.157751
2702 11.161823
2703 11.163823
2704 11.178786
2705 11.180428
2706 11.178113
2707 11.195437
2708 11.192953
2709 11.209821
2710 11.197364
2711 11.197196
2712 11.204358
2713 11.212363
2714 11.200043
2715 11.190147
2716 11.178550
2717 11.176202
2718 11.173087
2719 11.175576
2720 11.175035
2721 11.171995
2722 11.169301
2723 11.171720
2724 11.170237
2725 11.174986
2726 11.179331
2727 11.182242
2728 11.206827
2729 11.204283
2730 11.209473
2731 11.227226
2732 11.231966
2733 11.233570
2734 11.230603
2735 11.232110
2736 11.232222
2737 11.235206
2738 11.237626
2739 11.242601
2740 11.242107
2741 11.264136
2742 11.268383
2743 11.261283
2744 11.268235
2745 11.276910
2746 11.296603
2747 11.301376
2748 11.298022
2749 11.287467
2750 11.290344
2751 11.290567
2752 11.282575
2753 11.279750
2754 11.289913
2755 11.286995
2756 11.279681
2757 11.280322
2758 11.275478
2759 11.285246
2760 11.276984
2761 11.264228
2762 11.255195
2763 11.250075
2764 11.255952
2765 11.260377
2766 11.257768
2767 11.260393
2768 11.267742
2769 11.272070
2770 11.269767
2771 11.260771
2772 11.260581
2773 11.266243
2774 11.252028
2775 11.258949
2776 11.256688
2777 11.259327
2778 11.262730
2779 11.270436
2780 11.271433
2781 11.293981
2782 11.285965
2783 11.286451
2784 11.286155
2785 11.280926
2786 11.273346
2787 11.273653
2788 11.268872
2789 11.274365
2790 11.288985
2791 11.296331
2792 11.291250
2793 11.304470
2794 11.306646
2795 11.314359
2796 11.317100
2797 11.314073
2798 11.309974
2799 11.313005
2800 11.323766
2801 11.323874
2802 11.326298
2803 11.333878
2804 11.341430
2805 11.356527
2806 11.359131
2807 11.349291
2808 11.336371
2809 11.336931
2810 11.342052
2811 11.349741
2812 11.342361
2813 11.339946
2814 11.344493
2815 11.348998
2816 11.361284
2817 11.356535
2818 11.350369
2819 11.355866
2820 11.361129
2821 11.353798
2822 11.357725
2823 11.356026
2824 11.350626
2825 11.353531
2826 11.360502
2827 11.368160
2828 11.370623
2829 11.366036
2830 11.373064
2831 11.372994
2832 11.380625
2833 11.391080
2834 11.397517
2835 11.407296
2836 11.412120
2837 11.419035
2838 11.418727
2839 11.434539
2840 11.444449
2841 11.432705
2842 11.440213
2843 11.437423
2844 11.437621
2845 11.425114
2846 11.411925
2847 11.409318
2848 11.413466
2849 11.415718
2850 11.412847
2851 11.420441
2852 11.424239
2853 11.419933
2854 11.421052
2855 11.417692
2856 11.417799
2857 11.416964
2858 11.433430
2859 11.425528
2860 11.430390
2861 11.435910
2862 11.440344
2863 11.442083
2864 11.450790
2865 11.451253
2866 11.443371
2867 11.450292
2868 11.444696
2869 11.455254
2870 11.448163
2871 11.441639
2872 11.423858
2873 11.440573
2874 11.440481
2875 11.452955
2876 11.457189
2877 11.474885
2878 11.491701
2879 11.496541
2880 11.501468
2881 11.516576
2882 11.524294
2883 11.535193
2884 11.522531
2885 11.502021
2886 11.511362
2887 11.524025
2888 11.540868
2889 11.562709
2890 11.563029
2891 11.568116
2892 11.581081
2893 11.583269
2894 11.585411
2895 11.602808
2896 11.610233
2897 11.619695
2898 11.622337
2899 11.616710
2900 11.621824
2901 11.622140
2902 11.619044
2903 11.621449
2904 11.624944
2905 11.624794
2906 11.639572
2907 11.660006
2908 11.660016
2909 11.667382
2910 11.661905
2911 11.669527
2912 11.666163
2913 11.673237
2914 11.678128
2915 11.688541
2916 11.687147
2917 11.684247
2918 11.671902
2919 11.656961
2920 11.661858
2921 11.664228
2922 11.665692
2923 11.671570
2924 11.676566
2925 11.688869
2926 11.686774
2927 11.698885
2928 11.701875
2929 11.709559
2930 11.707381
2931 11.705343
2932 11.692371
2933 11.697342
2934 11.687343
2935 11.688927
2936 11.675889
2937 11.665973
2938 11.667537
2939 11.662384
2940 11.674657
2941 11.665196
2942 11.674536
2943 11.675926
2944 11.676426
2945 11.669053
2946 11.669337
2947 11.677544
2948 11.659438
2949 11.658648
2950 11.661234
2951 11.653569
2952 11.674530
2953 11.685167
2954 11.677597
2955 11.682292
2956 11.697544
2957 11.685732
2958 11.680549
2959 11.690451
2960 11.693040
2961 11.685752
2962 11.702288
2963 11.697333
2964 11.705196
2965 11.699960
2966 11.702681
2967 11.709788
2968 11.719523
2969 11.724828
2970 11.715294
2971 11.715320
2972 11.707436
2973 11.702156
2974 11.705765
2975 11.703279
2976 11.713585
2977 11.710899
2978 11.713808
2979 11.711281
2980 11.721541
2981 11.725955
2982 11.725662
2983 11.723706
2984 11.736511
2985 11.742633
2986 11.745227
2987 11.740637
2988 11.733110
2989 11.735426
2990 11.729985
2991 11.742214
2992 11.735961
2993 11.731147
2994 11.721307
2995 11.718943
2996 11.708134
2997 11.718794
2998 11.723880
2999 11.716095
