Dcm
0 0.058550
1 0.092497
2 0.158314
3 0.214117
4 0.261903
5 0.307689
6 0.353411
7 0.409069
8 0.446816
9 0.500420
10 0.548041
11 0.605548
12 0.665058
13 0.708649
14 0.760113
15 0.805551
16 0.845134
17 0.888730
18 0.930180
19 0.973652
20 1.034913
21 1.086272
22 1.111919
23 1.139561
24 1.186861
25 1.224311
26 1.265580
27 1.308850
28 1.362071
29 1.395387
30 1.436524
31 1.475783
32 1.517048
33 1.544548
34 1.575868
35 1.597348
36 1.640366
37 1.661746
38 1.675165
39 1.710224
40 1.743446
41 1.754922
42 1.768213
43 1.799176
44 1.822364
45 1.843672
46 1.865058
47 1.894176
48 1.925335
49 1.934928
50 1.962152
51 1.960051
52 1.993127
53 2.014504
54 2.045679
55 2.067312
56 2.080869
57 2.100129
58 2.117641
59 2.164836
60 2.172441
61 2.170574
62 2.170351
63 2.172371
64 2.180026
65 2.193734
66 2.191533
67 2.181670
68 2.193522
69 2.209289
70 2.213215
71 2.230713
72 2.250118
73 2.273372
74 2.285080
75 2.298694
76 2.331828
77 2.345588
78 2.349474
79 2.353360
80 2.352967
81 2.372463
82 2.386040
83 2.385937
84 2.395838
85 2.411410
86 2.434485
87 2.442369
88 2.448163
89 2.467652
90 2.479113
91 2.500502
92 2.529282
93 2.552423
94 2.548233
95 2.569527
96 2.585113
97 2.591090
98 2.598896
99 2.575328
100 2.584922
101 2.586673
102 2.602410
103 2.623917
104 2.629551
105 2.641338
106 2.633259
107 2.627010
108 2.630687
109 2.642045
110 2.647714
111 2.672970
112 2.670677
113 2.685511
114 2.704735
115 2.706335
116 2.721787
117 2.733220
118 2.750883
119 2.764332
120 2.771821
121 2.775610
122 2.788736
123 2.796334
124 2.794152
125 2.798500
126 2.804467
127 2.821524
128 2.831125
129 2.840902
130 2.846717
131 2.864206
132 2.866031
133 2.875440
134 2.877273
135 2.890856
136 2.904346
137 2.917662
138 2.925318
139 2.925325
140 2.942860
141 2.964068
142 2.965848
143 2.975679
144 2.987430
145 2.983507
146 2.987164
147 2.992712
148 2.988694
149 2.990614
150 3.011345
151 3.017165
152 3.024621
153 3.038493
154 3.024862
155 3.016919
156 3.043897
157 3.047582
158 3.058951
159 3.058841
160 3.058645
161 3.062651
162 3.057074
163 3.054810
164 3.064283
165 3.075813
166 3.075581
167 3.081342
168 3.102699
169 3.110587
170 3.124198
171 3.133978
172 3.139767
173 3.160904
174 3.176405
175 3.186005
176 3.201455
177 3.211362
178 3.215285
179 3.213369
180 3.214998
181 3.228419
182 3.228264
183 3.216529
184 3.218772
185 3.212675
186 3.228157
187 3.210369
188 3.186660
189 3.200199
190 3.204055
191 3.211493
192 3.227027
193 3.228806
194 3.244449
195 3.252016
196 3.255907
197 3.253712
198 3.261164
199 3.274743
200 3.282004
201 3.303113
202 3.316932
203 3.326402
204 3.330218
205 3.357020
206 3.363049
207 3.363063
208 3.362930
209 3.370501
210 3.368813
211 3.384611
212 3.394700
213 3.406192
214 3.409972
215 3.414033
216 3.419867
217 3.410353
218 3.404240
219 3.386657
220 3.380613
221 3.380795
222 3.388670
223 3.406104
224 3.396067
225 3.415162
226 3.412834
227 3.424210
228 3.425928
229 3.441051
230 3.454702
231 3.445093
232 3.447001
233 3.458654
234 3.466138
235 3.472227
236 3.475958
237 3.483764
238 3.499162
239 3.500774
240 3.500689
241 3.516112
242 3.514003
243 3.525467
244 3.538864
245 3.525068
246 3.523129
247 3.532899
248 3.546666
249 3.554267
250 3.550128
251 3.555738
252 3.551884
253 3.565614
254 3.565656
255 3.580923
256 3.581164
257 3.577056
258 3.588222
259 3.593675
260 3.595425
261 3.585954
262 3.605182
263 3.597484
264 3.606972
265 3.628095
266 3.625841
267 3.625862
268 3.629408
269 3.646412
270 3.638398
271 3.630757
272 3.628930
273 3.632361
274 3.631929
275 3.651280
276 3.657144
277 3.680776
278 3.705224
279 3.715092
280 3.711182
281 3.709123
282 3.710948
283 3.714888
284 3.701353
285 3.714528
286 3.714312
287 3.722366
288 3.728110
289 3.721780
290 3.729285
291 3.731130
292 3.746578
293 3.733181
294 3.742900
295 3.746772
296 3.733245
297 3.748561
298 3.742745
299 3.740631
300 3.744922
301 3.762319
302 3.766138
303 3.775597
304 3.760445
305 3.771644
306 3.779150
307 3.774952
308 3.802266
309 3.811530
310 3.812565
311 3.816191
312 3.841243
313 3.853088
314 3.856773
315 3.862757
316 3.861022
317 3.866189
318 3.889681
319 3.884032
320 3.889342
321 3.896969
322 3.899003
323 3.902851
324 3.906954
325 3.927690
326 3.938863
327 3.950027
328 3.938265
329 3.956006
330 3.967696
331 3.990463
332 4.003746
333 4.002297
334 4.003727
335 3.995992
336 4.003206
337 4.004729
338 4.000741
339 4.006153
340 4.017433
341 4.024198
342 4.019956
343 4.009795
344 4.017207
345 4.019365
346 4.028759
347 4.059060
348 4.051254
349 4.064884
350 4.080396
351 4.084012
352 4.093789
353 4.105178
354 4.107344
355 4.106759
356 4.103012
357 4.103051
358 4.087321
359 4.098907
360 4.113791
361 4.121596
362 4.114880
363 4.122731
364 4.109008
365 4.108865
366 4.110504
367 4.106422
368 4.125230
369 4.134167
370 4.136320
371 4.136367
372 4.130163
373 4.143316
374 4.154474
375 4.158704
376 4.175630
377 4.196648
378 4.216009
379 4.221675
380 4.231738
381 4.231585
382 4.242951
383 4.239120
384 4.252773
385 4.253059
386 4.252787
387 4.246928
388 4.246954
389 4.270034
390 4.275516
391 4.264303
392 4.253967
393 4.265387
394 4.277117
395 4.294266
396 4.319369
397 4.328926
398 4.313833
399 4.317684
400 4.327298
401 4.313697
402 4.323038
403 4.313712
404 4.309698
405 4.297842
406 4.310651
407 4.315788
408 4.319485
409 4.321529
410 4.333107
411 4.322355
412 4.314419
413 4.331248
414 4.312188
415 4.308492
416 4.298984
417 4.308804
418 4.315636
419 4.313775
420 4.317771
421 4.311751
422 4.327514
423 4.321653
424 4.325328
425 4.313766
426 4.330878
427 4.332343
428 4.340041
429 4.328215
430 4.324633
431 4.322309
432 4.324135
433 4.329723
434 4.327774
435 4.329848
436 4.347334
437 4.349377
438 4.370335
439 4.372449
440 4.376067
441 4.375854
442 4.381364
443 4.384936
444 4.379042
445 4.396680
446 4.400474
447 4.405995
448 4.417521
449 4.415516
450 4.415177
451 4.430289
452 4.453426
453 4.488197
454 4.498078
455 4.501532
456 4.509909
457 4.500638
458 4.498769
459 4.496762
460 4.511606
461 4.515170
462 4.521116
463 4.534603
464 4.541983
465 4.534193
466 4.535616
467 4.539702
468 4.551017
469 4.556326
470 4.555888
471 4.563253
472 4.555207
473 4.574343
474 4.587108
475 4.592091
476 4.599864
477 4.605304
478 4.610335
479 4.610575
480 4.623685
481 4.632843
482 4.629094
483 4.619752
484 4.625808
485 4.635188
486 4.661365
487 4.659167
488 4.674939
489 4.665482
490 4.661341
491 4.684126
492 4.684071
493 4.668825
494 4.680290
495 4.668558
496 4.653307
497 4.643591
498 4.660775
499 4.674151
500 4.679785
501 4.681721
502 4.690959
503 4.688792
504 4.696463
505 4.685113
506 4.684992
507 4.675775
508 4.669806
509 4.654264
510 4.660262
511 4.656367
512 4.666983
513 4.669040
514 4.670710
515 4.682040
516 4.678049
517 4.685753
518 4.689200
519 4.689603
520 4.685790
521 4.705480
522 4.710973
523 4.705637
524 4.723320
525 4.719777
526 4.715309
527 4.710986
528 4.722814
529 4.742062
530 4.737869
531 4.759621
532 4.765247
533 4.776324
534 4.787356
535 4.781497
536 4.771344
537 4.775370
538 4.779568
539 4.797975
540 4.805718
541 4.809340
542 4.819233
543 4.819509
544 4.823306
545 4.828597
546 4.840143
547 4.836053
548 4.850676
549 4.844972
550 4.858429
551 4.858877
552 4.860367
553 4.854581
554 4.836589
555 4.824903
556 4.838162
557 4.838421
558 4.826876
559 4.832634
560 4.818905
561 4.832058
562 4.841672
563 4.842933
564 4.834841
565 4.848076
566 4.853218
567 4.862586
568 4.872203
569 4.875962
570 4.868170
571 4.881872
572 4.891695
573 4.907279
574 4.908499
575 4.902627
576 4.914024
577 4.913387
578 4.905849
579 4.909870
580 4.900049
581 4.909255
582 4.913143
583 4.934097
584 4.949421
585 4.951063
586 4.956794
587 4.985243
588 4.979497
589 4.984703
590 4.977038
591 4.977365
592 4.977126
593 4.988222
594 4.997401
595 5.001310
596 4.995769
597 4.993704
598 4.995282
599 4.992670
600 4.986972
601 4.998910
602 5.009581
603 5.000595
604 5.013927
605 5.005879
606 5.024818
607 5.019154
608 5.007992
609 4.992887
610 5.002089
611 5.003549
612 5.002970
613 5.004826
614 5.000735
615 4.993019
616 5.000399
617 5.014984
618 5.001912
619 4.995879
620 4.994142
621 4.995817
622 4.981664
623 4.979832
624 4.981457
625 4.970165
626 4.977515
627 4.974877
628 4.978257
629 4.984229
630 4.988254
631 5.008904
632 4.993475
633 4.992828
634 4.983247
635 4.987555
636 4.979607
637 5.000479
638 5.009506
639 5.020603
640 5.035540
641 5.033453
642 5.031021
643 5.046202
644 5.036155
645 5.035788
646 5.045351
647 5.067769
648 5.075606
649 5.101087
650 5.114736
651 5.129832
652 5.144825
653 5.154564
654 5.139786
655 5.133699
656 5.135178
657 5.131485
658 5.131421
659 5.138564
660 5.136004
661 5.149322
662 5.139408
663 5.146941
664 5.142941
665 5.122023
666 5.128184
667 5.146584
668 5.155838
669 5.144264
670 5.153547
671 5.169554
672 5.203640
673 5.213288
674 5.214710
675 5.212828
676 5.231598
677 5.220274
678 5.238048
679 5.245570
680 5.242018
681 5.250142
682 5.252090
683 5.252055
684 5.247398
685 5.243942
686 5.234280
687 5.236142
688 5.224265
689 5.218504
690 5.208818
691 5.210880
692 5.222584
693 5.207070
694 5.198822
695 5.204522
696 5.198396
697 5.202587
698 5.221360
699 5.221239
700 5.211900
701 5.223450
702 5.225519
703 5.227339
704 5.238380
705 5.242280
706 5.254102
707 5.269476
708 5.276893
709 5.292147
710 5.300011
711 5.315671
712 5.303914
713 5.310889
714 5.307101
715 5.307774
716 5.299967
717 5.321090
718 5.328865
719 5.342437
720 5.338277
721 5.313079
722 5.324159
723 5.325693
724 5.325390
725 5.337189
726 5.338740
727 5.346187
728 5.344276
729 5.348325
730 5.331313
731 5.337452
732 5.319704
733 5.311389
734 5.334327
735 5.329217
736 5.315540
737 5.318034
738 5.314055
739 5.322847
740 5.334072
741 5.339144
742 5.343008
743 5.360284
744 5.359858
745 5.361563
746 5.379597
747 5.391382
748 5.395586
749 5.389857
750 5.402962
751 5.404207
752 5.417472
753 5.407887
754 5.425350
755 5.419523
756 5.425215
757 5.438728
758 5.425134
759 5.436255
760 5.434089
761 5.430327
762 5.446264
763 5.443022
764 5.448409
765 5.453527
766 5.463225
767 5.458365
768 5.458100
769 5.452169
770 5.465435
771 5.476165
772 5.473823
773 5.468837
774 5.466423
775 5.473828
776 5.473946
777 5.475803
778 5.477202
779 5.496493
780 5.502193
781 5.507634
782 5.520661
783 5.537342
784 5.545040
785 5.561729
786 5.565564
787 5.563221
788 5.578535
789 5.568504
790 5.580579
791 5.610680
792 5.616577
793 5.624772
794 5.639923
795 5.641441
796 5.633781
797 5.633737
798 5.645082
799 5.654740
800 5.671357
801 5.671595
802 5.672608
803 5.684138
804 5.693280
805 5.704897
806 5.717474
807 5.707518
808 5.713013
809 5.720344
810 5.724069
811 5.731628
812 5.737373
813 5.756241
814 5.767658
815 5.763408
816 5.743969
817 5.754759
818 5.758431
819 5.764131
820 5.765268
821 5.744567
822 5.753846
823 5.752253
824 5.763599
825 5.766047
826 5.777722
827 5.781607
828 5.779854
829 5.778386
830 5.783362
831 5.789063
832 5.787357
833 5.786971
834 5.790199
835 5.790494
836 5.803812
837 5.794629
838 5.801913
839 5.776912
840 5.788214
841 5.789753
842 5.791986
843 5.782427
844 5.784205
845 5.787454
846 5.785225
847 5.777146
848 5.790649
849 5.801882
850 5.811124
851 5.812762
852 5.824479
853 5.828443
854 5.829997
855 5.807205
856 5.806699
857 5.798802
858 5.806477
859 5.829188
860 5.828836
861 5.828599
862 5.818745
863 5.819020
864 5.830238
865 5.835591
866 5.837469
867 5.825889
868 5.830025
869 5.822368
870 5.818563
871 5.809724
872 5.807387
873 5.812116
874 5.821272
875 5.821723
876 5.829535
877 5.821640
878 5.823907
879 5.819105
880 5.832253
881 5.828793
882 5.841954
883 5.833691
884 5.842864
885 5.845959
886 5.851390
887 5.866442
888 5.868175
889 5.881437
890 5.896308
891 5.892718
892 5.892301
893 5.896185
894 5.900047
895 5.909243
896 5.914244
897 5.899610
898 5.899619
899 5.912800
900 5.925621
901 5.933815
902 5.942843
903 5.943092
904 5.948832
905 5.950471
906 5.964026
907 5.966445
908 5.968084
909 5.983607
910 5.993271
911 5.994771
912 5.987703
913 5.988790
914 5.986177
915 5.983719
916 5.982065
917 6.004852
918 6.015104
919 6.022598
920 6.008757
921 6.019410
922 6.030827
923 6.015231
924 6.003566
925 6.003275
926 5.995072
927 5.999454
928 5.995390
929 5.991151
930 5.994453
931 6.003707
932 5.994359
933 5.988282
934 6.012915
935 6.007162
936 5.991750
937 5.997893
938 6.015064
939 6.015585
940 6.029099
941 6.021569
942 6.013199
943 6.022872
944 6.038125
945 6.040599
946 6.034786
947 6.032884
948 6.036422
949 6.051401
950 6.044174
951 6.041826
952 6.047453
953 6.030523
954 6.038600
955 6.055023
956 6.049071
957 6.043435
958 6.039767
959 6.045140
960 6.073063
961 6.082904
962 6.084468
963 6.073654
964 6.077327
965 6.088231
966 6.099635
967 6.101265
968 6.089504
969 6.091276
970 6.099115
971 6.102599
972 6.098890
973 6.105202
974 6.114053
975 6.123410
976 6.132380
977 6.140147
978 6.140102
979 6.137918
980 6.163010
981 6.168592
982 6.189325
983 6.196991
984 6.183660
985 6.176889
986 6.179038
987 6.176889
988 6.185704
989 6.201045
990 6.185568
991 6.196722
992 6.214818
993 6.216913
994 6.214803
995 6.222101
996 6.217263
997 6.226189
998 6.218331
999 6.224492
1000 6.237046
1001 6.231446
1002 6.229234
1003 6.221565
1004 6.228675
1005 6.236281
1006 6.247464
1007 6.242144
1008 6.244379
1009 6.252970
1010 6.250652
1011 6.246525
1012 6.265306
1013 6.274024
1014 6.271263
1015 6.282484
1016 6.289572
1017 6.283826
1018 6.277063
1019 6.291860
1020 6.285945
1021 6.286131
1022 6.282000
1023 6.278748
1024 6.282203
1025 6.276302
1026 6.282070
1027 6.280637
1028 6.285978
1029 6.291217
1030 6.294844
1031 6.273867
1032 6.270361
1033 6.274021
1034 6.285766
1035 6.295826
1036 6.295707
1037 6.301724
1038 6.302035
1039 6.302333
1040 6.296601
1041 6.304259
1042 6.311930
1043 6.315070
1044 6.331647
1045 6.323109
1046 6.322409
1047 6.323516
1048 6.316465
1049 6.314412
1050 6.326403
1051 6.326289
1052 6.342903
1053 6.341026
1054 6.355697
1055 6.367061
1056 6.368569
1057 6.368797
1058 6.368297
1059 6.371548
1060 6.364388
1061 6.375705
1062 6.382621
1063 6.382938
1064 6.389872
1065 6.386271
1066 6.400840
1067 6.416487
1068 6.424200
1069 6.433889
1070 6.447350
1071 6.446918
1072 6.454855
1073 6.456614
1074 6.475466
1075 6.474899
1076 6.477902
1077 6.477905
1078 6.483446
1079 6.486881
1080 6.486726
1081 6.473736
1082 6.478859
1083 6.495860
1084 6.499860
1085 6.504164
1086 6.491013
1087 6.488122
1088 6.502365
1089 6.505205
1090 6.507290
1091 6.523738
1092 6.537320
1093 6.527828
1094 6.525069
1095 6.539820
1096 6.545650
1097 6.549149
1098 6.560126
1099 6.577663
1100 6.566520
1101 6.574466
1102 6.577814
1103 6.588381
1104 6.591835
1105 6.593967
1106 6.582722
1107 6.584975
1108 6.589730
1109 6.579863
1110 6.590617
1111 6.592789
1112 6.594163
1113 6.588841
1114 6.584756
1115 6.583143
1116 6.586491
1117 6.591759
1118 6.593684
1119 6.599621
1120 6.610658
1121 6.590371
1122 6.593972
1123 6.580102
1124 6.581641
1125 6.600066
1126 6.604304
1127 6.619896
1128 6.625864
1129 6.624897
1130 6.611285
1131 6.622433
1132 6.611005
1133 6.619737
1134 6.618367
1135 6.608546
1136 6.603161
1137 6.583689
1138 6.579583
1139 6.577342
1140 6.569250
1141 6.565190
1142 6.571894
1143 6.570066
1144 6.562191
1145 6.550362
1146 6.563447
1147 6.574618
1148 6.571252
1149 6.580219
1150 6.583825
1151 6.581887
1152 6.595484
1153 6.580660
1154 6.577030
1155 6.583358
1156 6.589100
1157 6.604222
1158 6.610740
1159 6.615726
1160 6.621012
1161 6.615971
1162 6.626664
1163 6.635867
1164 6.641422
1165 6.637705
1166 6.643080
1167 6.644346
1168 6.651531
1169 6.640853
1170 6.642437
1171 6.638374
1172 6.636790
1173 6.638654
1174 6.636266
1175 6.643880
1176 6.634357
1177 6.653303
1178 6.662178
1179 6.665104
1180 6.660102
1181 6.661505
1182 6.665162
1183 6.666599
1184 6.679499
1185 6.674475
1186 6.659785
1187 6.650716
1188 6.632381
1189 6.628955
1190 6.630160
1191 6.624709
1192 6.632005
1193 6.642998
1194 6.648296
1195 6.636402
1196 6.626782
1197 6.645604
1198 6.653117
1199 6.671750
1200 6.658412
1201 6.661821
1202 6.660433
1203 6.677031
1204 6.673918
1205 6.692881
1206 6.694461
1207 6.690888
1208 6.677605
1209 6.688587
1210 6.671474
1211 6.675739
1212 6.669572
1213 6.681236
1214 6.691585
1215 6.689320
1216 6.676557
1217 6.686447
1218 6.684774
1219 6.700729
1220 6.706424
1221 6.723623
1222 6.721433
1223 6.731843
1224 6.724918
1225 6.738205
1226 6.737422
1227 6.738334
1228 6.737664
1229 6.748243
1230 6.739473
1231 6.745296
1232 6.748899
1233 6.750977
1234 6.758371
1235 6.752806
1236 6.769843
1237 6.770242
1238 6.785060
1239 6.783071
1240 6.769885
1241 6.762022
1242 6.762142
1243 6.752899
1244 6.758335
1245 6.754894
1246 6.764055
1247 6.764133
1248 6.764355
1249 6.783521
1250 6.774524
1251 6.780685
1252 6.789868
1253 6.791702
1254 6.779306
1255 6.799549
1256 6.797551
1257 6.774612
1258 6.772190
1259 6.772422
1260 6.778558
1261 6.791064
1262 6.780289
1263 6.785712
1264 6.786816
1265 6.776901
1266 6.789950
1267 6.786476
1268 6.785955
1269 6.799389
1270 6.798798
1271 6.795186
1272 6.804004
1273 6.796681
1274 6.795526
1275 6.815269
1276 6.822613
1277 6.824292
1278 6.835600
1279 6.850719
1280 6.844912
1281 6.830975
1282 6.845067
1283 6.852988
1284 6.854544
1285 6.857852
1286 6.869865
1287 6.866576
1288 6.877604
1289 6.881853
1290 6.889031
1291 6.891791
1292 6.894032
1293 6.903493
1294 6.902827
1295 6.904842
1296 6.903097
1297 6.891768
1298 6.899473
1299 6.900106
1300 6.902301
1301 6.896761
1302 6.897872
1303 6.903483
1304 6.897127
1305 6.903116
1306 6.897616
1307 6.913027
1308 6.904926
1309 6.900520
1310 6.917151
1311 6.915138
1312 6.937934
1313 6.947429
1314 6.950712
1315 6.930076
1316 6.925661
1317 6.919648
1318 6.920547
1319 6.925835
1320 6.923110
1321 6.932083
1322 6.941952
1323 6.937592
1324 6.937578
1325 6.942798
1326 6.951800
1327 6.951824
1328 6.959470
1329 6.978982
1330 6.979926
1331 6.992920
1332 7.011650
1333 7.017558
1334 7.025194
1335 7.003267
1336 7.006465
1337 7.033160
1338 7.033205
1339 7.054393
1340 7.055493
1341 7.055512
1342 7.057661
1343 7.078049
1344 7.076096
1345 7.092252
1346 7.097670
1347 7.108194
1348 7.099667
1349 7.094530
1350 7.102043
1351 7.101984
1352 7.100404
1353 7.108020
1354 7.108428
1355 7.101142
1356 7.112213
1357 7.121318
1358 7.112601
1359 7.140778
1360 7.135116
1361 7.140338
1362 7.157814
1363 7.162772
1364 7.159885
1365 7.169772
1366 7.166917
1367 7.183648
1368 7.185462
1369 7.185571
1370 7.181162
1371 7.171893
1372 7.181243
1373 7.174964
1374 7.172457
1375 7.168977
1376 7.172644
1377 7.169471
1378 7.163495
1379 7.162680
1380 7.174119
1381 7.168251
1382 7.174052
1383 7.183407
1384 7.190720
1385 7.201051
1386 7.198722
1387 7.210199
1388 7.212063
1389 7.219213
1390 7.211034
1391 7.201641
1392 7.197805
1393 7.194078
1394 7.192753
1395 7.189502
1396 7.207724
1397 7.220799
1398 7.243452
1399 7.249243
1400 7.235992
1401 7.239791
1402 7.222079
1403 7.233144
1404 7.224909
1405 7.219348
1406 7.236266
1407 7.220638
1408 7.221796
1409 7.230828
1410 7.251782
1411 7.257214
1412 7.267720
1413 7.256172
1414 7.274829
1415 7.268682
1416 7.268124
1417 7.269894
1418 7.273148
1419 7.278445
1420 7.286325
1421 7.278003
1422 7.285308
1423 7.295257
1424 7.290013
1425 7.289765
1426 7.301157
1427 7.312047
1428 7.308181
1429 7.322927
1430 7.333642
1431 7.338861
1432 7.339299
1433 7.331706
1434 7.347131
1435 7.361561
1436 7.344449
1437 7.342304
1438 7.354989
1439 7.347521
1440 7.355791
1441 7.374249
1442 7.359286
1443 7.356929
1444 7.372836
1445 7.389238
1446 7.391925
1447 7.416732
1448 7.418262
1449 7.424164
1450 7.436838
1451 7.444001
1452 7.433008
1453 7.431924
1454 7.440820
1455 7.450063
1456 7.450542
1457 7.438614
1458 7.423302
1459 7.430471
1460 7.420617
1461 7.421209
1462 7.432446
1463 7.443594
1464 7.433787
1465 7.440648
1466 7.433107
1467 7.436413
1468 7.437787
1469 7.436374
1470 7.436843
1471 7.434996
1472 7.434694
1473 7.445845
1474 7.445634
1475 7.449368
1476 7.440086
1477 7.448764
1478 7.436767
1479 7.443935
1480 7.451305
1481 7.447429
1482 7.461087
1483 7.465079
1484 7.484477
1485 7.505751
1486 7.512725
1487 7.503988
1488 7.497341
1489 7.486953
1490 7.508692
1491 7.490140
1492 7.473922
1493 7.499389
1494 7.501398
1495 7.503593
1496 7.512013
1497 7.498594
1498 7.479830
1499 7.478642
1500 7.478645
1501 7.488124
1502 7.498844
1503 7.497199
1504 7.493839
1505 7.500640
1506 7.498254
1507 7.513258
1508 7.498413
1509 7.516672
1510 7.529727
1511 7.527794
1512 7.516896
1513 7.516961
1514 7.507576
1515 7.516939
1516 7.526100
1517 7.533732
1518 7.529859
1519 7.526820
1520 7.517507
1521 7.520968
1522 7.537006
1523 7.542667
1524 7.550391
1525 7.567427
1526 7.566894
1527 7.570610
1528 7.571339
1529 7.569360
1530 7.565324
1531 7.585297
1532 7.581388
1533 7.574026
1534 7.574200
1535 7.577270
1536 7.569446
1537 7.577049
1538 7.591553
1539 7.610221
1540 7.623797
1541 7.631500
1542 7.624101
1543 7.622859
1544 7.622920
1545 7.625093
1546 7.612590
1547 7.615330
1548 7.622795
1549 7.628162
1550 7.622450
1551 7.624104
1552 7.627796
1553 7.625867
1554 7.634862
1555 7.635773
1556 7.652812
1557 7.648367
1558 7.648876
1559 7.656588
1560 7.648894
1561 7.636102
1562 7.629854
1563 7.612912
1564 7.612539
1565 7.625692
1566 7.629046
1567 7.621724
1568 7.630759
1569 7.633790
1570 7.646317
1571 7.646301
1572 7.632828
1573 7.645485
1574 7.643344
1575 7.639431
1576 7.628959
1577 7.630434
1578 7.625793
1579 7.641752
1580 7.632604
1581 7.629758
1582 7.628154
1583 7.622538
1584 7.620651
1585 7.634360
1586 7.643710
1587 7.641752
1588 7.626802
1589 7.625130
1590 7.615770
1591 7.625548
1592 7.600867
1593 7.608196
1594 7.608433
1595 7.614868
1596 7.627964
1597 7.635526
1598 7.642873
1599 7.644311
1600 7.654966
1601 7.662839
1602 7.668304
1603 7.681102
1604 7.684870
1605 7.697602
1606 7.710666
1607 7.714371
1608 7.693549
1609 7.695440
1610 7.678075
1611 7.665139
1612 7.681649
1613 7.682931
1614 7.678808
1615 7.683769
1616 7.674597
1617 7.690359
1618 7.701621
1619 7.695765
1620 7.701690
1621 7.716887
1622 7.713124
1623 7.707036
1624 7.697063
1625 7.708809
1626 7.718638
1627 7.722062
1628 7.719708
1629 7.716010
1630 7.728878
1631 7.733832
1632 7.729863
1633 7.746471
1634 7.760625
1635 7.763163
1636 7.764183
1637 7.769144
1638 7.780393
1639 7.771320
1640 7.765475
1641 7.770325
1642 7.789178
1643 7.793830
1644 7.789721
1645 7.801271
1646 7.816389
1647 7.824474
1648 7.834993
1649 7.827058
1650 7.833709
1651 7.836232
1652 7.840216
1653 7.832230
1654 7.836203
1655 7.826563
1656 7.826522
1657 7.816138
1658 7.816694
1659 7.814501
1660 7.819432
1661 7.817675
1662 7.831255
1663 7.827064
1664 7.827412
1665 7.821380
1666 7.843194
1667 7.854395
1668 7.869088
1669 7.876006
1670 7.871665
1671 7.862568
1672 7.857048
1673 7.862977
1674 7.846778
1675 7.854744
1676 7.854431
1677 7.850518
1678 7.844742
1679 7.843159
1680 7.860042
1681 7.865522
1682 7.851065
1683 7.854883
1684 7.848871
1685 7.840590
1686 7.863090
1687 7.859049
1688 7.863120
1689 7.858903
1690 7.861083
1691 7.857733
1692 7.857202
1693 7.875438
1694 7.877137
1695 7.864524
1696 7.860138
1697 7.871951
1698 7.881168
1699 7.882748
1700 7.875449
1701 7.873329
1702 7.875370
1703 7.872213
1704 7.874286
1705 7.883234
1706 7.873716
1707 7.888209
1708 7.890198
1709 7.889098
1710 7.892712
1711 7.906357
1712 7.912451
1713 7.901436
1714 7.894607
1715 7.905400
1716 7.878273
1717 7.879481
1718 7.909110
1719 7.895509
1720 7.902984
1721 7.920766
1722 7.926546
1723 7.928633
1724 7.928825
1725 7.945288
1726 7.937001
1727 7.938741
1728 7.933111
1729 7.942526
1730 7.963455
1731 7.961298
1732 7.962027
1733 7.963994
1734 7.971088
1735 7.972425
1736 7.959763
1737 7.967331
1738 7.973257
1739 7.979943
1740 7.987177
1741 7.996257
1742 7.991923
1743 8.006807
1744 8.004743
1745 8.012702
1746 8.014442
1747 8.002330
1748 7.996311
1749 8.009002
1750 8.019862
1751 8.012124
1752 8.006341
1753 8.012040
1754 8.013717
1755 8.014999
1756 8.011278
1757 8.014390
1758 8.023878
1759 8.019692
1760 8.020800
1761 8.039092
1762 8.037079
1763 8.043662
1764 8.041229
1765 8.045426
1766 8.036913
1767 8.056156
1768 8.056134
1769 8.048272
1770 8.042783
1771 8.051954
1772 8.044500
1773 8.059113
1774 8.064013
1775 8.065090
1776 8.063352
1777 8.072418
1778 8.058019
1779 8.080596
1780 8.070835
1781 8.068875
1782 8.087258
1783 8.092786
1784 8.101132
1785 8.099733
1786 8.079716
1787 8.083074
1788 8.086786
1789 8.094344
1790 8.122288
1791 8.121980
1792 8.116039
1793 8.128997
1794 8.146970
1795 8.136125
1796 8.130561
1797 8.141768
1798 8.161449
1799 8.167644
1800 8.167080
1801 8.174530
1802 8.176750
1803 8.188224
1804 8.189039
1805 8.197928
1806 8.215949
1807 8.230286
1808 8.226223
1809 8.225014
1810 8.227502
1811 8.225833
1812 8.224314
1813 8.221785
1814 8.236392
1815 8.236302
1816 8.230610
1817 8.239671
1818 8.237498
1819 8.242609
1820 8.228050
1821 8.213907
1822 8.202023
1823 8.209283
1824 8.194113
1825 8.196891
1826 8.201812
1827 8.197699
1828 8.206166
1829 8.199274
1830 8.208485
1831 8.185698
1832 8.174503
1833 8.185760
1834 8.182469
1835 8.176712
1836 8.174255
1837 8.172264
1838 8.162836
1839 8.152811
1840 8.140064
1841 8.157955
1842 8.165884
1843 8.180654
1844 8.179990
1845 8.171276
1846 8.173833
1847 8.156541
1848 8.149166
1849 8.151479
1850 8.150322
1851 8.168026
1852 8.174765
1853 8.182457
1854 8.184513
1855 8.182175
1856 8.174733
1857 8.180531
1858 8.184282
1859 8.181812
1860 8.188296
1861 8.202303
1862 8.200259
1863 8.186325
1864 8.187847
1865 8.187800
1866 8.179401
1867 8.184941
1868 8.196690
1869 8.192709
1870 8.199984
1871 8.195111
1872 8.209396
1873 8.197564
1874 8.201438
1875 8.206563
1876 8.202701
1877 8.196803
1878 8.207161
1879 8.209638
1880 8.201401
1881 8.206432
1882 8.194805
1883 8.213022
1884 8.211887
1885 8.219741
1886 8.240005
1887 8.253545
1888 8.268199
1889 8.272281
1890 8.256612
1891 8.262020
1892 8.265926
1893 8.255993
1894 8.263084
1895 8.277468
1896 8.271557
1897 8.291831
1898 8.295966
1899 8.298044
1900 8.302197
1901 8.324298
1902 8.320129
1903 8.334796
1904 8.352392
1905 8.355892
1906 8.353871
1907 8.363503
1908 8.362860
1909 8.356591
1910 8.363687
1911 8.353449
1912 8.342425
1913 8.340778
1914 8.346494
1915 8.349915
1916 8.368570
1917 8.357956
1918 8.351798
1919 8.347527
1920 8.347642
1921 8.353461
1922 8.349439
1923 8.355641
1924 8.361803
1925 8.364282
1926 8.360865
1927 8.371026
1928 8.382444
1929 8.387088
1930 8.389486
1931 8.404685
1932 8.422434
1933 8.433154
1934 8.448639
1935 8.450914
1936 8.449478
1937 8.445001
1938 8.443586
1939 8.457029
1940 8.469465
1941 8.463281
1942 8.469100
1943 8.476690
1944 8.482446
1945 8.488529
1946 8.474874
1947 8.475999
1948 8.486007
1949 8.495762
1950 8.498254
1951 8.490997
1952 8.504675
1953 8.506956
1954 8.514699
1955 8.521509
1956 8.526936
1957 8.528188
1958 8.522531
1959 8.504065
1960 8.512874
1961 8.507850
1962 8.492939
1963 8.488395
1964 8.504105
1965 8.513120
1966 8.511187
1967 8.528058
1968 8.526059
1969 8.513640
1970 8.516882
1971 8.526144
1972 8.527648
1973 8.533687
1974 8.527729
1975 8.533256
1976 8.540869
1977 8.543518
1978 8.537409
1979 8.539752
1980 8.542339
1981 8.545618
1982 8.549563
1983 8.538266
1984 8.531577
1985 8.533500
1986 8.555410
1987 8.577485
1988 8.575342
1989 8.565646
1990 8.576028
1991 8.569971
1992 8.574011
1993 8.593421
1994 8.606090
1995 8.609714
1996 8.599942
1997 8.603729
1998 8.608293
1999 8.610251
2000 8.605006
2001 8.608068
2002 8.619068
2003 8.609806
2004 8.628556
2005 8.631348
2006 8.639177
2007 8.639106
2008 8.653940
2009 8.661530
2010 8.651619
2011 8.659318
2012 8.649044
2013 8.636541
2014 8.623970
2015 8.637106
2016 8.625727
2017 8.629620
2018 8.629904
2019 8.657608
2020 8.676790
2021 8.685997
2022 8.694173
2023 8.697131
2024 8.696952
2025 8.686181
2026 8.695455
2027 8.699485
2028 8.704941
2029 8.710324
2030 8.704244
2031 8.716501
2032 8.706094
2033 8.707692
2034 8.717085
2035 8.716039
2036 8.714921
2037 8.718930
2038 8.728032
2039 8.724306
2040 8.727407
2041 8.729524
2042 8.733162
2043 8.742841
2044 8.730439
2045 8.713103
2046 8.716186
2047 8.723927
2048 8.708448
2049 8.713722
2050 8.700065
2051 8.726487
2052 8.721146
2053 8.718080
2054 8.715742
2055 8.700635
2056 8.705986
2057 8.721275
2058 8.724589
2059 8.727868
2060 8.714436
2061 8.715975
2062 8.712215
2063 8.706644
2064 8.720328
2065 8.732444
2066 8.729564
2067 8.726880
2068 8.723648
2069 8.735601
2070 8.732089
2071 8.740297
2072 8.747943
2073 8.753544
2074 8.753439
2075 8.767559
2076 8.752899
2077 8.756634
2078 8.752676
2079 8.767316
2080 8.762177
2081 8.770792
2082 8.757425
2083 8.763284
2084 8.751240
2085 8.743141
2086 8.740848
2087 8.756678
2088 8.767577
2089 8.754404
2090 8.745762
2091 8.745488
2092 8.758385
2093 8.752093
2094 8.749344
2095 8.751204
2096 8.752541
2097 8.751589
2098 8.753185
2099 8.773662
2100 8.776733
2101 8.760113
2102 8.756737
2103 8.765757
2104 8.777973
2105 8.784605
2106 8.787935
2107 8.788869
2108 8.792369
2109 8.797292
2110 8.798715
2111 8.796945
2112 8.779987
2113 8.772398
2114 8.783464
2115 8.779396
2116 8.790429
2117 8.805447
2118 8.800120
2119 8.805405
2120 8.802181
2121 8.809570
2122 8.808167
2123 8.813639
2124 8.802962
2125 8.799047
2126 8.791727
2127 8.815025
2128 8.811990
2129 8.820976
2130 8.821262
2131 8.815946
2132 8.812059
2133 8.818754
2134 8.812814
2135 8.807635
2136 8.805442
2137 8.816132
2138 8.821573
2139 8.831474
2140 8.841928
2141 8.844464
2142 8.853502
2143 8.858886
2144 8.855603
2145 8.853337
2146 8.844355
2147 8.866100
2148 8.852308
2149 8.841774
2150 8.833372
2151 8.844853
2152 8.852345
2153 8.861071
2154 8.872565
2155 8.874810
2156 8.882598
2157 8.887687
2158 8.893371
2159 8.889869
2160 8.890453
2161 8.903423
2162 8.893279
2163 8.900378
2164 8.904581
2165 8.922357
2166 8.924964
2167 8.923962
2168 8.933843
2169 8.956435
2170 8.958412
2171 8.939940
2172 8.930602
2173 8.937694
2174 8.926951
2175 8.926209
2176 8.919935
2177 8.916866
2178 8.903909
2179 8.875331
2180 8.893106
2181 8.908210
2182 8.904902
2183 8.893704
2184 8.895319
2185 8.893796
2186 8.893355
2187 8.889695
2188 8.900752
2189 8.902904
2190 8.907962
2191 8.912709
2192 8.927171
2193 8.901710
2194 8.927626
2195 8.918040
2196 8.923368
2197 8.910201
2198 8.915096
2199 8.914924
2200 8.914456
2201 8.913437
2202 8.913866
2203 8.915731
2204 8.911320
2205 8.901962
2206 8.903812
2207 8.919775
2208 8.911953
2209 8.911857
2210 8.907772
2211 8.901048
2212 8.908992
2213 8.920537
2214 8.907190
2215 8.908493
2216 8.921620
2217 8.920826
2218 8.928888
2219 8.920061
2220 8.927261
2221 8.932562
2222 8.951653
2223 8.978677
2224 8.990396
2225 8.985859
2226 8.970737
2227 8.978558
2228 8.985561
2229 8.997318
2230 8.995179
2231 9.004879
2232 9.010550
2233 9.021004
2234 9.023908
2235 9.023850
2236 9.023468
2237 9.023634
2238 9.016060
2239 9.003496
2240 9.008736
2241 8.982620
2242 8.978443
2243 8.972419
2244 8.979788
2245 8.977889
2246 8.985467
2247 8.978041
2248 8.972778
2249 8.957500
2250 8.978131
2251 8.983416
2252 8.993907
2253 8.998669
2254 9.006844
2255 9.010558
2256 9.025307
2257 9.008790
2258 9.001723
2259 8.989664
2260 8.986545
2261 8.967105
2262 8.971755
2263 8.987538
2264 9.001666
2265 8.984852
2266 8.976840
2267 8.982771
2268 8.981637
2269 8.987289
2270 8.990241
2271 8.992168
2272 8.990288
2273 8.985796
2274 8.990446
2275 9.010726
2276 9.017876
2277 9.021804
2278 9.019697
2279 9.025479
2280 9.038791
2281 9.035936
2282 9.043358
2283 9.039608
2284 9.049029
2285 9.044634
2286 9.044361
2287 9.060012
2288 9.055586
2289 9.065677
2290 9.071640
2291 9.079152
2292 9.092241
2293 9.111140
2294 9.114397
2295 9.119699
2296 9.130191
2297 9.126621
2298 9.111756
2299 9.087264
2300 9.077839
2301 9.085833
2302 9.075022
2303 9.071272
2304 9.064196
2305 9.075748
2306 9.074744
2307 9.072443
2308 9.075998
2309 9.062732
2310 9.063351
2311 9.063740
2312 9.053830
2313 9.064923
2314 9.065521
2315 9.077596
2316 9.069903
2317 9.067091
2318 9.068628
2319 9.075842
2320 9.061948
2321 9.067358
2322 9.067893
2323 9.053804
2324 9.068149
2325 9.061349
2326 9.075833
2327 9.065029
2328 9.084725
2329 9.102235
2330 9.099842
2331 9.087227
2332 9.068984
2333 9.074236
2334 9.072805
2335 9.083934
2336 9.065948
2337 9.063998
2338 9.056752
2339 9.062648
2340 9.066318
2341 9.075506
2342 9.080998
2343 9.083323
2344 9.070251
2345 9.055001
2346 9.073428
2347 9.075049
2348 9.080609
2349 9.071838
2350 9.069647
2351 9.078344
2352 9.080421
2353 9.093353
2354 9.083671
2355 9.095620
2356 9.111012
2357 9.120014
2358 9.119376
2359 9.097331
2360 9.112526
2361 9.107184
2362 9.105200
2363 9.113738
2364 9.114656
2365 9.127520
2366 9.134161
2367 9.142817
2368 9.157007
2369 9.156863
2370 9.166404
2371 9.161285
2372 9.163267
2373 9.176083
2374 9.178284
2375 9.179548
2376 9.196774
2377 9.201751
2378 9.210352
2379 9.219283
2380 9.226047
2381 9.234516
2382 9.225757
2383 9.235952
2384 9.252507
2385 9.247406
2386 9.234580
2387 9.228183
2388 9.221214
2389 9.225565
2390 9.224634
2391 9.232521
2392 9.230759
2393 9.217278
2394 9.209106
2395 9.205738
2396 9.208273
2397 9.206053
2398 9.215313
2399 9.218887
2400 9.220409
2401 9.237654
2402 9.226240
2403 9.227365
2404 9.232848
2405 9.231048
2406 9.244158
2407 9.238486
2408 9.239614
2409 9.237956
2410 9.249344
2411 9.256340
2412 9.265908
2413 9.267207
2414 9.261360
2415 9.262816
2416 9.265051
2417 9.256465
2418 9.247560
2419 9.238141
2420 9.242250
2421 9.232453
2422 9.249624
2423 9.256995
2424 9.255008
2425 9.256547
2426 9.263952
2427 9.270579
2428 9.279673
2429 9.287100
2430 9.271834
2431 9.262224
2432 9.270826
2433 9.293002
2434 9.301608
2435 9.295630
2436 9.303118
2437 9.304038
2438 9.310242
2439 9.309000
2440 9.315371
2441 9.315377
2442 9.316880
2443 9.320806
2444 9.331460
2445 9.336215
2446 9.349457
2447 9.343994
2448 9.333882
2449 9.320526
2450 9.318002
2451 9.324710
2452 9.317632
2453 9.315429
2454 9.296166
2455 9.283592
2456 9.289830
2457 9.300313
2458 9.297188
2459 9.286534
2460 9.280749
2461 9.292569
2462 9.299042
2463 9.301569
2464 9.325327
2465 9.320188
2466 9.322902
2467 9.316730
2468 9.328484
2469 9.313593
2470 9.305809
2471 9.319068
2472 9.315569
2473 9.320022
2474 9.325792
2475 9.320441
2476 9.312928
2477 9.303830
2478 9.308500
2479 9.307481
2480 9.318627
2481 9.317574
2482 9.326705
2483 9.324376
2484 9.337409
2485 9.339206
2486 9.336914
2487 9.343164
2488 9.343532
2489 9.325208
2490 9.318386
2491 9.319607
2492 9.318112
2493 9.317679
2494 9.330890
2495 9.321864
2496 9.310052
2497 9.323519
2498 9.336055
2499 9.339742
2500 9.328169
2501 9.325402
2502 9.315923
2503 9.305748
2504 9.308499
2505 9.321111
2506 9.321945
2507 9.333323
2508 9.320619
2509 9.319856
2510 9.331510
2511 9.336554
2512 9.345638
2513 9.346014
2514 9.360646
2515 9.360032
2516 9.362374
2517 9.357676
2518 9.353695
2519 9.374810
2520 9.373169
2521 9.374731
2522 9.370369
2523 9.374703
2524 9.373217
2525 9.374870
2526 9.388403
2527 9.388521
2528 9.386801
2529 9.372097
2530 9.391658
2531 9.397832
2532 9.402179
2533 9.409148
2534 9.418036
2535 9.411675
2536 9.403181
2537 9.409057
2538 9.401309
2539 9.411767
2540 9.436438
2541 9.423428
2542 9.405366
2543 9.410876
2544 9.413693
2545 9.418025
2546 9.414454
2547 9.413359
2548 9.398305
2549 9.391703
2550 9.402765
2551 9.412070
2552 9.411386
2553 9.404601
2554 9.391369
2555 9.388380
2556 9.406959
2557 9.434261
2558 9.423913
2559 9.424404
2560 9.428968
2561 9.435614
2562 9.434162
2563 9.443444
2564 9.443310
2565 9.442082
2566 9.452400
2567 9.451533
2568 9.462749
2569 9.450657
2570 9.476161
2571 9.472723
2572 9.470886
2573 9.467522
2574 9.484464
2575 9.478733
2576 9.483699
2577 9.497675
2578 9.490006
2579 9.506727
2580 9.508411
2581 9.494462
2582 9.505055
2583 9.512375
2584 9.503135
2585 9.499234
2586 9.498020
2587 9.488813
2588 9.492368
2589 9.495430
2590 9.499443
2591 9.504534
2592 9.512657
2593 9.524106
2594 9.502953
2595 9.489478
2596 9.485927
2597 9.499628
2598 9.497060
2599 9.494544
2600 9.481728
2601 9.481800
2602 9.487694
2603 9.491168
2604 9.468909
2605 9.470066
2606 9.487165
2607 9.466861
2608 9.459043
2609 9.437635
2610 9.423148
2611 9.422485
2612 9.421813
2613 9.424878
2614 9.431891
2615 9.426281
2616 9.414594
2617 9.414854
2618 9.429627
2619 9.418345
2620 9.419917
2621 9.420071
2622 9.444064
2623 9.441938
2624 9.438638
2625 9.436223
2626 9.447089
2627 9.430312
2628 9.420253
2629 9.423228
2630 9.439809
2631 9.457289
2632 9.461893
2633 9.474842
2634 9.478535
2635 9.489162
2636 9.493147
2637 9.493829
2638 9.502959
2639 9.508117
2640 9.513159
2641 9.510605
2642 9.525952
2643 9.522555
2644 9.531674
2645 9.541970
2646 9.539736
2647 9.547038
2648 9.555680
2649 9.565844
2650 9.582611
2651 9.581285
2652 9.576980
2653 9.582042
2654 9.584141
2655 9.575560
2656 9.580251
2657 9.574078
2658 9.585276
2659 9.603101
2660 9.614352
2661 9.595450
2662 9.601639
2663 9.598181
2664 9.609763
2665 9.614938
2666 9.614077
2667 9.614800
2668 9.601581
2669 9.594083
2670 9.581902
2671 9.574078
2672 9.568586
2673 9.559054
2674 9.563019
2675 9.574503
2676 9.585852
2677 9.584843
2678 9.580984
2679 9.573579
2680 9.576249
2681 9.572588
2682 9.560146
2683 9.560467
2684 9.565255
2685 9.553524
2686 9.567585
2687 9.585252
2688 9.600093
2689 9.594813
2690 9.608340
2691 9.609951
2692 9.614082
2693 9.618866
2694 9.612008
2695 9.601164
2696 9.600307
2697 9.592734
2698 9.598719
2699 9.605977
2700 9.606365
2701 9.601753
2702 9.598720
2703 9.585531
2704 9.608589
2705 9.621132
2706 9.614704
2707 9.615851
2708 9.608587
2709 9.609715
2710 9.622106
2711 9.629344
2712 9.630811
2713 9.628609
2714 9.633432
2715 9.621892
2716 9.621870
2717 9.617602
2718 9.628641
2719 9.623011
2720 9.621577
2721 9.619222
2722 9.615792
2723 9.604778
2724 9.599679
2725 9.598921
2726 9.607724
2727 9.614043
2728 9.619619
2729 9.624947
2730 9.643472
2731 9.654653
2732 9.653927
2733 9.659008
2734 9.655290
2735 9.669201
2736 9.672991
2737 9.669687
2738 9.667258
2739 9.670478
2740 9.662949
2741 9.659726
2742 9.657616
2743 9.671130
2744 9.667004
2745 9.659433
2746 9.661170
2747 9.664836
2748 9.656622
2749 9.664198
2750 9.668059
2751 9.666361
2752 9.682975
2753 9.684974
2754 9.696715
2755 9.708614
2756 9.715182
2757 9.717936
2758 9.724383
2759 9.716768
2760 9.726011
2761 9.710673
2762 9.727374
2763 9.737447
2764 9.735664
2765 9.739477
2766 9.738706
2767 9.739545
2768 9.745046
2769 9.756202
2770 9.750716
2771 9.753907
2772 9.739113
2773 9.733026
2774 9.726282
2775 9.734243
2776 9.726494
2777 9.727649
2778 9.727537
2779 9.717900
2780 9.721225
2781 9.733021
2782 9.740040
2783 9.734768
2784 9.745160
2785 9.735169
2786 9.719694
2787 9.733664
2788 9.715288
2789 9.717512
2790 9.725522
2791 9.730593
2792 9.741676
2793 9.774427
2794 9.783205
2795 9.782126
2796 9.787777
2797 9.791901
2798 9.789545
2799 9.789082
2800 9.788051
2801 9.783932
2802 9.791945
2803 9.787420
2804 9.784207
2805 9.793303
2806 9.795973
2807 9.790214
2808 9.810524
2809 9.817672
2810 9.828976
2811 9.836651
2812 9.828568
2813 9.842669
2814 9.837464
2815 9.830458
2816 9.836215
2817 9.836720
2818 9.841947
2819 9.847443
2820 9.848363
2821 9.841523
2822 9.836187
2823 9.839601
2824 9.849185
2825 9.851747
2826 9.868670
2827 9.870443
2828 9.853742
2829 9.841303
2830 9.824939
2831 9.837387
2832 9.840142
2833 9.854231
2834 9.870584
2835 9.882767
2836 9.877064
2837 9.871948
2838 9.885350
2839 9.884880
2840 9.875237
2841 9.888961
2842 9.896500
2843 9.899295
2844 9.887183
2845 9.886484
2846 9.883555
2847 9.897660
2848 9.899099
2849 9.885559
2850 9.884302
2851 9.889214
2852 9.897183
2853 9.888024
2854 9.882621
2855 9.874839
2856 9.882896
2857 9.880216
2858 9.865816
2859 9.876706
2860 9.880834
2861 9.875010
2862 9.876186
2863 9.876664
2864 9.874113
2865 9.893314
2866 9.897784
2867 9.904281
2868 9.912430
2869 9.903939
2870 9.899844
2871 9.917262
2872 9.925992
2873 9.948701
2874 9.958659
2875 9.962047
2876 9.967534
2877 9.965576
2878 9.975940
2879 9.979911
2880 9.972494
2881 9.975692
2882 9.976562
2883 9.958765
2884 9.954028
2885 9.954422
2886 9.965683
2887 9.968421
2888 9.975753
2889 9.966730
2890 9.956065
2891 9.955622
2892 9.957664
2893 9.964638
2894 9.951004
2895 9.947293
2896 9.936685
2897 9.930190
2898 9.935101
2899 9.932665
2900 9.939874
2901 9.936817
2902 9.924761
2903 9.913444
2904 9.911190
2905 9.907718
2906 9.910991
2907 9.914580
2908 9.918941
2909 9.926171
2910 9.924243
2911 9.914221
2912 9.926064
2913 9.926311
2914 9.931493
2915 9.927601
2916 9.927664
2917 9.921944
2918 9.928029
2919 9.926157
2920 9.924645
2921 9.944847
2922 9.942527
2923 9.951062
2924 9.952213
2925 9.950904
2926 9.949343
2927 9.947918
2928 9.960169
2929 9.962846
2930 9.969529
2931 9.974259
2932 9.978595
2933 9.983835
2934 9.989417
2935 9.979010
2936 9.984968
2937 9.987487
2938 9.978180
2939 9.999339
2940 10.002076
2941 9.998642
2942 9.996324
2943 9.979494
2944 9.978801
2945 9.984307
2946 10.004724
2947 10.015774
2948 10.015350
2949 10.017586
2950 10.019096
2951 10.020662
2952 10.023248
2953 10.026464
2954 10.049315
2955 10.056454
2956 10.053755
2957 10.054800
2958 10.045808
2959 10.039414
2960 10.041232
2961 10.054984
2962 10.049408
2963 10.058350
2964 10.070454
2965 10.046312
2966 10.050980
2967 10.056574
2968 10.060478
2969 10.061414
2970 10.051127
2971 10.039471
2972 10.034038
2973 10.036052
2974 10.047899
2975 10.045814
2976 10.060849
2977 10.060226
2978 10.049231
2979 10.039892
2980 10.040265
2981 10.043027
2982 10.042823
2983 10.056189
2984 10.060240
2985 10.052048
2986 10.068150
2987 10.078241
2988 10.088702
2989 10.081287
2990 10.063579
2991 10.065357
2992 10.051342
2993 10.055360
2994 10.046625
2995 10.052392
2996 10.061184
2997 10.057780
2998 10.069371
2999 10.068628
