0.0000 0.000000
0.0005 0.000000
0.0010 0.000000
0.0015 0.000000
0.0020 0.000000
0.0025 0.000000
0.0030 0.000000
0.0035 0.000000
0.0040 0.000000
0.0045 0.000000
0.0050 0.000000
0.0055 0.000000
0.0060 0.000000
0.0065 0.000000
0.0070 0.000000
0.0075 0.000000
0.0080 0.000000
0.0085 0.000000
0.0090 0.000000
0.0095 0.000000
0.0100 0.000000
0.0105 0.000000
0.0110 0.000000
0.0115 0.000000
0.0120 0.000000
0.0125 0.000000
0.0130 0.000000
0.0135 0.000000
0.0140 0.000000
0.0145 0.000000
0.0150 0.000000
0.0155 0.000000
0.0160 0.000000
0.0165 0.000000
0.0170 0.000000
0.0175 0.000000
0.0180 0.000000
0.0185 0.000000
0.0190 0.000000
0.0195 0.000000
0.0200 0.000000
0.0205 0.016944
0.0210 0.017289
0.0215 0.017662
0.0220 0.018067
0.0225 0.018426
0.0230 0.018813
0.0235 0.019215
0.0240 0.019625
0.0245 0.019924
0.0250 0.020296
0.0255 0.020632
0.0260 0.020988
0.0265 0.021368
0.0270 0.021704
0.0275 0.022079
0.0280 0.022387
0.0285 0.022736
0.0290 0.023067
0.0295 0.023403
0.0300 0.023750
0.0305 0.024051
0.0310 0.024401
0.0315 0.024715
0.0320 0.024979
0.0325 0.025266
0.0330 0.025625
0.0335 0.025910
0.0340 0.026262
0.0345 0.026558
0.0350 0.026870
0.0355 0.027192
0.0360 0.027493
0.0365 0.027808
0.0370 0.028139
0.0375 0.028449
0.0380 0.028757
0.0385 0.029076
0.0390 0.029354
0.0395 0.029637
0.0400 0.029907
0.0405 0.030248
0.0410 0.030553
0.0415 0.030919
0.0420 0.031232
0.0425 0.031528
0.0430 0.031806
0.0435 0.032044
0.0440 0.032373
0.0445 0.032614
0.0450 0.032905
0.0455 0.033199
0.0460 0.033489
0.0465 0.033759
0.0470 0.034019
0.0475 0.034273
0.0480 0.034546
0.0485 0.034882
0.0490 0.035157
0.0495 0.035438
0.0500 0.035685
0.0505 0.035975
0.0510 0.036227
0.0515 0.036498
0.0520 0.036773
0.0525 0.036998
0.0530 0.037285
0.0535 0.037549
0.0540 0.037789
0.0545 0.038049
0.0550 0.038296
0.0555 0.038588
0.0560 0.038833
0.0565 0.039090
0.0570 0.039370
0.0575 0.039657
0.0580 0.039924
0.0585 0.040120
0.0590 0.040380
0.0595 0.040660
0.0600 0.040898
0.0605 0.041130
0.0610 0.041384
0.0615 0.041667
0.0620 0.041861
0.0625 0.042123
0.0630 0.042368
0.0635 0.042602
0.0640 0.042813
0.0645 0.043030
0.0650 0.043259
0.0655 0.043491
0.0660 0.043722
0.0665 0.043972
0.0670 0.044178
0.0675 0.044403
0.0680 0.044627
0.0685 0.044859
0.0690 0.045086
0.0695 0.045306
0.0700 0.045514
0.0705 0.045720
0.0710 0.045947
0.0715 0.046201
0.0720 0.046401
0.0725 0.046634
0.0730 0.046808
0.0735 0.047014
0.0740 0.047278
0.0745 0.047454
0.0750 0.047683
0.0755 0.047901
0.0760 0.048090
0.0765 0.048278
0.0770 0.048507
0.0775 0.048708
0.0780 0.048905
0.0785 0.049123
0.0790 0.049320
0.0795 0.049514
0.0800 0.049711
0.0805 0.049896
0.0810 0.050051
0.0815 0.050292
0.0820 0.050472
0.0825 0.050671
0.0830 0.050857
0.0835 0.051072
0.0840 0.051266
0.0845 0.051477
0.0850 0.051651
0.0855 0.051894
0.0860 0.052079
0.0865 0.052287
0.0870 0.052456
0.0875 0.052623
0.0880 0.052776
0.0885 0.056725
0.0890 0.056956
0.0895 0.057178
0.0900 0.057398
0.0905 0.057565
0.0910 0.057778
0.0915 0.057910
0.0920 0.058127
0.0925 0.058329
0.0930 0.058526
0.0935 0.058780
0.0940 0.058952
0.0945 0.059134
0.0950 0.059329
0.0955 0.059500
0.0960 0.059702
0.0965 0.059903
0.0970 0.060102
0.0975 0.060269
0.0980 0.060458
0.0985 0.060609
0.0990 0.060801
0.0995 0.061021
0.1000 0.061206
0.1005 0.061380
0.1010 0.061593
0.1015 0.061778
0.1020 0.061982
0.1025 0.062199
0.1030 0.062373
0.1035 0.062570
0.1040 0.062713
0.1045 0.062864
0.1050 0.063053
0.1055 0.063174
0.1060 0.063315
0.1065 0.063484
0.1070 0.063704
0.1075 0.063847
0.1080 0.064016
0.1085 0.064174
0.1090 0.064347
0.1095 0.064551
0.1100 0.064697
0.1105 0.064871
0.1110 0.094243
0.1115 0.094521
0.1120 0.094836
0.1125 0.095153
0.1130 0.095523
0.1135 0.095903
0.1140 0.096220
0.1145 0.096540
0.1150 0.096850
0.1155 0.097204
0.1160 0.097482
0.1165 0.097820
0.1170 0.098209
0.1175 0.098523
0.1180 0.098901
0.1185 0.099292
0.1190 0.099593
0.1195 0.099977
0.1200 0.100317
0.1205 0.100623
0.1210 0.100956
0.1215 0.101327
0.1220 0.101692
0.1225 0.102056
0.1230 0.102380
0.1235 0.102688
0.1240 0.103012
0.1245 0.103334
0.1250 0.103658
0.1255 0.104000
0.1260 0.104306
0.1265 0.104653
0.1270 0.104977
0.1275 0.105241
