0.0000 0.000039
0.0005 0.000000
0.0010 0.000000
0.0015 0.000000
0.0020 0.000000
0.0025 0.000000
0.0030 0.000000
0.0035 0.000000
0.0040 0.000000
0.0045 0.000000
0.0050 0.000000
0.0055 0.000000
0.0060 0.000000
0.0065 0.000000
0.0070 0.000000
0.0075 0.000000
0.0080 0.000000
0.0085 0.000000
0.0090 0.000000
0.0095 0.000000
0.0100 0.000000
0.0105 0.000000
0.0110 0.000000
0.0115 0.000000
0.0120 0.000000
0.0125 0.000000
0.0130 0.000000
0.0135 0.000000
0.0140 0.000000
0.0145 0.000000
0.0150 0.000000
0.0155 0.000000
0.0160 0.000000
0.0165 0.000000
0.0170 0.000000
0.0175 0.000000
0.0180 0.000000
0.0185 0.000000
0.0190 0.000000
0.0195 0.000000
0.0200 0.000000
0.0205 0.000000
0.0210 0.000000
0.0215 0.000000
0.0220 0.000000
0.0225 0.000000
0.0230 0.000000
0.0235 0.000000
0.0240 0.000000
0.0245 0.000000
0.0250 0.000000
0.0255 0.000000
0.0260 0.000000
0.0265 0.000000
0.0270 0.000000
0.0275 0.000000
0.0280 0.000000
0.0285 0.000000
0.0290 0.000000
0.0295 0.000000
0.0300 0.000000
0.0305 0.000000
0.0310 0.000000
0.0315 0.000000
0.0320 0.000000
0.0325 0.000000
0.0330 0.000000
0.0335 0.000000
0.0340 0.000000
0.0345 0.000000
0.0350 0.000000
0.0355 0.000000
0.0360 0.000000
0.0365 0.000000
0.0370 0.000000
0.0375 0.000000
0.0380 0.000000
0.0385 0.000000
0.0390 0.000000
0.0395 0.000000
0.0400 0.000000
0.0405 0.000000
0.0410 0.000000
0.0415 0.000000
0.0420 0.000000
0.0425 0.000000
0.0430 0.000000
0.0435 0.000000
0.0440 0.000000
0.0445 0.000000
0.0450 0.000000
0.0455 0.000000
0.0460 0.000000
0.0465 0.000000
0.0470 0.000000
0.0475 0.000000
0.0480 0.000000
0.0485 0.000000
0.0490 0.000000
0.0495 0.000000
0.0500 0.000000
0.0505 0.000000
0.0510 0.000000
0.0515 0.000000
0.0520 0.000000
0.0525 0.000000
0.0530 0.000000
0.0535 0.000000
0.0540 0.000000
0.0545 0.000000
0.0550 0.000000
0.0555 0.000000
0.0560 0.000000
0.0565 0.000000
0.0570 0.000000
0.0575 0.000000
0.0580 0.000000
0.0585 0.000000
0.0590 0.000000
0.0595 0.000000
0.0600 0.000000
0.0605 0.000000
0.0610 0.000000
0.0615 0.000000
0.0620 0.000000
0.0625 0.000000
0.0630 0.000000
0.0635 0.000000
0.0640 0.000000
0.0645 0.000000
0.0650 0.000000
0.0655 0.000000
0.0660 0.000000
0.0665 0.000000
0.0670 0.000000
0.0675 0.000000
0.0680 0.000000
0.0685 0.000000
0.0690 0.000000
0.0695 0.000000
0.0700 0.000000
0.0705 0.000000
0.0710 0.000000
0.0715 0.000000
0.0720 0.000000
0.0725 0.000000
0.0730 0.000000
0.0735 0.000000
0.0740 0.000000
0.0745 0.000000
0.0750 0.000000
0.0755 0.000000
0.0760 0.000000
0.0765 0.000000
0.0770 0.000000
0.0775 0.000000
0.0780 0.000000
0.0785 0.000000
0.0790 0.000000
0.0795 0.000000
0.0800 0.000000
0.0805 0.000000
0.0810 0.000000
0.0815 0.000000
0.0820 0.000000
0.0825 0.000000
0.0830 0.000000
0.0835 0.000000
0.0840 0.000000
0.0845 0.000000
0.0850 0.000000
0.0855 0.000000
0.0860 0.000000
0.0865 0.000000
0.0870 0.000000
0.0875 0.000000
0.0880 0.000000
0.0885 0.000000
0.0890 0.000000
0.0895 0.000000
0.0900 0.000000
0.0905 0.000000
0.0910 0.000000
0.0915 0.000000
0.0920 0.000000
0.0925 0.000000
0.0930 0.000000
0.0935 0.000000
0.0940 0.000000
0.0945 0.000000
0.0950 0.000000
0.0955 0.000000
0.0960 0.000000
0.0965 0.000000
0.0970 0.000000
0.0975 0.000000
0.0980 0.000000
0.0985 0.000000
0.0990 0.000000
0.0995 0.000000
0.1000 0.000000
0.1005 0.000000
0.1010 0.000000
0.1015 0.000000
0.1020 0.000000
0.1025 0.000000
0.1030 0.000000
0.1035 0.000000
0.1040 0.000000
0.1045 0.000000
0.1050 0.000000
0.1055 0.000000
0.1060 0.000000
0.1065 0.000000
0.1070 0.000000
0.1075 0.000000
0.1080 0.000000
0.1085 0.000000
0.1090 0.000000
0.1095 0.000000
0.1100 0.000000
0.1105 0.000000
0.1110 0.000000
0.1115 0.000000
0.1120 0.000000
0.1125 0.000000
0.1130 0.000000
0.1135 0.000000
0.1140 0.000000
0.1145 0.000000
0.1150 0.000000
0.1155 0.000000
0.1160 0.000000
0.1165 0.000000
0.1170 0.000000
0.1175 0.000000
0.1180 0.000000
0.1185 0.000000
0.1190 0.000000
0.1195 0.000000
0.1200 0.000000
0.1205 0.000000
0.1210 0.000000
0.1215 0.000000
0.1220 0.000000
0.1225 0.000000
0.1230 0.000000
0.1235 0.000000
0.1240 0.000000
0.1245 0.000000
0.1250 0.000000
0.1255 0.000000
0.1260 0.000000
0.1265 0.000000
0.1270 0.000000
0.1275 0.000000
0.1280 0.000000
0.1285 0.000000
0.1290 0.000000
0.1295 0.000000
0.1300 0.000000
0.1305 0.000000
0.1310 0.000000
0.1315 0.000000
0.1320 0.000000
0.1325 0.000000
0.1330 0.000000
0.1335 0.000000
0.1340 0.000000
0.1345 0.000000
0.1350 0.000000
0.1355 0.000000
0.1360 0.000000
0.1365 0.000000
0.1370 0.000000
0.1375 0.000000
0.1380 0.000000
0.1385 0.000000
0.1390 0.000000
0.1395 0.000000
0.1400 0.000000
0.1405 0.000000
0.1410 0.000000
0.1415 0.000000
0.1420 0.000000
0.1425 0.000000
0.1430 0.000000
0.1435 0.000000
0.1440 0.000000
0.1445 0.000000
0.1450 0.000000
0.1455 0.000000
0.1460 0.000000
0.1465 0.000000
0.1470 0.000000
0.1475 0.000000
0.1480 0.000000
0.1485 0.000000
0.1490 0.000000
0.1495 0.000000
0.1500 0.000000
0.1505 0.000000
0.1510 0.000000
0.1515 0.000000
0.1520 0.000000
0.1525 0.000000
0.1530 0.000000
0.1535 0.000000
0.1540 0.000000
0.1545 0.000000
0.1550 0.000000
0.1555 0.000000
0.1560 0.000000
0.1565 0.000000
0.1570 0.000000
0.1575 0.000000
0.1580 0.000000
0.1585 0.000000
0.1590 0.000000
0.1595 0.000000
0.1600 0.000000
0.1605 0.000000
0.1610 0.000000
0.1615 0.000000
0.1620 0.000000
0.1625 0.000000
0.1630 0.000000
0.1635 0.000000
0.1640 0.000000
0.1645 0.000000
0.1650 0.000000
0.1655 0.000000
0.1660 0.000000
0.1665 0.000000
0.1670 0.000000
0.1675 0.000000
0.1680 0.000000
0.1685 0.000000
0.1690 0.000000
0.1695 0.000000
0.1700 0.000000
0.1705 0.000000
0.1710 0.000000
0.1715 0.000000
0.1720 0.000000
0.1725 0.000000
0.1730 0.000000
0.1735 0.000000
0.1740 0.000000
0.1745 0.000000
0.1750 0.000000
0.1755 0.000000
0.1760 0.000000
0.1765 0.000000
0.1770 0.000000
0.1775 0.000000
0.1780 0.000000
0.1785 0.000000
0.1790 0.000000
0.1795 0.000000
0.1800 0.000000
0.1805 0.000000
0.1810 0.000000
0.1815 0.000000
0.1820 0.000000
0.1825 0.000000
0.1830 0.000000
0.1835 0.000000
0.1840 0.000000
0.1845 0.000000
0.1850 0.000000
0.1855 0.000000
0.1860 0.000000
0.1865 0.000000
0.1870 0.000000
0.1875 0.000000
0.1880 0.000000
0.1885 0.000000
0.1890 0.000000
0.1895 0.000000
0.1900 0.000000
0.1905 0.000000
0.1910 0.000000
0.1915 0.000000
0.1920 0.000000
0.1925 0.000000
0.1930 0.000000
0.1935 0.000000
0.1940 0.000000
0.1945 0.000000
0.1950 0.000000
0.1955 0.000000
0.1960 0.000000
0.1965 0.000000
0.1970 0.000000
0.1975 0.000000
0.1980 0.000000
0.1985 0.000000
0.1990 0.000000
0.1995 0.000000
0.2000 0.000000
0.2005 0.000000
0.2010 0.000000
0.2015 0.000000
0.2020 0.000000
0.2025 0.000000
0.2030 0.000000
0.2035 0.000000
0.2040 0.000000
0.2045 0.000000
0.2050 0.000000
0.2055 0.000000
0.2060 0.000000
0.2065 0.000000
0.2070 0.000000
0.2075 0.000000
0.2080 0.000000
0.2085 0.000000
0.2090 0.000000
0.2095 0.000000
0.2100 0.000000
0.2105 0.000000
0.2110 0.000000
0.2115 0.000000
0.2120 0.000000
0.2125 0.000000
0.2130 0.000000
0.2135 0.000000
0.2140 0.000000
0.2145 0.000000
0.2150 0.000000
0.2155 0.000000
0.2160 0.000000
0.2165 0.000000
0.2170 0.000000
0.2175 0.000000
0.2180 0.000000
0.2185 0.000000
0.2190 0.000000
0.2195 0.000000
0.2200 0.000000
0.2205 0.000000
0.2210 0.000000
0.2215 0.000000
0.2220 0.000000
0.2225 0.000000
0.2230 0.000000
0.2235 0.000000
0.2240 0.000000
0.2245 0.000000
0.2250 0.000000
0.2255 0.000000
0.2260 0.000000
0.2265 0.000000
0.2270 0.000000
0.2275 0.000000
0.2280 0.000000
0.2285 0.000000
0.2290 0.000000
0.2295 0.000000
0.2300 0.000000
0.2305 0.000000
0.2310 0.000000
0.2315 0.000000
0.2320 0.000000
0.2325 0.000000
0.2330 0.000000
0.2335 0.000000
0.2340 0.000000
0.2345 0.000000
0.2350 0.000000
0.2355 0.000000
0.2360 0.000000
0.2365 0.000000
0.2370 0.000000
0.2375 0.000000
0.2380 0.000000
0.2385 0.000000
0.2390 0.000000
0.2395 0.000000
0.2400 0.000000
0.2405 0.000000
0.2410 0.000000
0.2415 0.000000
0.2420 0.000000
0.2425 0.000000
0.2430 0.000000
0.2435 0.000000
0.2440 0.000000
0.2445 0.000000
0.2450 0.000000
0.2455 0.000000
0.2460 0.000000
0.2465 0.000000
0.2470 0.000000
0.2475 0.000000
0.2480 0.000000
0.2485 0.000000
0.2490 0.000000
0.2495 0.000000
0.2500 0.000000
0.2505 0.000000
0.2510 0.000000
0.2515 0.000000
0.2520 0.000000
0.2525 0.000000
0.2530 0.000000
0.2535 0.000000
0.2540 0.000000
0.2545 0.000000
0.2550 0.000000
0.2555 0.000000
0.2560 0.000000
0.2565 0.000000
0.2570 0.000000
0.2575 0.000000
0.2580 0.000000
0.2585 0.000000
0.2590 0.000000
0.2595 0.000000
0.2600 0.000000
0.2605 0.000000
0.2610 0.000000
0.2615 0.000000
0.2620 0.000000
0.2625 0.000000
0.2630 0.000000
0.2635 0.000000
0.2640 0.000000
0.2645 0.000000
0.2650 0.000000
0.2655 0.000000
0.2660 0.000000
0.2665 0.000000
0.2670 0.000000
0.2675 0.000000
0.2680 0.000000
0.2685 0.000000
0.2690 0.000000
0.2695 0.000000
0.2700 0.000000
0.2705 0.000000
0.2710 0.000000
0.2715 0.000000
0.2720 0.000000
0.2725 0.000000
0.2730 0.000000
0.2735 0.000000
0.2740 0.000000
0.2745 0.000000
0.2750 0.000000
0.2755 0.000000
0.2760 0.000000
0.2765 0.000000
0.2770 0.000000
0.2775 0.000000
0.2780 0.000000
0.2785 0.000000
0.2790 0.000000
0.2795 0.000000
0.2800 0.000000
0.2805 0.000000
0.2810 0.000000
0.2815 0.000000
0.2820 0.000000
0.2825 0.000000
0.2830 0.000000
0.2835 0.000000
0.2840 0.000000
0.2845 0.000000
0.2850 0.000000
0.2855 0.000000
0.2860 0.000000
0.2865 0.000000
0.2870 0.000000
0.2875 0.000000
0.2880 0.000000
0.2885 0.000000
0.2890 0.000000
0.2895 0.000000
0.2900 0.000000
0.2905 0.000000
0.2910 0.000000
0.2915 0.000000
0.2920 0.000000
0.2925 0.000000
0.2930 0.000000
0.2935 0.000000
0.2940 0.000000
0.2945 0.000000
0.2950 0.000000
0.2955 0.000000
0.2960 0.000000
0.2965 0.000000
0.2970 0.000000
0.2975 0.000000
0.2980 0.000000
0.2985 0.000000
0.2990 0.000000
0.2995 0.000000
0.3000 0.000000
0.3005 0.000000
0.3010 0.000000
0.3015 0.000000
0.3020 0.000000
0.3025 0.000000
0.3030 0.000000
0.3035 0.000000
0.3040 0.000000
0.3045 0.000000
0.3050 0.000000
0.3055 0.000000
0.3060 0.000000
0.3065 0.000000
0.3070 0.000000
0.3075 0.000000
0.3080 0.000000
0.3085 0.000000
0.3090 0.000000
0.3095 0.000000
0.3100 0.000000
0.3105 0.000000
0.3110 0.000000
0.3115 0.000000
0.3120 0.000000
0.3125 0.000000
0.3130 0.000000
0.3135 0.000000
0.3140 0.000000
0.3145 0.000000
0.3150 0.000000
0.3155 0.000000
0.3160 0.000000
0.3165 0.000000
0.3170 0.000000
0.3175 0.000000
0.3180 0.000000
0.3185 0.000000
0.3190 0.000000
0.3195 0.000000
0.3200 0.000000
0.3205 0.000000
0.3210 0.000000
0.3215 0.000000
0.3220 0.000000
0.3225 0.000000
0.3230 0.000000
0.3235 0.000000
0.3240 0.000000
0.3245 0.000000
0.3250 0.000000
0.3255 0.000000
0.3260 0.000000
0.3265 0.000000
0.3270 0.000000
0.3275 0.000000
0.3280 0.000000
0.3285 0.000000
0.3290 0.000000
0.3295 0.000000
0.3300 0.000000
0.3305 0.000000
0.3310 0.000000
0.3315 0.000000
0.3320 0.000000
0.3325 0.000000
0.3330 0.000000
0.3335 0.000000
0.3340 0.000000
0.3345 0.000000
0.3350 0.000000
0.3355 0.000000
0.3360 0.000000
0.3365 0.000000
0.3370 0.000000
0.3375 0.000000
0.3380 0.000000
0.3385 0.000000
0.3390 0.000000
0.3395 0.000000
0.3400 0.000000
0.3405 0.000000
0.3410 0.000000
0.3415 0.000000
0.3420 0.000000
0.3425 0.000000
0.3430 0.000000
0.3435 0.000000
0.3440 0.000000
0.3445 0.000000
0.3450 0.000000
0.3455 0.000000
0.3460 0.000000
0.3465 0.000000
0.3470 0.000000
0.3475 0.000000
0.3480 0.000000
0.3485 0.000000
0.3490 0.000000
0.3495 0.000000
0.3500 0.000000
0.3505 0.000000
0.3510 0.000000
0.3515 0.000000
0.3520 0.000000
0.3525 0.000000
0.3530 0.000000
0.3535 0.000000
0.3540 0.000000
0.3545 0.000000
0.3550 0.000000
0.3555 0.000000
0.3560 0.000000
0.3565 0.000000
0.3570 0.000000
0.3575 0.000000
0.3580 0.000000
0.3585 0.000000
0.3590 0.000000
0.3595 0.000000
0.3600 0.000000
0.3605 0.000000
0.3610 0.000000
0.3615 0.000000
0.3620 0.000000
0.3625 0.000000
0.3630 0.000000
0.3635 0.000000
0.3640 0.000000
0.3645 0.000000
0.3650 0.000000
0.3655 0.000000
0.3660 0.000000
0.3665 0.000000
0.3670 0.000000
0.3675 0.000000
0.3680 0.000000
0.3685 0.000000
0.3690 0.000000
0.3695 0.000000
0.3700 0.000000
0.3705 0.000000
0.3710 0.000000
0.3715 0.000000
0.3720 0.000000
0.3725 0.000000
0.3730 0.000000
0.3735 0.000000
0.3740 0.000000
0.3745 0.000000
0.3750 0.000000
0.3755 0.000000
0.3760 0.000000
0.3765 0.000000
0.3770 0.002383
0.3775 0.002422
0.3780 0.002422
0.3785 0.002422
0.3790 0.002422
0.3795 0.002422
0.3800 0.002422
0.3805 0.002422
0.3810 0.002422
0.3815 0.002422
0.3820 0.002422
0.3825 0.002422
0.3830 0.002422
0.3835 0.002422
0.3840 0.002422
0.3845 0.002422
0.3850 0.002422
0.3855 0.002422
0.3860 0.002422
0.3865 0.002422
0.3870 0.002422
0.3875 0.002422
0.3880 0.002422
0.3885 0.002422
0.3890 0.002422
0.3895 0.002422
0.3900 0.002422
0.3905 0.002461
0.3910 0.002461
0.3915 0.002461
0.3920 0.002500
0.3925 0.002500
0.3930 0.002500
0.3935 0.002500
0.3940 0.002500
0.3945 0.002500
0.3950 0.002500
0.3955 0.002500
0.3960 0.002539
0.3965 0.002539
0.3970 0.002539
0.3975 0.002539
0.3980 0.002539
0.3985 0.002539
0.3990 0.002539
0.3995 0.002539
0.4000 0.002539
0.4005 0.002539
0.4010 0.002539
0.4015 0.002539
0.4020 0.002539
0.4025 0.002539
0.4030 0.002539
0.4035 0.002539
0.4040 0.002539
0.4045 0.002539
0.4050 0.002539
0.4055 0.002539
0.4060 0.002539
0.4065 0.002539
0.4070 0.016524
0.4075 0.016563
0.4080 0.016563
0.4085 0.016563
0.4090 0.016680
0.4095 0.016680
0.4100 0.016680
0.4105 0.016680
0.4110 0.016680
0.4115 0.017266
0.4120 0.017266
0.4125 0.017344
0.4130 0.017344
0.4135 0.017344
0.4140 0.017383
0.4145 0.017383
0.4150 0.017383
0.4155 0.017383
0.4160 0.017383
0.4165 0.017383
0.4170 0.017383
0.4175 0.017383
0.4180 0.017423
0.4185 0.017423
0.4190 0.017423
0.4195 0.017423
0.4200 0.017462
0.4205 0.017462
0.4210 0.017462
0.4215 0.017462
0.4220 0.017462
0.4225 0.017969
0.4230 0.018009
0.4235 0.018048
0.4240 0.018087
0.4245 0.018946
0.4250 0.018946
0.4255 0.019024
0.4260 0.019024
0.4265 0.019063
0.4270 0.019337
0.4275 0.019532
0.4280 0.019532
0.4285 0.019493
0.4290 0.019493
0.4295 0.019493
0.4300 0.019493
0.4305 0.019454
0.4310 0.019571
0.4315 0.019962
0.4320 0.020001
0.4325 0.020001
0.4330 0.020001
0.4335 0.020001
0.4340 0.020001
0.4345 0.020001
0.4350 0.020001
0.4355 0.020040
0.4360 0.020079
0.4365 0.020079
0.4370 0.020079
0.4375 0.020079
0.4380 0.020118
0.4385 0.020118
0.4390 0.020118
0.4395 0.020157
0.4400 0.034845
0.4405 0.034845
0.4410 0.034845
0.4415 0.035704
0.4420 0.035822
0.4425 0.035861
0.4430 0.037892
0.4435 0.038283
0.4440 0.038322
0.4445 0.038361
0.4450 0.038361
0.4455 0.038205
0.4460 0.038947
0.4465 0.038986
0.4470 0.038986
0.4475 0.038947
0.4480 0.038986
0.4485 0.038986
0.4490 0.039025
0.4495 0.039025
0.4500 0.039064
0.4505 0.039064
0.4510 0.039064
0.4515 0.039611
0.4520 0.039962
0.4525 0.040002
0.4530 0.040041
0.4535 0.040080
0.4540 0.040744
0.4545 0.040744
0.4550 0.041056
0.4555 0.045314
0.4560 0.045392
0.4565 0.045744
0.4570 0.045783
0.4575 0.045783
0.4580 0.045822
0.4585 0.045900
0.4590 0.045978
0.4595 0.045978
0.4600 0.046096
0.4605 0.046096
0.4610 0.046096
0.4615 0.046135
0.4620 0.046252
0.4625 0.046056
0.4630 0.046056
0.4635 0.046291
0.4640 0.046291
0.4645 0.056252
0.4650 0.056916
0.4655 0.056955
0.4660 0.057112
0.4665 0.057190
0.4670 0.065354
0.4675 0.065667
0.4680 0.065979
0.4685 0.066057
0.4690 0.066878
0.4695 0.066917
0.4700 0.067346
0.4705 0.067737
0.4710 0.067854
0.4715 0.068401
0.4720 0.068401
0.4725 0.068518
0.4730 0.068596
0.4735 0.068596
0.4740 0.068596
0.4745 0.068714
0.4750 0.068753
0.4755 0.068792
0.4760 0.068909
0.4765 0.068909
0.4770 0.070120
0.4775 0.070901
0.4780 0.070940
0.4785 0.070979
0.4790 0.071018
0.4795 0.071057
0.4800 0.071097
0.4805 0.072190
0.4810 0.072386
0.4815 0.071995
0.4820 0.080081
0.4825 0.080198
0.4830 0.080238
0.4835 0.080433
0.4840 0.081605
0.4845 0.082073
0.4850 0.082074
0.4855 0.083011
0.4860 0.084964
0.4865 0.085042
0.4870 0.085199
0.4875 0.085394
0.4880 0.066644
0.4885 0.066917
0.4890 0.066917
0.4895 0.067190
0.4900 0.067190
0.4905 0.093206
0.4910 0.093519
0.4915 0.096371
0.4920 0.096488
0.4925 0.097191
0.4930 0.097348
0.4935 0.099144
0.4940 0.096801
0.4945 0.096840
0.4950 0.096762
0.4955 0.097465
0.4960 0.097660
0.4965 0.097699
0.4970 0.097973
0.4975 0.098090
0.4980 0.098559
0.4985 0.098559
0.4990 0.100863
0.4995 0.102152
0.5000 0.122895
0.5005 0.123052
0.5010 0.123052
0.5015 0.122036
0.5020 0.122153
0.5025 0.122231
0.5030 0.122934
0.5035 0.122934
0.5040 0.122075
0.5045 0.122114
0.5050 0.122544
0.5055 0.122739
0.5060 0.122856
0.5065 0.122974
0.5070 0.122856
0.5075 0.122895
0.5080 0.124067
0.5085 0.124106
0.5090 0.124849
0.5095 0.125083
0.5100 0.125317
0.5105 0.125981
0.5110 0.123521
0.5115 0.124185
0.5120 0.124302
0.5125 0.124575
0.5130 0.126372
0.5135 0.126450
0.5140 0.126685
0.5145 0.126841
0.5150 0.127232
0.5155 0.127388
0.5160 0.127935
0.5165 0.128052
0.5170 0.134185
0.5175 0.134771
0.5180 0.135787
0.5185 0.136099
0.5190 0.137544
0.5195 0.137701
0.5200 0.137701
0.5205 0.138169
0.5210 0.138521
0.5215 0.138794
0.5220 0.139966
0.5225 0.140123
0.5230 0.141959
0.5235 0.142545
0.5240 0.142623
0.5245 0.144068
0.5250 0.148521
0.5255 0.148912
0.5260 0.150826
0.5265 0.150826
0.5270 0.144654
0.5275 0.146685
0.5280 0.146803
0.5285 0.146842
0.5290 0.147037
0.5295 0.148443
0.5300 0.148873
0.5305 0.149303
0.5310 0.151100
0.5315 0.151217
0.5320 0.151334
0.5325 0.152232
0.5330 0.162154
0.5335 0.156608
0.5340 0.157858
0.5345 0.157858
0.5350 0.168717
0.5355 0.169460
0.5360 0.170514
0.5365 0.170866
0.5370 0.172468
0.5375 0.172780
0.5380 0.173327
0.5385 0.173327
0.5390 0.174226
0.5395 0.174772
0.5400 0.174812
0.5405 0.175554
0.5410 0.175632
0.5415 0.179265
0.5420 0.180124
0.5425 0.180202
0.5430 0.183210
0.5435 0.183367
0.5440 0.183484
0.5445 0.185085
0.5450 0.186257
0.5455 0.186531
0.5460 0.186804
0.5465 0.187898
0.5470 0.188054
0.5475 0.188093
0.5480 0.187859
0.5485 0.188328
0.5490 0.188250
0.5495 0.189617
0.5500 0.189851
0.5505 0.198132
0.5510 0.198406
0.5515 0.199734
0.5520 0.199773
0.5525 0.201062
0.5530 0.201297
0.5535 0.201609
0.5540 0.203406
0.5545 0.207000
0.5550 0.215164
0.5555 0.215516
0.5560 0.215829
0.5565 0.216024
0.5570 0.216532
0.5575 0.216844
0.5580 0.218758
0.5585 0.218759
0.5590 0.218837
0.5595 0.225516
0.5600 0.227626
0.5605 0.227704
0.5610 0.228056
0.5615 0.228993
0.5620 0.229111
0.5625 0.229267
0.5630 0.230556
0.5635 0.230634
0.5640 0.230712
0.5645 0.231767
0.5650 0.234892
0.5655 0.235204
0.5660 0.239228
0.5665 0.241337
0.5670 0.241338
0.5675 0.241650
0.5680 0.256025
0.5685 0.256416
0.5690 0.258096
0.5695 0.258213
0.5700 0.262276
0.5705 0.263838
0.5710 0.269620
0.5715 0.271026
0.5720 0.268487
0.5725 0.271768
0.5730 0.272042
0.5735 0.269464
0.5740 0.270011
0.5745 0.270401
0.5750 0.270753
0.5755 0.271339
0.5760 0.274503
0.5765 0.275167
0.5770 0.275440
0.5775 0.275753
0.5780 0.275948
0.5785 0.279073
0.5790 0.279269
0.5795 0.279698
0.5800 0.280362
0.5805 0.283995
0.5810 0.286808
0.5815 0.294113
0.5820 0.296066
0.5825 0.296496
0.5830 0.298254
0.5835 0.300402
0.5840 0.300520
0.5845 0.301262
0.5850 0.302707
0.5855 0.303527
0.5860 0.307785
0.5865 0.309973
0.5870 0.315090
0.5875 0.315286
0.5880 0.315364
0.5885 0.315676
0.5890 0.317434
0.5895 0.317708
0.5900 0.318372
0.5905 0.318450
0.5910 0.325091
0.5915 0.327630
0.5920 0.350599
0.5925 0.351537
0.5930 0.352397
0.5935 0.352748
0.5940 0.353881
0.5945 0.354115
0.5950 0.355014
0.5955 0.354350
0.5960 0.358803
0.5965 0.361655
0.5970 0.362084
0.5975 0.362827
0.5980 0.362866
0.5985 0.363491
0.5990 0.363803
0.5995 0.364155
0.6000 0.365639
0.6005 0.366147
0.6010 0.366850
0.6015 0.368882
0.6020 0.369702
0.6025 0.370093
0.6030 0.370405
0.6035 0.371655
0.6040 0.372163
0.6045 0.372515
0.6050 0.373569
0.6055 0.373921
0.6060 0.375132
0.6065 0.375444
0.6070 0.384194
0.6075 0.385445
0.6080 0.394234
0.6085 0.394547
0.6090 0.396500
0.6095 0.397555
0.6100 0.397476
0.6105 0.398141
0.6110 0.402750
0.6115 0.403922
0.6120 0.407242
0.6125 0.410016
0.6130 0.411344
0.6135 0.411657
0.6140 0.414586
0.6145 0.415133
0.6150 0.421227
0.6155 0.425563
0.6160 0.425837
0.6165 0.426814
0.6170 0.427243
0.6175 0.430095
0.6180 0.425798
0.6185 0.426149
0.6190 0.426579
0.6195 0.427360
0.6200 0.428415
0.6205 0.429118
0.6210 0.429353
0.6215 0.431814
0.6220 0.435759
0.6225 0.436814
0.6230 0.437048
0.6235 0.437791
0.6240 0.438181
0.6245 0.438455
0.6250 0.438884
0.6255 0.438923
0.6260 0.439353
0.6265 0.439705
0.6270 0.441658
0.6275 0.442127
0.6280 0.442400
0.6285 0.444978
0.6290 0.457010
0.6295 0.455565
0.6300 0.456268
0.6305 0.456463
0.6310 0.460799
0.6315 0.461229
0.6320 0.462596
0.6325 0.459940
0.6330 0.464393
0.6335 0.465096
0.6340 0.466229
0.6345 0.470878
0.6350 0.473456
0.6355 0.478612
0.6360 0.479706
0.6365 0.482206
0.6370 0.482441
0.6375 0.486855
0.6380 0.488964
0.6385 0.489160
0.6390 0.490332
0.6395 0.490957
0.6400 0.496035
0.6405 0.496973
0.6410 0.497363
0.6415 0.498887
0.6420 0.500019
0.6425 0.503223
0.6430 0.503652
0.6435 0.504277
0.6440 0.504668
0.6445 0.507051
0.6450 0.507559
0.6455 0.512910
0.6460 0.513223
0.6465 0.514044
0.6470 0.505723
0.6475 0.510215
0.6480 0.514786
0.6485 0.516153
0.6490 0.522286
0.6495 0.525450
0.6500 0.527638
0.6505 0.528146
0.6510 0.528692
0.6515 0.529318
0.6520 0.530646
0.6525 0.531466
0.6530 0.532872
0.6535 0.534435
0.6540 0.539513
0.6545 0.540099
0.6550 0.560373
0.6555 0.561155
0.6560 0.561780
0.6565 0.562405
0.6570 0.565217
0.6575 0.565999
0.6580 0.563811
0.6585 0.564671
0.6590 0.566506
0.6595 0.567366
0.6600 0.568108
0.6605 0.568538
0.6610 0.569514
0.6615 0.570100
0.6620 0.571038
0.6625 0.574280
0.6630 0.574671
0.6635 0.579007
0.6640 0.579944
0.6645 0.580413
0.6650 0.584046
0.6655 0.584749
0.6660 0.587953
0.6665 0.588656
0.6670 0.589515
0.6675 0.590140
0.6680 0.592445
0.6685 0.592640
0.6690 0.593148
0.6695 0.593695
0.6700 0.593851
0.6705 0.594867
0.6710 0.595023
0.6715 0.596234
0.6720 0.599867
0.6725 0.600258
0.6730 0.602094
0.6735 0.602641
0.6740 0.603149
0.6745 0.603500
0.6750 0.604164
0.6755 0.601625
0.6760 0.602133
0.6765 0.605766
0.6770 0.609008
0.6775 0.610102
0.6780 0.612993
0.6785 0.613852
0.6790 0.614672
0.6795 0.615102
0.6800 0.615493
0.6805 0.616626
0.6810 0.617759
0.6815 0.620688
0.6820 0.621431
0.6825 0.623618
0.6830 0.626743
0.6835 0.627017
0.6840 0.627446
0.6845 0.628189
0.6850 0.629243
0.6855 0.629478
0.6860 0.630259
0.6865 0.630532
0.6870 0.633150
0.6875 0.635064
0.6880 0.635962
0.6885 0.636861
0.6890 0.641666
0.6895 0.642252
0.6900 0.643658
0.6905 0.644205
0.6910 0.645142
0.6915 0.646783
0.6920 0.647603
0.6925 0.649127
0.6930 0.649478
0.6935 0.650572
0.6940 0.651705
0.6945 0.650260
0.6950 0.651002
0.6955 0.651393
0.6960 0.652447
0.6965 0.652682
0.6970 0.653736
0.6975 0.654791
0.6980 0.656822
0.6985 0.657408
0.6990 0.657760
0.6995 0.658776
0.7000 0.659987
0.7005 0.660651
0.7010 0.661159
0.7015 0.662330
0.7020 0.663034
0.7025 0.663971
0.7030 0.664752
0.7035 0.665260
0.7040 0.666706
0.7045 0.667682
0.7050 0.668229
0.7055 0.669518
0.7060 0.669870
0.7065 0.671471
0.7070 0.672018
0.7075 0.672604
0.7080 0.673307
0.7085 0.674597
0.7090 0.675104
0.7095 0.675769
0.7100 0.675378
0.7105 0.676355
0.7110 0.676901
0.7115 0.678308
0.7120 0.678659
0.7125 0.679362
0.7130 0.679831
0.7135 0.680495
0.7140 0.681081
0.7145 0.681784
0.7150 0.682136
0.7155 0.683113
0.7160 0.683581
0.7165 0.684285
0.7170 0.684910
0.7175 0.685496
0.7180 0.686121
0.7185 0.686706
0.7190 0.686980
0.7195 0.687683
0.7200 0.688972
0.7205 0.689519
0.7210 0.690144
0.7215 0.690691
0.7220 0.691316
0.7225 0.697371
0.7230 0.697293
0.7235 0.697762
0.7240 0.698465
0.7245 0.699051
0.7250 0.699676
0.7255 0.702176
0.7260 0.702606
0.7265 0.703309
0.7270 0.703738
0.7275 0.704285
0.7280 0.705106
0.7285 0.705692
0.7290 0.706434
0.7295 0.707645
0.7300 0.708153
0.7305 0.709012
0.7310 0.709676
0.7315 0.710145
0.7320 0.710770
0.7325 0.711434
0.7330 0.712332
0.7335 0.713192
0.7340 0.713426
0.7345 0.714051
0.7350 0.714794
0.7355 0.715106
0.7360 0.715340
0.7365 0.715770
0.7370 0.716981
0.7375 0.717645
0.7380 0.722216
0.7385 0.722841
0.7390 0.723661
0.7395 0.724091
0.7400 0.725106
0.7405 0.725458
0.7410 0.726435
0.7415 0.726903
0.7420 0.727528
0.7425 0.726708
0.7430 0.728427
0.7435 0.729208
0.7440 0.730068
0.7445 0.730849
0.7450 0.731630
0.7455 0.732255
0.7460 0.733857
0.7465 0.734247
0.7470 0.735380
0.7475 0.735771
0.7480 0.736748
0.7485 0.737333
0.7490 0.737919
0.7495 0.738857
0.7500 0.739482
0.7505 0.740263
0.7510 0.740810
0.7515 0.742021
0.7520 0.743310
0.7525 0.744131
0.7530 0.744560
0.7535 0.745146
0.7540 0.745771
0.7545 0.746670
0.7550 0.747451
0.7555 0.748076
0.7560 0.748701
0.7565 0.749365
0.7570 0.749795
0.7575 0.750381
0.7580 0.750889
0.7585 0.751436
0.7590 0.751904
0.7595 0.751631
0.7600 0.752178
0.7605 0.752881
0.7610 0.753311
0.7615 0.754561
0.7620 0.754873
0.7625 0.755459
0.7630 0.756006
0.7635 0.756592
0.7640 0.757061
0.7645 0.757842
0.7650 0.758428
0.7655 0.758975
0.7660 0.759444
0.7665 0.759834
0.7670 0.760303
0.7675 0.760772
0.7680 0.760967
0.7685 0.761631
0.7690 0.762374
0.7695 0.763233
0.7700 0.763819
0.7705 0.764170
0.7710 0.764678
0.7715 0.765225
0.7720 0.765733
0.7725 0.766163
0.7730 0.766827
0.7735 0.767452
0.7740 0.768038
0.7745 0.768585
0.7750 0.769093
0.7755 0.769366
0.7760 0.769991
0.7765 0.770538
0.7770 0.770968
0.7775 0.771632
0.7780 0.772022
0.7785 0.772921
0.7790 0.773546
0.7795 0.774132
0.7800 0.774913
0.7805 0.775499
0.7810 0.775968
0.7815 0.776554
0.7820 0.777140
0.7825 0.777452
0.7830 0.777804
0.7835 0.778233
0.7840 0.778741
0.7845 0.779445
0.7850 0.780109
0.7855 0.780734
0.7860 0.781007
0.7865 0.781437
0.7870 0.782062
0.7875 0.782531
0.7880 0.783038
0.7885 0.783781
0.7890 0.784288
0.7895 0.784640
0.7900 0.785265
0.7905 0.786437
0.7910 0.786984
0.7915 0.787531
0.7920 0.788117
0.7925 0.788703
0.7930 0.789015
0.7935 0.789601
0.7940 0.789953
0.7945 0.791203
0.7950 0.791672
0.7955 0.792218
0.7960 0.793390
0.7965 0.793859
0.7970 0.794406
0.7975 0.794992
0.7980 0.795656
0.7985 0.796320
0.7990 0.796789
0.7995 0.797219
0.8000 0.798195
0.8005 0.798586
0.8010 0.799367
0.8015 0.799758
0.8020 0.800070
0.8025 0.800500
0.8030 0.801008
0.8035 0.801359
0.8040 0.801789
0.8045 0.802375
0.8050 0.803234
0.8055 0.803586
0.8060 0.803938
0.8065 0.804446
0.8070 0.804914
0.8075 0.805227
0.8080 0.805813
0.8085 0.806360
0.8090 0.806946
0.8095 0.807532
0.8100 0.808235
0.8105 0.808703
0.8110 0.809289
0.8115 0.810110
0.8120 0.811086
0.8125 0.811711
0.8130 0.812297
0.8135 0.812766
0.8140 0.813235
0.8145 0.813782
0.8150 0.814602
0.8155 0.814915
0.8160 0.815422
0.8165 0.815891
0.8170 0.816633
0.8175 0.816907
0.8180 0.817493
0.8185 0.818352
0.8190 0.818665
0.8195 0.819173
0.8200 0.819563
0.8205 0.820149
0.8210 0.820540
0.8215 0.821048
0.8220 0.821829
0.8225 0.822141
0.8230 0.822962
0.8235 0.823431
0.8240 0.823782
0.8245 0.824290
0.8250 0.824915
0.8255 0.825306
0.8260 0.825774
0.8265 0.826126
0.8270 0.826478
0.8275 0.826985
0.8280 0.827376
0.8285 0.828001
0.8290 0.828353
0.8295 0.828900
0.8300 0.829564
0.8305 0.830150
0.8310 0.830618
0.8315 0.831243
0.8320 0.831868
0.8325 0.832220
0.8330 0.832611
0.8335 0.833040
0.8340 0.833626
0.8345 0.834017
0.8350 0.834329
0.8355 0.834603
0.8360 0.835267
0.8365 0.835580
0.8370 0.836087
0.8375 0.836478
0.8380 0.836986
0.8385 0.837611
0.8390 0.838197
0.8395 0.839134
0.8400 0.839642
0.8405 0.840150
0.8410 0.840619
0.8415 0.841088
0.8420 0.841439
0.8425 0.842064
0.8430 0.842611
0.8435 0.843275
0.8440 0.843861
0.8445 0.844252
0.8450 0.844838
0.8455 0.845502
0.8460 0.846127
0.8465 0.846791
0.8470 0.847260
0.8475 0.847689
0.8480 0.848197
0.8485 0.848549
0.8490 0.849096
0.8495 0.849721
0.8500 0.850424
0.8505 0.851010
0.8510 0.851557
0.8515 0.851908
0.8520 0.852533
0.8525 0.853119
0.8530 0.853588
0.8535 0.853979
0.8540 0.854291
0.8545 0.854799
0.8550 0.855385
0.8555 0.855737
0.8560 0.855893
0.8565 0.856362
0.8570 0.856830
0.8575 0.857065
0.8580 0.857494
0.8585 0.857924
0.8590 0.858588
0.8595 0.858979
0.8600 0.859526
0.8605 0.860034
0.8610 0.860385
0.8615 0.860619
0.8620 0.861166
0.8625 0.861635
0.8630 0.862104
0.8635 0.862495
0.8640 0.862963
0.8645 0.863393
0.8650 0.863901
0.8655 0.864409
0.8660 0.865034
0.8665 0.865463
0.8670 0.865893
0.8675 0.866362
0.8680 0.867104
0.8685 0.867690
0.8690 0.867964
0.8695 0.868354
0.8700 0.868862
0.8705 0.869292
0.8710 0.869878
0.8715 0.870581
0.8720 0.871167
0.8725 0.871714
0.8730 0.872261
0.8735 0.872807
0.8740 0.873433
0.8745 0.874018
0.8750 0.874409
0.8755 0.874995
0.8760 0.875620
0.8765 0.876206
0.8770 0.876792
0.8775 0.877339
0.8780 0.878042
0.8785 0.878433
0.8790 0.879136
0.8795 0.879839
0.8800 0.880542
0.8805 0.881128
0.8810 0.881558
0.8815 0.882027
0.8820 0.882613
0.8825 0.882886
0.8830 0.883199
0.8835 0.883824
0.8840 0.884292
0.8845 0.884761
0.8850 0.885308
0.8855 0.885855
0.8860 0.886167
0.8865 0.886792
0.8870 0.887378
0.8875 0.888355
0.8880 0.888980
0.8885 0.889371
0.8890 0.890269
0.8895 0.890621
0.8900 0.891168
0.8905 0.891675
0.8910 0.892144
0.8915 0.892457
0.8920 0.892847
0.8925 0.893082
0.8930 0.893511
0.8935 0.894058
0.8940 0.894293
0.8945 0.894762
0.8950 0.895230
0.8955 0.895738
0.8960 0.896207
0.8965 0.896637
0.8970 0.897105
0.8975 0.897887
0.8980 0.898355
0.8985 0.898746
0.8990 0.899488
0.8995 0.899957
0.9000 0.900348
0.9005 0.900777
0.9010 0.901246
0.9015 0.901715
0.9020 0.902184
0.9025 0.902535
0.9030 0.903121
0.9035 0.903707
0.9040 0.904098
0.9045 0.904567
0.9050 0.904996
0.9055 0.905465
0.9060 0.905817
0.9065 0.906207
0.9070 0.906832
0.9075 0.907379
0.9080 0.907770
0.9085 0.908160
0.9090 0.908746
0.9095 0.909059
0.9100 0.909528
0.9105 0.910075
0.9110 0.910504
0.9115 0.911090
0.9120 0.911676
0.9125 0.912145
0.9130 0.912809
0.9135 0.913278
0.9140 0.913903
0.9145 0.914294
0.9150 0.914997
0.9155 0.915543
0.9160 0.915778
0.9165 0.916715
0.9170 0.917262
0.9175 0.917692
0.9180 0.918356
0.9185 0.918981
0.9190 0.919684
0.9195 0.920075
0.9200 0.920466
0.9205 0.920856
0.9210 0.921325
0.9215 0.921872
0.9220 0.922575
0.9225 0.923122
0.9230 0.923669
0.9235 0.924060
0.9240 0.924645
0.9245 0.925153
0.9250 0.925817
0.9255 0.926247
0.9260 0.926716
0.9265 0.927380
0.9270 0.927810
0.9275 0.928357
0.9280 0.928708
0.9285 0.929216
0.9290 0.929763
0.9295 0.930036
0.9300 0.930310
0.9305 0.930700
0.9310 0.931208
0.9315 0.931833
0.9320 0.932380
0.9325 0.932771
0.9330 0.933240
0.9335 0.933591
0.9340 0.933982
0.9345 0.934568
0.9350 0.935115
0.9355 0.935740
0.9360 0.936287
0.9365 0.936677
0.9370 0.936990
0.9375 0.937380
0.9380 0.937810
0.9385 0.938396
0.9390 0.938708
0.9395 0.938982
0.9400 0.939568
0.9405 0.940154
0.9410 0.940662
0.9415 0.941052
0.9420 0.941716
0.9425 0.942068
0.9430 0.942537
0.9435 0.942966
0.9440 0.943592
0.9445 0.943982
0.9450 0.944490
0.9455 0.944724
0.9460 0.945037
0.9465 0.945584
0.9470 0.945935
0.9475 0.946678
0.9480 0.947303
0.9485 0.947732
0.9490 0.948162
0.9495 0.948670
0.9500 0.949139
0.9505 0.949725
0.9510 0.950271
0.9515 0.950623
0.9520 0.951248
0.9525 0.951756
0.9530 0.952303
0.9535 0.952576
0.9540 0.953240
0.9545 0.953748
0.9550 0.954373
0.9555 0.954920
0.9560 0.955623
0.9565 0.956092
0.9570 0.956600
0.9575 0.957069
0.9580 0.957459
0.9585 0.958084
0.9590 0.958475
0.9595 0.959139
0.9600 0.959530
0.9605 0.960077
0.9610 0.960389
0.9615 0.961092
0.9620 0.961834
0.9625 0.962498
0.9630 0.962967
0.9635 0.963514
0.9640 0.964022
0.9645 0.964452
0.9650 0.964999
0.9655 0.965467
0.9660 0.965702
0.9665 0.966366
0.9670 0.967147
0.9675 0.967538
0.9680 0.967968
0.9685 0.968241
0.9690 0.968827
0.9695 0.969218
0.9700 0.969647
0.9705 0.970116
0.9710 0.970780
0.9715 0.971171
0.9720 0.971991
0.9725 0.972460
0.9730 0.973085
0.9735 0.973671
0.9740 0.973866
0.9745 0.974413
0.9750 0.974921
0.9755 0.975312
0.9760 0.975819
0.9765 0.976405
0.9770 0.976757
0.9775 0.977226
0.9780 0.977812
0.9785 0.978476
0.9790 0.979023
0.9795 0.979765
0.9800 0.980195
0.9805 0.980429
0.9810 0.980976
0.9815 0.981249
0.9820 0.981757
0.9825 0.982265
0.9830 0.982812
0.9835 0.983437
0.9840 0.983671
0.9845 0.983984
0.9850 0.984648
0.9855 0.985312
0.9860 0.985820
0.9865 0.986406
0.9870 0.987070
0.9875 0.987500
0.9880 0.987851
0.9885 0.988515
0.9890 0.989218
0.9895 0.989492
0.9900 0.990039
0.9905 0.990507
0.9910 0.990820
0.9915 0.991367
0.9920 0.991718
0.9925 0.992304
0.9930 0.992617
0.9935 0.993086
0.9940 0.993789
0.9945 0.994414
0.9950 0.995156
0.9955 0.995508
0.9960 0.996094
0.9965 0.996680
0.9970 0.997148
0.9975 0.997617
0.9980 0.998203
0.9985 0.998633
0.9990 0.999101
0.9995 0.999414
