0.0000 0.000156
0.0005 0.000000
0.0010 0.000000
0.0015 0.000000
0.0020 0.000000
0.0025 0.000000
0.0030 0.000000
0.0035 0.000000
0.0040 0.000000
0.0045 0.000000
0.0050 0.000000
0.0055 0.000000
0.0060 0.000000
0.0065 0.000000
0.0070 0.000000
0.0075 0.000000
0.0080 0.000000
0.0085 0.000000
0.0090 0.000000
0.0095 0.000000
0.0100 0.000000
0.0105 0.000000
0.0110 0.000000
0.0115 0.000000
0.0120 0.000000
0.0125 0.000000
0.0130 0.000000
0.0135 0.000000
0.0140 0.000000
0.0145 0.000000
0.0150 0.000000
0.0155 0.000000
0.0160 0.000000
0.0165 0.000000
0.0170 0.000000
0.0175 0.000000
0.0180 0.000000
0.0185 0.000000
0.0190 0.000000
0.0195 0.000000
0.0200 0.000000
0.0205 0.000000
0.0210 0.000000
0.0215 0.000000
0.0220 0.000000
0.0225 0.000000
0.0230 0.000000
0.0235 0.000000
0.0240 0.000000
0.0245 0.000000
0.0250 0.000000
0.0255 0.000000
0.0260 0.000000
0.0265 0.000000
0.0270 0.000000
0.0275 0.000000
0.0280 0.000000
0.0285 0.000000
0.0290 0.000000
0.0295 0.000000
0.0300 0.000000
0.0305 0.000000
0.0310 0.000000
0.0315 0.000000
0.0320 0.000000
0.0325 0.000000
0.0330 0.000000
0.0335 0.000000
0.0340 0.000000
0.0345 0.000000
0.0350 0.000000
0.0355 0.000000
0.0360 0.000000
0.0365 0.000000
0.0370 0.000000
0.0375 0.000000
0.0380 0.000000
0.0385 0.000000
0.0390 0.000000
0.0395 0.000000
0.0400 0.000000
0.0405 0.000000
0.0410 0.000000
0.0415 0.000000
0.0420 0.000000
0.0425 0.000000
0.0430 0.000000
0.0435 0.000000
0.0440 0.000000
0.0445 0.000000
0.0450 0.000000
0.0455 0.000000
0.0460 0.000000
0.0465 0.000000
0.0470 0.000000
0.0475 0.000000
0.0480 0.000000
0.0485 0.000000
0.0490 0.000000
0.0495 0.000000
0.0500 0.000000
0.0505 0.000000
0.0510 0.000000
0.0515 0.000000
0.0520 0.000000
0.0525 0.000000
0.0530 0.000000
0.0535 0.000000
0.0540 0.000000
0.0545 0.000000
0.0550 0.000000
0.0555 0.000000
0.0560 0.000000
0.0565 0.000000
0.0570 0.000000
0.0575 0.000000
0.0580 0.000000
0.0585 0.000000
0.0590 0.000000
0.0595 0.000000
0.0600 0.000000
0.0605 0.000000
0.0610 0.000000
0.0615 0.000000
0.0620 0.000000
0.0625 0.000000
0.0630 0.000000
0.0635 0.000000
0.0640 0.000000
0.0645 0.000000
0.0650 0.000000
0.0655 0.000000
0.0660 0.000000
0.0665 0.000000
0.0670 0.000000
0.0675 0.000000
0.0680 0.000000
0.0685 0.000000
0.0690 0.000000
0.0695 0.000000
0.0700 0.000000
0.0705 0.000000
0.0710 0.000000
0.0715 0.000000
0.0720 0.000000
0.0725 0.000000
0.0730 0.000000
0.0735 0.000000
0.0740 0.000000
0.0745 0.000000
0.0750 0.000000
0.0755 0.000000
0.0760 0.000000
0.0765 0.000000
0.0770 0.000000
0.0775 0.000000
0.0780 0.000000
0.0785 0.000000
0.0790 0.000000
0.0795 0.000000
0.0800 0.000000
0.0805 0.000000
0.0810 0.000000
0.0815 0.000000
0.0820 0.000000
0.0825 0.000000
0.0830 0.000000
0.0835 0.000000
0.0840 0.000000
0.0845 0.000000
0.0850 0.000000
0.0855 0.000000
0.0860 0.000000
0.0865 0.000000
0.0870 0.000000
0.0875 0.000000
0.0880 0.000000
0.0885 0.000000
0.0890 0.000000
0.0895 0.000000
0.0900 0.000000
0.0905 0.000000
0.0910 0.000000
0.0915 0.000000
0.0920 0.000000
0.0925 0.000000
0.0930 0.000000
0.0935 0.000000
0.0940 0.000000
0.0945 0.000000
0.0950 0.000000
0.0955 0.000000
0.0960 0.000000
0.0965 0.000000
0.0970 0.000000
0.0975 0.000000
0.0980 0.000000
0.0985 0.000000
0.0990 0.000000
0.0995 0.000000
0.1000 0.000000
0.1005 0.000000
0.1010 0.000000
0.1015 0.000000
0.1020 0.000000
0.1025 0.000000
0.1030 0.000000
0.1035 0.000000
0.1040 0.000000
0.1045 0.000000
0.1050 0.000000
0.1055 0.000000
0.1060 0.000000
0.1065 0.000000
0.1070 0.000000
0.1075 0.000000
0.1080 0.000000
0.1085 0.000000
0.1090 0.000000
0.1095 0.000000
0.1100 0.000000
0.1105 0.000000
0.1110 0.000000
0.1115 0.000000
0.1120 0.000000
0.1125 0.000000
0.1130 0.000000
0.1135 0.000000
0.1140 0.000000
0.1145 0.000000
0.1150 0.000000
0.1155 0.000000
0.1160 0.000000
0.1165 0.000000
0.1170 0.000000
0.1175 0.000000
0.1180 0.000000
0.1185 0.000000
0.1190 0.000000
0.1195 0.000000
0.1200 0.000000
0.1205 0.000000
0.1210 0.000000
0.1215 0.000000
0.1220 0.000000
0.1225 0.000000
0.1230 0.000000
0.1235 0.000000
0.1240 0.000000
0.1245 0.000000
0.1250 0.000000
0.1255 0.000000
0.1260 0.000000
0.1265 0.000000
0.1270 0.000000
0.1275 0.000000
0.1280 0.000000
0.1285 0.000000
0.1290 0.000000
0.1295 0.000000
0.1300 0.000000
0.1305 0.000000
0.1310 0.000000
0.1315 0.000000
0.1320 0.000000
0.1325 0.000000
0.1330 0.000000
0.1335 0.000000
0.1340 0.000000
0.1345 0.000000
0.1350 0.000000
0.1355 0.000000
0.1360 0.000000
0.1365 0.000000
0.1370 0.000000
0.1375 0.000000
0.1380 0.000000
0.1385 0.000000
0.1390 0.000000
0.1395 0.000000
0.1400 0.000000
0.1405 0.000000
0.1410 0.000000
0.1415 0.000000
0.1420 0.000000
0.1425 0.000000
0.1430 0.000000
0.1435 0.000000
0.1440 0.000000
0.1445 0.000000
0.1450 0.000000
0.1455 0.000000
0.1460 0.000000
0.1465 0.000000
0.1470 0.000000
0.1475 0.000000
0.1480 0.000000
0.1485 0.000000
0.1490 0.000000
0.1495 0.000000
0.1500 0.000000
0.1505 0.000000
0.1510 0.000000
0.1515 0.000000
0.1520 0.000000
0.1525 0.000000
0.1530 0.000000
0.1535 0.000000
0.1540 0.000000
0.1545 0.000000
0.1550 0.000000
0.1555 0.000000
0.1560 0.000000
0.1565 0.000000
0.1570 0.000000
0.1575 0.000000
0.1580 0.000000
0.1585 0.000000
0.1590 0.000000
0.1595 0.000000
0.1600 0.000000
0.1605 0.000000
0.1610 0.000000
0.1615 0.000000
0.1620 0.000000
0.1625 0.000000
0.1630 0.000000
0.1635 0.000000
0.1640 0.000000
0.1645 0.000000
0.1650 0.000000
0.1655 0.000000
0.1660 0.000000
0.1665 0.000000
0.1670 0.000000
0.1675 0.000000
0.1680 0.000000
0.1685 0.000000
0.1690 0.000000
0.1695 0.000000
0.1700 0.000000
0.1705 0.000000
0.1710 0.000000
0.1715 0.000000
0.1720 0.000000
0.1725 0.000000
0.1730 0.000000
0.1735 0.000000
0.1740 0.000000
0.1745 0.000000
0.1750 0.000000
0.1755 0.000000
0.1760 0.000000
0.1765 0.000000
0.1770 0.000000
0.1775 0.000000
0.1780 0.000000
0.1785 0.000000
0.1790 0.000000
0.1795 0.000000
0.1800 0.000000
0.1805 0.000000
0.1810 0.000000
0.1815 0.000000
0.1820 0.000000
0.1825 0.000000
0.1830 0.000000
0.1835 0.000000
0.1840 0.000000
0.1845 0.000000
0.1850 0.000000
0.1855 0.000000
0.1860 0.000000
0.1865 0.000000
0.1870 0.000000
0.1875 0.000000
0.1880 0.000000
0.1885 0.000000
0.1890 0.000000
0.1895 0.000000
0.1900 0.000000
0.1905 0.000000
0.1910 0.000000
0.1915 0.000000
0.1920 0.000000
0.1925 0.000000
0.1930 0.000000
0.1935 0.000000
0.1940 0.000000
0.1945 0.000000
0.1950 0.000000
0.1955 0.000000
0.1960 0.000000
0.1965 0.000000
0.1970 0.000000
0.1975 0.000000
0.1980 0.000000
0.1985 0.000000
0.1990 0.000000
0.1995 0.000000
0.2000 0.000000
0.2005 0.000000
0.2010 0.000000
0.2015 0.000000
0.2020 0.000000
0.2025 0.000000
0.2030 0.000000
0.2035 0.000000
0.2040 0.000000
0.2045 0.000000
0.2050 0.000000
0.2055 0.000000
0.2060 0.000000
0.2065 0.000000
0.2070 0.000000
0.2075 0.000000
0.2080 0.000000
0.2085 0.000000
0.2090 0.000000
0.2095 0.000000
0.2100 0.000000
0.2105 0.000000
0.2110 0.000000
0.2115 0.000000
0.2120 0.000000
0.2125 0.000000
0.2130 0.000000
0.2135 0.000000
0.2140 0.000000
0.2145 0.000000
0.2150 0.000000
0.2155 0.000000
0.2160 0.000000
0.2165 0.000000
0.2170 0.000000
0.2175 0.000000
0.2180 0.000000
0.2185 0.000000
0.2190 0.000000
0.2195 0.000000
0.2200 0.000000
0.2205 0.000000
0.2210 0.000000
0.2215 0.000000
0.2220 0.000000
0.2225 0.000000
0.2230 0.000000
0.2235 0.000000
0.2240 0.000000
0.2245 0.000000
0.2250 0.000000
0.2255 0.000000
0.2260 0.000000
0.2265 0.000000
0.2270 0.000000
0.2275 0.000000
0.2280 0.000000
0.2285 0.000000
0.2290 0.000000
0.2295 0.000000
0.2300 0.000000
0.2305 0.000000
0.2310 0.000000
0.2315 0.000000
0.2320 0.000000
0.2325 0.000000
0.2330 0.000000
0.2335 0.000000
0.2340 0.000000
0.2345 0.000000
0.2350 0.000000
0.2355 0.000000
0.2360 0.000000
0.2365 0.000000
0.2370 0.000000
0.2375 0.000000
0.2380 0.000000
0.2385 0.000000
0.2390 0.000000
0.2395 0.000000
0.2400 0.000000
0.2405 0.000000
0.2410 0.000000
0.2415 0.000000
0.2420 0.000000
0.2425 0.000000
0.2430 0.000000
0.2435 0.000000
0.2440 0.000000
0.2445 0.000000
0.2450 0.000000
0.2455 0.000000
0.2460 0.000000
0.2465 0.000000
0.2470 0.000000
0.2475 0.000000
0.2480 0.000000
0.2485 0.000000
0.2490 0.000000
0.2495 0.000000
0.2500 0.000000
0.2505 0.000000
0.2510 0.000000
0.2515 0.000000
0.2520 0.000000
0.2525 0.000000
0.2530 0.000000
0.2535 0.000000
0.2540 0.000000
0.2545 0.000000
0.2550 0.000000
0.2555 0.000000
0.2560 0.000000
0.2565 0.000000
0.2570 0.000000
0.2575 0.032344
0.2580 0.032349
0.2585 0.032505
0.2590 0.032505
0.2595 0.032505
0.2600 0.032505
0.2605 0.033443
0.2610 0.033443
0.2615 0.033443
0.2620 0.033443
0.2625 0.033755
0.2630 0.034537
0.2635 0.034693
0.2640 0.034693
0.2645 0.034693
0.2650 0.034849
0.2655 0.035005
0.2660 0.035005
0.2665 0.035162
0.2670 0.035318
0.2675 0.035318
0.2680 0.035318
0.2685 0.035318
0.2690 0.035318
0.2695 0.035474
0.2700 0.036256
0.2705 0.036256
0.2710 0.036256
0.2715 0.036256
0.2720 0.036256
0.2725 0.036256
0.2730 0.036412
0.2735 0.036412
0.2740 0.036412
0.2745 0.036412
0.2750 0.036568
0.2755 0.036724
0.2760 0.036724
0.2765 0.036724
0.2770 0.036568
0.2775 0.036568
0.2780 0.036568
0.2785 0.036724
0.2790 0.037037
0.2795 0.037037
0.2800 0.037037
0.2805 0.037818
0.2810 0.037818
0.2815 0.037818
0.2820 0.038131
0.2825 0.038131
0.2830 0.038131
0.2835 0.038131
0.2840 0.038287
0.2845 0.038287
0.2850 0.038287
0.2855 0.038287
0.2860 0.038287
0.2865 0.038287
0.2870 0.038287
0.2875 0.038287
0.2880 0.038443
0.2885 0.038912
0.2890 0.038912
0.2895 0.038912
0.2900 0.038912
0.2905 0.038756
0.2910 0.038756
0.2915 0.038912
0.2920 0.055475
0.2925 0.055477
0.2930 0.055477
0.2935 0.055790
0.2940 0.055790
0.2945 0.055790
0.2950 0.055946
0.2955 0.055946
0.2960 0.055946
0.2965 0.055946
0.2970 0.055946
0.2975 0.055946
0.2980 0.055946
0.2985 0.055946
0.2990 0.056102
0.2995 0.056103
0.3000 0.056103
0.3005 0.056259
0.3010 0.056259
0.3015 0.056259
0.3020 0.057040
0.3025 0.057040
0.3030 0.057509
0.3035 0.057509
0.3040 0.057509
0.3045 0.057509
0.3050 0.057509
0.3055 0.058134
0.3060 0.058290
0.3065 0.058290
0.3070 0.058290
0.3075 0.058290
0.3080 0.058447
0.3085 0.058447
0.3090 0.059072
0.3095 0.060009
0.3100 0.061572
0.3105 0.061572
0.3110 0.061572
0.3115 0.061572
0.3120 0.061728
0.3125 0.061728
0.3130 0.062822
0.3135 0.062822
0.3140 0.063760
0.3145 0.063760
0.3150 0.063760
0.3155 0.063760
0.3160 0.063760
0.3165 0.065322
0.3170 0.065323
0.3175 0.065323
0.3180 0.066416
0.3185 0.066417
0.3190 0.066417
0.3195 0.066573
0.3200 0.066573
0.3205 0.066729
0.3210 0.066729
0.3215 0.067042
0.3220 0.068917
0.3225 0.069230
0.3230 0.069230
0.3235 0.069230
0.3240 0.069386
0.3245 0.069386
0.3250 0.069386
0.3255 0.069542
0.3260 0.069542
0.3265 0.069542
0.3270 0.069542
0.3275 0.069698
0.3280 0.070948
0.3285 0.070949
0.3290 0.070949
0.3295 0.070949
0.3300 0.070949
0.3305 0.071730
0.3310 0.071730
0.3315 0.071730
0.3320 0.071886
0.3325 0.072199
0.3330 0.072199
0.3335 0.072199
0.3340 0.072355
0.3345 0.072355
0.3350 0.072668
0.3355 0.072668
0.3360 0.073761
0.3365 0.073762
0.3370 0.073762
0.3375 0.073762
0.3380 0.073762
0.3385 0.074855
0.3390 0.075637
0.3395 0.077199
0.3400 0.077356
0.3405 0.077512
0.3410 0.078606
0.3415 0.078450
0.3420 0.078450
0.3425 0.078450
0.3430 0.101887
0.3435 0.103141
0.3440 0.103141
0.3445 0.103141
0.3450 0.103454
0.3455 0.103454
0.3460 0.103454
0.3465 0.103454
0.3470 0.103454
0.3475 0.103766
0.3480 0.103766
0.3485 0.104079
0.3490 0.104235
0.3495 0.103923
0.3500 0.103454
0.3505 0.103766
0.3510 0.103766
0.3515 0.104391
0.3520 0.104391
0.3525 0.104391
0.3530 0.104548
0.3535 0.105016
0.3540 0.106266
0.3545 0.106423
0.3550 0.107048
0.3555 0.107829
0.3560 0.107829
0.3565 0.108142
0.3570 0.107204
0.3575 0.107360
0.3580 0.107517
0.3585 0.107673
0.3590 0.107673
0.3595 0.108298
0.3600 0.108298
0.3605 0.108454
0.3610 0.108454
0.3615 0.108454
0.3620 0.108142
0.3625 0.108142
0.3630 0.108611
0.3635 0.108767
0.3640 0.108767
0.3645 0.108767
0.3650 0.109079
0.3655 0.109705
0.3660 0.110173
0.3665 0.110173
0.3670 0.110173
0.3675 0.110642
0.3680 0.110642
0.3685 0.111580
0.3690 0.112205
0.3695 0.112361
0.3700 0.112361
0.3705 0.112518
0.3710 0.112518
0.3715 0.112674
0.3720 0.112674
0.3725 0.112674
0.3730 0.112674
0.3735 0.112674
0.3740 0.112674
0.3745 0.115330
0.3750 0.116112
0.3755 0.116112
0.3760 0.116112
0.3765 0.117206
0.3770 0.117362
0.3775 0.118612
0.3780 0.118769
0.3785 0.118769
0.3790 0.120175
0.3795 0.120175
0.3800 0.120175
0.3805 0.120175
0.3810 0.120175
0.3815 0.120331
0.3820 0.122519
0.3825 0.121894
0.3830 0.123144
0.3835 0.123925
0.3840 0.124082
0.3845 0.124394
0.3850 0.124551
0.3855 0.124082
0.3860 0.124238
0.3865 0.123926
0.3870 0.125332
0.3875 0.125332
0.3880 0.125332
0.3885 0.125332
0.3890 0.127207
0.3895 0.127207
0.3900 0.127207
0.3905 0.127207
0.3910 0.127207
0.3915 0.127207
0.3920 0.127207
0.3925 0.127364
0.3930 0.127832
0.3935 0.128301
0.3940 0.128301
0.3945 0.128301
0.3950 0.126895
0.3955 0.126895
0.3960 0.127051
0.3965 0.127051
0.3970 0.127051
0.3975 0.127051
0.3980 0.127051
0.3985 0.127051
0.3990 0.127051
0.3995 0.127051
0.4000 0.127207
0.4005 0.127364
0.4010 0.127364
0.4015 0.127364
0.4020 0.127364
0.4025 0.127207
0.4030 0.127520
0.4035 0.127520
0.4040 0.126582
0.4045 0.126739
0.4050 0.127207
0.4055 0.128926
0.4060 0.129395
0.4065 0.129395
0.4070 0.129551
0.4075 0.129864
0.4080 0.129864
0.4085 0.129864
0.4090 0.130177
0.4095 0.130177
0.4100 0.130177
0.4105 0.130177
0.4110 0.130177
0.4115 0.130333
0.4120 0.130333
0.4125 0.133145
0.4130 0.133458
0.4135 0.133615
0.4140 0.142521
0.4145 0.144085
0.4150 0.144866
0.4155 0.144866
0.4160 0.145491
0.4165 0.145804
0.4170 0.145804
0.4175 0.145804
0.4180 0.145804
0.4185 0.145804
0.4190 0.146429
0.4195 0.146429
0.4200 0.144242
0.4205 0.144398
0.4210 0.144554
0.4215 0.144554
0.4220 0.144554
0.4225 0.145179
0.4230 0.165335
0.4235 0.165338
0.4240 0.165338
0.4245 0.165651
0.4250 0.165807
0.4255 0.166588
0.4260 0.169245
0.4265 0.169401
0.4270 0.169558
0.4275 0.169558
0.4280 0.169558
0.4285 0.170651
0.4290 0.170652
0.4295 0.171120
0.4300 0.171277
0.4305 0.168308
0.4310 0.169401
0.4315 0.169558
0.4320 0.169714
0.4325 0.170652
0.4330 0.171902
0.4335 0.172371
0.4340 0.172371
0.4345 0.172371
0.4350 0.172371
0.4355 0.172683
0.4360 0.173777
0.4365 0.172215
0.4370 0.172371
0.4375 0.172996
0.4380 0.173621
0.4385 0.173308
0.4390 0.173308
0.4395 0.173465
0.4400 0.174090
0.4405 0.174246
0.4410 0.174402
0.4415 0.174402
0.4420 0.174402
0.4425 0.174871
0.4430 0.175496
0.4435 0.160184
0.4440 0.160806
0.4445 0.161119
0.4450 0.161119
0.4455 0.163306
0.4460 0.163307
0.4465 0.160494
0.4470 0.160806
0.4475 0.161431
0.4480 0.161431
0.4485 0.161744
0.4490 0.161744
0.4495 0.161744
0.4500 0.161588
0.4505 0.162057
0.4510 0.162057
0.4515 0.162057
0.4520 0.162369
0.4525 0.162525
0.4530 0.163775
0.4535 0.163932
0.4540 0.164244
0.4545 0.164557
0.4550 0.164557
0.4555 0.164713
0.4560 0.165182
0.4565 0.165182
0.4570 0.165338
0.4575 0.165338
0.4580 0.167213
0.4585 0.168307
0.4590 0.168464
0.4595 0.168620
0.4600 0.168776
0.4605 0.170339
0.4610 0.170652
0.4615 0.170808
0.4620 0.170339
0.4625 0.170652
0.4630 0.172370
0.4635 0.174714
0.4640 0.174715
0.4645 0.175184
0.4650 0.175184
0.4655 0.175496
0.4660 0.175965
0.4665 0.175965
0.4670 0.175965
0.4675 0.176434
0.4680 0.177996
0.4685 0.177997
0.4690 0.178153
0.4695 0.178153
0.4700 0.177997
0.4705 0.178309
0.4710 0.180809
0.4715 0.180809
0.4720 0.181591
0.4725 0.183622
0.4730 0.183779
0.4735 0.183779
0.4740 0.183779
0.4745 0.184091
0.4750 0.184248
0.4755 0.185341
0.4760 0.185654
0.4765 0.185967
0.4770 0.186435
0.4775 0.186748
0.4780 0.186904
0.4785 0.186904
0.4790 0.186904
0.4795 0.187060
0.4800 0.187217
0.4805 0.187529
0.4810 0.187686
0.4815 0.187842
0.4820 0.187842
0.4825 0.188467
0.4830 0.188779
0.4835 0.188779
0.4840 0.188779
0.4845 0.191123
0.4850 0.191280
0.4855 0.192999
0.4860 0.195030
0.4865 0.197530
0.4870 0.236593
0.4875 0.241912
0.4880 0.245194
0.4885 0.246601
0.4890 0.247695
0.4895 0.248164
0.4900 0.248164
0.4905 0.248164
0.4910 0.248320
0.4915 0.250195
0.4920 0.250352
0.4925 0.251758
0.4930 0.251758
0.4935 0.252383
0.4940 0.250508
0.4945 0.250508
0.4950 0.250508
0.4955 0.250664
0.4960 0.251133
0.4965 0.251758
0.4970 0.252383
0.4975 0.254414
0.4980 0.255196
0.4985 0.259415
0.4990 0.259728
0.4995 0.260197
0.5000 0.260353
0.5005 0.260822
0.5010 0.260822
0.5015 0.261447
0.5020 0.261760
0.5025 0.262385
0.5030 0.262541
0.5035 0.262854
0.5040 0.266604
0.5045 0.266760
0.5050 0.266760
0.5055 0.267385
0.5060 0.267854
0.5065 0.268011
0.5070 0.269729
0.5075 0.269730
0.5080 0.271761
0.5085 0.271917
0.5090 0.272230
0.5095 0.272386
0.5100 0.273793
0.5105 0.273793
0.5110 0.273324
0.5115 0.274574
0.5120 0.274887
0.5125 0.277387
0.5130 0.277543
0.5135 0.277856
0.5140 0.278012
0.5145 0.278168
0.5150 0.279106
0.5155 0.279731
0.5160 0.280200
0.5165 0.280200
0.5170 0.281138
0.5175 0.281450
0.5180 0.281763
0.5185 0.281919
0.5190 0.282544
0.5195 0.282700
0.5200 0.282700
0.5205 0.283169
0.5210 0.283325
0.5215 0.285826
0.5220 0.286138
0.5225 0.286451
0.5230 0.288013
0.5235 0.290045
0.5240 0.291295
0.5245 0.292077
0.5250 0.292233
0.5255 0.292389
0.5260 0.297077
0.5265 0.298015
0.5270 0.295984
0.5275 0.297859
0.5280 0.298015
0.5285 0.311297
0.5290 0.311767
0.5295 0.311924
0.5300 0.312236
0.5305 0.312549
0.5310 0.312549
0.5315 0.313018
0.5320 0.313486
0.5325 0.313643
0.5330 0.313799
0.5335 0.315987
0.5340 0.317393
0.5345 0.317393
0.5350 0.317550
0.5355 0.317550
0.5360 0.317550
0.5365 0.317550
0.5370 0.317862
0.5375 0.320050
0.5380 0.320206
0.5385 0.320206
0.5390 0.320831
0.5395 0.320831
0.5400 0.320831
0.5405 0.325363
0.5410 0.325363
0.5415 0.327395
0.5420 0.327551
0.5425 0.327551
0.5430 0.328020
0.5435 0.328333
0.5440 0.328333
0.5445 0.328333
0.5450 0.328645
0.5455 0.328801
0.5460 0.328958
0.5465 0.330364
0.5470 0.330364
0.5475 0.330364
0.5480 0.330520
0.5485 0.330677
0.5490 0.331145
0.5495 0.333645
0.5500 0.333958
0.5505 0.333958
0.5510 0.335521
0.5515 0.325677
0.5520 0.325676
0.5525 0.325832
0.5530 0.325988
0.5535 0.333332
0.5540 0.344271
0.5545 0.345210
0.5550 0.345054
0.5555 0.346616
0.5560 0.346617
0.5565 0.347710
0.5570 0.349273
0.5575 0.351617
0.5580 0.352711
0.5585 0.357086
0.5590 0.357712
0.5595 0.358337
0.5600 0.359900
0.5605 0.359900
0.5610 0.359900
0.5615 0.356775
0.5620 0.358650
0.5625 0.359587
0.5630 0.359744
0.5635 0.359744
0.5640 0.360369
0.5645 0.360838
0.5650 0.361150
0.5655 0.361150
0.5660 0.361306
0.5665 0.344119
0.5670 0.343023
0.5675 0.343335
0.5680 0.343491
0.5685 0.343647
0.5690 0.344429
0.5695 0.347866
0.5700 0.350992
0.5705 0.350836
0.5710 0.355992
0.5715 0.356462
0.5720 0.356618
0.5725 0.356774
0.5730 0.358493
0.5735 0.358650
0.5740 0.359275
0.5745 0.359900
0.5750 0.360212
0.5755 0.362556
0.5760 0.362869
0.5765 0.363650
0.5770 0.365682
0.5775 0.366151
0.5780 0.366463
0.5785 0.366464
0.5790 0.367088
0.5795 0.367714
0.5800 0.368182
0.5805 0.368183
0.5810 0.368339
0.5815 0.368495
0.5820 0.368808
0.5825 0.368808
0.5830 0.369589
0.5835 0.370058
0.5840 0.371308
0.5845 0.371464
0.5850 0.372402
0.5855 0.372714
0.5860 0.373183
0.5865 0.375371
0.5870 0.377715
0.5875 0.378184
0.5880 0.378497
0.5885 0.381153
0.5890 0.383185
0.5895 0.383185
0.5900 0.384122
0.5905 0.390529
0.5910 0.391624
0.5915 0.391780
0.5920 0.392717
0.5925 0.393655
0.5930 0.393811
0.5935 0.394124
0.5940 0.394124
0.5945 0.394124
0.5950 0.394749
0.5955 0.397405
0.5960 0.397562
0.5965 0.397562
0.5970 0.402875
0.5975 0.403813
0.5980 0.404438
0.5985 0.404751
0.5990 0.404751
0.5995 0.406001
0.6000 0.406626
0.6005 0.406626
0.6010 0.406782
0.6015 0.407095
0.6020 0.404595
0.6025 0.405688
0.6030 0.406157
0.6035 0.411782
0.6040 0.412564
0.6045 0.414752
0.6050 0.416002
0.6055 0.418815
0.6060 0.418972
0.6065 0.419909
0.6070 0.423816
0.6075 0.424129
0.6080 0.425379
0.6085 0.426160
0.6090 0.428973
0.6095 0.429130
0.6100 0.433973
0.6105 0.436162
0.6110 0.437568
0.6115 0.437881
0.6120 0.438037
0.6125 0.440225
0.6130 0.442413
0.6135 0.479757
0.6140 0.479762
0.6145 0.479919
0.6150 0.488200
0.6155 0.489608
0.6160 0.489920
0.6165 0.489920
0.6170 0.493983
0.6175 0.494921
0.6180 0.498827
0.6185 0.498984
0.6190 0.499140
0.6195 0.500078
0.6200 0.500391
0.6205 0.500703
0.6210 0.500703
0.6215 0.501016
0.6220 0.503047
0.6225 0.503047
0.6230 0.503047
0.6235 0.503516
0.6240 0.503672
0.6245 0.504141
0.6250 0.504766
0.6255 0.505235
0.6260 0.505860
0.6265 0.507267
0.6270 0.507892
0.6275 0.508204
0.6280 0.510079
0.6285 0.510080
0.6290 0.511330
0.6295 0.511955
0.6300 0.513205
0.6305 0.513674
0.6310 0.515393
0.6315 0.516018
0.6320 0.517581
0.6325 0.519300
0.6330 0.519769
0.6335 0.520862
0.6340 0.521488
0.6345 0.522425
0.6350 0.523675
0.6355 0.524144
0.6360 0.524926
0.6365 0.525394
0.6370 0.525707
0.6375 0.529301
0.6380 0.530551
0.6385 0.530864
0.6390 0.531177
0.6395 0.531489
0.6400 0.503208
0.6405 0.503360
0.6410 0.503672
0.6415 0.503829
0.6420 0.503829
0.6425 0.504766
0.6430 0.504766
0.6435 0.507266
0.6440 0.507892
0.6445 0.508986
0.6450 0.509298
0.6455 0.509923
0.6460 0.510861
0.6465 0.511174
0.6470 0.511799
0.6475 0.512111
0.6480 0.512268
0.6485 0.517268
0.6490 0.519300
0.6495 0.519300
0.6500 0.519300
0.6505 0.519769
0.6510 0.522112
0.6515 0.528363
0.6520 0.528364
0.6525 0.528520
0.6530 0.529301
0.6535 0.529614
0.6540 0.530551
0.6545 0.532583
0.6550 0.533521
0.6555 0.533990
0.6560 0.534302
0.6565 0.534302
0.6570 0.534615
0.6575 0.534615
0.6580 0.537896
0.6585 0.538209
0.6590 0.538522
0.6595 0.538834
0.6600 0.540709
0.6605 0.541022
0.6610 0.541335
0.6615 0.542116
0.6620 0.542585
0.6625 0.545397
0.6630 0.545710
0.6635 0.547117
0.6640 0.551492
0.6645 0.551805
0.6650 0.552117
0.6655 0.552430
0.6660 0.552586
0.6665 0.553055
0.6670 0.553680
0.6675 0.553837
0.6680 0.554618
0.6685 0.557899
0.6690 0.558368
0.6695 0.559618
0.6700 0.565712
0.6705 0.570245
0.6710 0.570245
0.6715 0.571652
0.6720 0.574933
0.6725 0.575402
0.6730 0.576340
0.6735 0.577590
0.6740 0.578059
0.6745 0.578059
0.6750 0.578215
0.6755 0.602278
0.6760 0.602750
0.6765 0.603532
0.6770 0.603688
0.6775 0.606032
0.6780 0.606501
0.6785 0.607126
0.6790 0.608689
0.6795 0.609001
0.6800 0.609314
0.6805 0.609939
0.6810 0.610720
0.6815 0.610877
0.6820 0.611658
0.6825 0.612283
0.6830 0.612283
0.6835 0.611971
0.6840 0.612439
0.6845 0.612439
0.6850 0.613064
0.6855 0.613065
0.6860 0.598846
0.6865 0.601656
0.6870 0.601813
0.6875 0.602125
0.6880 0.603688
0.6885 0.604001
0.6890 0.604782
0.6895 0.609782
0.6900 0.610408
0.6905 0.611345
0.6910 0.613689
0.6915 0.629783
0.6920 0.629942
0.6925 0.631192
0.6930 0.631505
0.6935 0.631661
0.6940 0.632130
0.6945 0.633067
0.6950 0.633068
0.6955 0.633536
0.6960 0.634005
0.6965 0.634630
0.6970 0.635880
0.6975 0.636662
0.6980 0.638693
0.6985 0.641662
0.6990 0.642444
0.6995 0.643225
0.7000 0.644632
0.7005 0.645101
0.7010 0.647132
0.7015 0.648695
0.7020 0.649320
0.7025 0.649633
0.7030 0.650101
0.7035 0.651195
0.7040 0.654008
0.7045 0.655258
0.7050 0.657134
0.7055 0.658853
0.7060 0.658853
0.7065 0.659322
0.7070 0.659478
0.7075 0.660415
0.7080 0.660572
0.7085 0.660884
0.7090 0.661353
0.7095 0.661978
0.7100 0.662135
0.7105 0.662447
0.7110 0.664166
0.7115 0.664791
0.7120 0.664948
0.7125 0.665416
0.7130 0.666979
0.7135 0.667292
0.7140 0.667448
0.7145 0.667604
0.7150 0.669636
0.7155 0.670105
0.7160 0.670261
0.7165 0.671042
0.7170 0.671355
0.7175 0.671980
0.7180 0.672136
0.7185 0.672605
0.7190 0.672761
0.7195 0.675418
0.7200 0.675731
0.7205 0.677762
0.7210 0.678387
0.7215 0.679012
0.7220 0.679637
0.7225 0.679950
0.7230 0.680106
0.7235 0.681825
0.7240 0.682919
0.7245 0.683544
0.7250 0.683857
0.7255 0.684326
0.7260 0.684638
0.7265 0.686357
0.7270 0.687138
0.7275 0.687139
0.7280 0.687451
0.7285 0.688076
0.7290 0.689639
0.7295 0.690420
0.7300 0.690889
0.7305 0.691358
0.7310 0.691827
0.7315 0.692452
0.7320 0.693233
0.7325 0.693390
0.7330 0.693858
0.7335 0.694952
0.7340 0.695734
0.7345 0.695734
0.7350 0.696046
0.7355 0.696515
0.7360 0.696984
0.7365 0.697140
0.7370 0.697609
0.7375 0.698547
0.7380 0.699953
0.7385 0.700578
0.7390 0.700891
0.7395 0.701203
0.7400 0.701985
0.7405 0.702453
0.7410 0.703547
0.7415 0.705266
0.7420 0.705735
0.7425 0.711673
0.7430 0.714174
0.7435 0.715112
0.7440 0.716049
0.7445 0.716987
0.7450 0.718862
0.7455 0.719019
0.7460 0.720112
0.7465 0.720269
0.7470 0.720738
0.7475 0.720894
0.7480 0.721050
0.7485 0.721675
0.7490 0.722144
0.7495 0.722925
0.7500 0.724488
0.7505 0.724801
0.7510 0.725113
0.7515 0.725582
0.7520 0.726832
0.7525 0.727770
0.7530 0.727926
0.7535 0.728239
0.7540 0.728708
0.7545 0.729020
0.7550 0.729333
0.7555 0.729645
0.7560 0.729958
0.7565 0.730427
0.7570 0.731208
0.7575 0.731208
0.7580 0.731833
0.7585 0.732614
0.7590 0.733396
0.7595 0.733708
0.7600 0.733865
0.7605 0.734490
0.7610 0.735271
0.7615 0.733240
0.7620 0.733708
0.7625 0.734646
0.7630 0.734958
0.7635 0.735271
0.7640 0.737302
0.7645 0.738396
0.7650 0.739334
0.7655 0.739491
0.7660 0.739647
0.7665 0.739647
0.7670 0.740272
0.7675 0.740584
0.7680 0.741053
0.7685 0.742460
0.7690 0.743085
0.7695 0.743241
0.7700 0.743710
0.7705 0.744022
0.7710 0.744491
0.7715 0.744960
0.7720 0.745116
0.7725 0.746054
0.7730 0.746523
0.7735 0.747148
0.7740 0.747773
0.7745 0.748867
0.7750 0.749805
0.7755 0.750273
0.7760 0.750742
0.7765 0.751367
0.7770 0.751836
0.7775 0.752305
0.7780 0.752618
0.7785 0.752930
0.7790 0.754180
0.7795 0.754962
0.7800 0.757305
0.7805 0.758556
0.7810 0.759181
0.7815 0.759806
0.7820 0.760119
0.7825 0.760431
0.7830 0.760744
0.7835 0.761525
0.7840 0.762150
0.7845 0.762775
0.7850 0.763244
0.7855 0.763557
0.7860 0.765432
0.7865 0.765588
0.7870 0.765745
0.7875 0.766370
0.7880 0.766995
0.7885 0.767464
0.7890 0.768245
0.7895 0.768558
0.7900 0.769651
0.7905 0.770745
0.7910 0.771683
0.7915 0.772777
0.7920 0.772933
0.7925 0.773090
0.7930 0.773558
0.7935 0.773715
0.7940 0.773871
0.7945 0.774340
0.7950 0.775121
0.7955 0.775434
0.7960 0.775902
0.7965 0.776059
0.7970 0.776371
0.7975 0.776840
0.7980 0.776996
0.7985 0.777934
0.7990 0.778247
0.7995 0.778403
0.8000 0.779028
0.8005 0.779341
0.8010 0.779809
0.8015 0.780122
0.8020 0.780278
0.8025 0.780747
0.8030 0.781216
0.8035 0.781372
0.8040 0.782310
0.8045 0.783403
0.8050 0.783560
0.8055 0.783716
0.8060 0.784029
0.8065 0.784341
0.8070 0.784497
0.8075 0.785123
0.8080 0.787623
0.8085 0.788248
0.8090 0.789498
0.8095 0.791061
0.8100 0.788874
0.8105 0.789186
0.8110 0.789342
0.8115 0.790280
0.8120 0.790905
0.8125 0.791217
0.8130 0.791842
0.8135 0.792467
0.8140 0.792624
0.8145 0.793561
0.8150 0.794499
0.8155 0.794812
0.8160 0.795437
0.8165 0.795437
0.8170 0.796687
0.8175 0.796843
0.8180 0.797625
0.8185 0.798406
0.8190 0.800593
0.8195 0.801531
0.8200 0.801844
0.8205 0.802313
0.8210 0.802938
0.8215 0.803250
0.8220 0.804188
0.8225 0.804657
0.8230 0.805282
0.8235 0.805907
0.8240 0.806220
0.8245 0.806532
0.8250 0.807314
0.8255 0.808095
0.8260 0.809032
0.8265 0.809033
0.8270 0.809345
0.8275 0.809658
0.8280 0.810283
0.8285 0.811220
0.8290 0.811689
0.8295 0.812314
0.8300 0.812939
0.8305 0.813252
0.8310 0.814033
0.8315 0.814346
0.8320 0.814815
0.8325 0.814815
0.8330 0.815127
0.8335 0.815284
0.8340 0.815752
0.8345 0.816221
0.8350 0.816534
0.8355 0.816534
0.8360 0.817003
0.8365 0.817159
0.8370 0.817471
0.8375 0.817628
0.8380 0.817940
0.8385 0.818097
0.8390 0.818253
0.8395 0.820440
0.8400 0.822784
0.8405 0.823410
0.8410 0.823879
0.8415 0.824191
0.8420 0.824504
0.8425 0.825441
0.8430 0.826066
0.8435 0.827160
0.8440 0.827785
0.8445 0.828098
0.8450 0.828411
0.8455 0.829192
0.8460 0.829817
0.8465 0.830286
0.8470 0.830911
0.8475 0.831849
0.8480 0.832474
0.8485 0.832630
0.8490 0.832943
0.8495 0.833880
0.8500 0.834818
0.8505 0.835912
0.8510 0.836224
0.8515 0.836693
0.8520 0.837475
0.8525 0.837475
0.8530 0.838100
0.8535 0.838412
0.8540 0.838412
0.8545 0.838881
0.8550 0.839662
0.8555 0.841225
0.8560 0.841381
0.8565 0.842006
0.8570 0.842319
0.8575 0.842788
0.8580 0.843569
0.8585 0.843882
0.8590 0.844507
0.8595 0.844819
0.8600 0.845132
0.8605 0.845913
0.8610 0.846538
0.8615 0.847007
0.8620 0.848257
0.8625 0.848570
0.8630 0.849039
0.8635 0.849976
0.8640 0.850445
0.8645 0.851070
0.8650 0.851695
0.8655 0.852164
0.8660 0.852946
0.8665 0.853727
0.8670 0.853727
0.8675 0.854196
0.8680 0.854821
0.8685 0.855759
0.8690 0.856227
0.8695 0.856696
0.8700 0.857321
0.8705 0.857790
0.8710 0.858572
0.8715 0.859509
0.8720 0.860291
0.8725 0.860916
0.8730 0.861541
0.8735 0.862010
0.8740 0.862635
0.8745 0.863416
0.8750 0.864354
0.8755 0.864510
0.8760 0.864979
0.8765 0.865135
0.8770 0.865760
0.8775 0.866385
0.8780 0.867010
0.8785 0.867635
0.8790 0.868261
0.8795 0.868886
0.8800 0.870136
0.8805 0.870605
0.8810 0.870917
0.8815 0.871386
0.8820 0.871699
0.8825 0.871855
0.8830 0.871855
0.8835 0.872949
0.8840 0.873574
0.8845 0.874043
0.8850 0.875293
0.8855 0.875762
0.8860 0.876074
0.8865 0.876856
0.8870 0.877325
0.8875 0.877950
0.8880 0.878887
0.8885 0.879200
0.8890 0.880606
0.8895 0.880606
0.8900 0.881388
0.8905 0.883106
0.8910 0.883575
0.8915 0.883888
0.8920 0.884513
0.8925 0.884982
0.8930 0.885451
0.8935 0.885763
0.8940 0.885920
0.8945 0.886388
0.8950 0.887326
0.8955 0.887795
0.8960 0.887795
0.8965 0.888264
0.8970 0.888733
0.8975 0.889983
0.8980 0.890295
0.8985 0.890764
0.8990 0.891702
0.8995 0.892483
0.9000 0.892796
0.9005 0.893421
0.9010 0.893577
0.9015 0.894358
0.9020 0.895140
0.9025 0.895765
0.9030 0.896546
0.9035 0.897328
0.9040 0.897953
0.9045 0.898265
0.9050 0.898578
0.9055 0.898890
0.9060 0.899359
0.9065 0.899672
0.9070 0.899828
0.9075 0.900297
0.9080 0.900609
0.9085 0.901547
0.9090 0.902016
0.9095 0.902172
0.9100 0.902485
0.9105 0.903266
0.9110 0.903735
0.9115 0.904360
0.9120 0.904985
0.9125 0.905454
0.9130 0.906548
0.9135 0.907017
0.9140 0.907798
0.9145 0.907954
0.9150 0.908423
0.9155 0.909048
0.9160 0.909361
0.9165 0.911080
0.9170 0.911861
0.9175 0.912486
0.9180 0.913424
0.9185 0.914049
0.9190 0.914518
0.9195 0.914830
0.9200 0.915299
0.9205 0.915612
0.9210 0.916081
0.9215 0.916393
0.9220 0.917487
0.9225 0.917800
0.9230 0.918112
0.9235 0.918268
0.9240 0.918737
0.9245 0.919362
0.9250 0.919831
0.9255 0.920613
0.9260 0.920925
0.9265 0.921706
0.9270 0.922019
0.9275 0.922644
0.9280 0.923113
0.9285 0.923425
0.9290 0.924051
0.9295 0.924519
0.9300 0.924519
0.9305 0.924832
0.9310 0.925770
0.9315 0.926395
0.9320 0.926551
0.9325 0.927176
0.9330 0.927645
0.9335 0.928114
0.9340 0.928114
0.9345 0.928426
0.9350 0.929364
0.9355 0.930301
0.9360 0.930770
0.9365 0.931083
0.9370 0.931239
0.9375 0.931239
0.9380 0.931708
0.9385 0.932489
0.9390 0.932646
0.9395 0.933114
0.9400 0.933583
0.9405 0.934833
0.9410 0.935459
0.9415 0.936084
0.9420 0.936865
0.9425 0.937646
0.9430 0.937803
0.9435 0.938115
0.9440 0.938740
0.9445 0.938897
0.9450 0.939522
0.9455 0.939834
0.9460 0.939991
0.9465 0.940616
0.9470 0.941241
0.9475 0.942022
0.9480 0.942647
0.9485 0.943429
0.9490 0.943897
0.9495 0.944523
0.9500 0.944835
0.9505 0.945460
0.9510 0.946398
0.9515 0.946554
0.9520 0.946867
0.9525 0.947648
0.9530 0.948117
0.9535 0.948429
0.9540 0.949367
0.9545 0.949992
0.9550 0.950461
0.9555 0.950773
0.9560 0.951242
0.9565 0.951555
0.9570 0.952024
0.9575 0.952649
0.9580 0.952805
0.9585 0.954055
0.9590 0.955149
0.9595 0.955618
0.9600 0.955931
0.9605 0.956556
0.9610 0.957181
0.9615 0.957493
0.9620 0.957962
0.9625 0.959212
0.9630 0.959525
0.9635 0.959681
0.9640 0.960150
0.9645 0.960463
0.9650 0.960931
0.9655 0.961713
0.9660 0.961869
0.9665 0.963432
0.9670 0.964213
0.9675 0.964682
0.9680 0.965151
0.9685 0.965151
0.9690 0.965463
0.9695 0.965776
0.9700 0.966401
0.9705 0.966870
0.9710 0.967495
0.9715 0.967807
0.9720 0.968901
0.9725 0.969370
0.9730 0.969839
0.9735 0.970308
0.9740 0.970308
0.9745 0.971245
0.9750 0.971870
0.9755 0.972496
0.9760 0.973121
0.9765 0.973746
0.9770 0.974527
0.9775 0.975152
0.9780 0.976090
0.9785 0.976871
0.9790 0.977340
0.9795 0.978122
0.9800 0.978434
0.9805 0.978590
0.9810 0.979059
0.9815 0.979372
0.9820 0.979997
0.9825 0.980309
0.9830 0.981091
0.9835 0.982341
0.9840 0.982653
0.9845 0.982966
0.9850 0.983435
0.9855 0.984060
0.9860 0.984373
0.9865 0.985623
0.9870 0.986091
0.9875 0.986404
0.9880 0.986560
0.9885 0.987185
0.9890 0.987810
0.9895 0.988123
0.9900 0.988436
0.9905 0.989373
0.9910 0.989686
0.9915 0.990467
0.9920 0.990936
0.9925 0.991249
0.9930 0.991874
0.9935 0.992343
0.9940 0.993124
0.9945 0.993593
0.9950 0.994843
0.9955 0.995468
0.9960 0.996093
0.9965 0.996562
0.9970 0.997343
0.9975 0.997656
0.9980 0.998281
0.9985 0.998906
0.9990 0.999375
0.9995 0.999687
