0.0000 0.000000
0.0005 0.000000
0.0010 0.000000
0.0015 0.000000
0.0020 0.000000
0.0025 0.000000
0.0030 0.000000
0.0035 0.000000
0.0040 0.000000
0.0045 0.000000
0.0050 0.000000
0.0055 0.000000
0.0060 0.000000
0.0065 0.000000
0.0070 0.000000
0.0075 0.000000
0.0080 0.000000
0.0085 0.000000
0.0090 0.000000
0.0095 0.000000
0.0100 0.000000
0.0105 0.000000
0.0110 0.000000
0.0115 0.000000
0.0120 0.000000
0.0125 0.000000
0.0130 0.000000
0.0135 0.000000
0.0140 0.000000
0.0145 0.000000
0.0150 0.000000
0.0155 0.000000
0.0160 0.000000
0.0165 0.000000
0.0170 0.000000
0.0175 0.000000
0.0180 0.000000
0.0185 0.000000
0.0190 0.000000
0.0195 0.000000
0.0200 0.000000
0.0205 0.000000
0.0210 0.000000
0.0215 0.000000
0.0220 0.000000
0.0225 0.000000
0.0230 0.000000
0.0235 0.000000
0.0240 0.000000
0.0245 0.000000
0.0250 0.000000
0.0255 0.000000
0.0260 0.000000
0.0265 0.000000
0.0270 0.000000
0.0275 0.000000
0.0280 0.000000
0.0285 0.000000
0.0290 0.000000
0.0295 0.000000
0.0300 0.000000
0.0305 0.000000
0.0310 0.000000
0.0315 0.000000
0.0320 0.000000
0.0325 0.000000
0.0330 0.000000
0.0335 0.000000
0.0340 0.000000
0.0345 0.000000
0.0350 0.000000
0.0355 0.000000
0.0360 0.000000
0.0365 0.000000
0.0370 0.000000
0.0375 0.000000
0.0380 0.000000
0.0385 0.000000
0.0390 0.000000
0.0395 0.000000
0.0400 0.000000
0.0405 0.000000
0.0410 0.000000
0.0415 0.000000
0.0420 0.000000
0.0425 0.000000
0.0430 0.000000
0.0435 0.000000
0.0440 0.000000
0.0445 0.000000
0.0450 0.000000
0.0455 0.000000
0.0460 0.000000
0.0465 0.000000
0.0470 0.000000
0.0475 0.000000
0.0480 0.000000
0.0485 0.000000
0.0490 0.000000
0.0495 0.000000
0.0500 0.000000
0.0505 0.000000
0.0510 0.000000
0.0515 0.000000
0.0520 0.000000
0.0525 0.000000
0.0530 0.000000
0.0535 0.000000
0.0540 0.000000
0.0545 0.000000
0.0550 0.000000
0.0555 0.000000
0.0560 0.000000
0.0565 0.000000
0.0570 0.000000
0.0575 0.000000
0.0580 0.000000
0.0585 0.000000
0.0590 0.000000
0.0595 0.000000
0.0600 0.000000
0.0605 0.000000
0.0610 0.000000
0.0615 0.000000
0.0620 0.000000
0.0625 0.000000
0.0630 0.000000
0.0635 0.000000
0.0640 0.000000
0.0645 0.000000
0.0650 0.000000
0.0655 0.000000
0.0660 0.000000
0.0665 0.000000
0.0670 0.000000
0.0675 0.000000
0.0680 0.000000
0.0685 0.000000
0.0690 0.000000
0.0695 0.000000
0.0700 0.000000
0.0705 0.000000
0.0710 0.000000
0.0715 0.000000
0.0720 0.000000
0.0725 0.000000
0.0730 0.000000
0.0735 0.000000
0.0740 0.000000
0.0745 0.000000
0.0750 0.000000
0.0755 0.000000
0.0760 0.000000
0.0765 0.000000
0.0770 0.000000
0.0775 0.000000
0.0780 0.000000
0.0785 0.000000
0.0790 0.000000
0.0795 0.000000
0.0800 0.000000
0.0805 0.000000
0.0810 0.000000
0.0815 0.000000
0.0820 0.000000
0.0825 0.000000
0.0830 0.000000
0.0835 0.000000
0.0840 0.000000
0.0845 0.000000
0.0850 0.000000
0.0855 0.000000
0.0860 0.000000
0.0865 0.000000
0.0870 0.000000
0.0875 0.000000
0.0880 0.000000
0.0885 0.000000
0.0890 0.000000
0.0895 0.000000
0.0900 0.000000
0.0905 0.000000
0.0910 0.000000
0.0915 0.000000
0.0920 0.000000
0.0925 0.000000
0.0930 0.000000
0.0935 0.000000
0.0940 0.000000
0.0945 0.000000
0.0950 0.000000
0.0955 0.000000
0.0960 0.000000
0.0965 0.000000
0.0970 0.000000
0.0975 0.000000
0.0980 0.000000
0.0985 0.000000
0.0990 0.000000
0.0995 0.000000
0.1000 0.000000
0.1005 0.000000
0.1010 0.000000
0.1015 0.000000
0.1020 0.000000
0.1025 0.000000
0.1030 0.000000
0.1035 0.000000
0.1040 0.000000
0.1045 0.000000
0.1050 0.000000
0.1055 0.000000
0.1060 0.000000
0.1065 0.000000
0.1070 0.000000
0.1075 0.000000
0.1080 0.000000
0.1085 0.000000
0.1090 0.000000
0.1095 0.000000
0.1100 0.000000
0.1105 0.000000
0.1110 0.000000
0.1115 0.000000
0.1120 0.000000
0.1125 0.000000
0.1130 0.000000
0.1135 0.000000
0.1140 0.000000
0.1145 0.000000
0.1150 0.000000
0.1155 0.000000
0.1160 0.000000
0.1165 0.000000
0.1170 0.000000
0.1175 0.000000
0.1180 0.000000
0.1185 0.000000
0.1190 0.000000
0.1195 0.000000
0.1200 0.000000
0.1205 0.000000
0.1210 0.000000
0.1215 0.000000
0.1220 0.000000
0.1225 0.000000
0.1230 0.000000
0.1235 0.000000
0.1240 0.000000
0.1245 0.000000
0.1250 0.000000
0.1255 0.000000
0.1260 0.000000
0.1265 0.000000
0.1270 0.000000
0.1275 0.000000
0.1280 0.000000
0.1285 0.000000
0.1290 0.000000
0.1295 0.000000
0.1300 0.000000
0.1305 0.000000
0.1310 0.000000
0.1315 0.000000
0.1320 0.000000
0.1325 0.000000
0.1330 0.000000
0.1335 0.000000
0.1340 0.000000
0.1345 0.000000
0.1350 0.000000
0.1355 0.000000
0.1360 0.000000
0.1365 0.000000
0.1370 0.000000
0.1375 0.000000
0.1380 0.000000
0.1385 0.000000
0.1390 0.000000
0.1395 0.000000
0.1400 0.000000
0.1405 0.000000
0.1410 0.000000
0.1415 0.000000
0.1420 0.000000
0.1425 0.000000
0.1430 0.000000
0.1435 0.000000
0.1440 0.000000
0.1445 0.000000
0.1450 0.000000
0.1455 0.000000
0.1460 0.000000
0.1465 0.000000
0.1470 0.000000
0.1475 0.000000
0.1480 0.000000
0.1485 0.000000
0.1490 0.000000
0.1495 0.000000
0.1500 0.000000
0.1505 0.000000
0.1510 0.000000
0.1515 0.000000
0.1520 0.000000
0.1525 0.000000
0.1530 0.000000
0.1535 0.000000
0.1540 0.000000
0.1545 0.000000
0.1550 0.000000
0.1555 0.000000
0.1560 0.000000
0.1565 0.000000
0.1570 0.000000
0.1575 0.000000
0.1580 0.000000
0.1585 0.000000
0.1590 0.000000
0.1595 0.000000
0.1600 0.000000
0.1605 0.000000
0.1610 0.000000
0.1615 0.000000
0.1620 0.000000
0.1625 0.000000
0.1630 0.000000
0.1635 0.000000
0.1640 0.000000
0.1645 0.000000
0.1650 0.000000
0.1655 0.000000
0.1660 0.000000
0.1665 0.000000
0.1670 0.000000
0.1675 0.000000
0.1680 0.000000
0.1685 0.000000
0.1690 0.000000
0.1695 0.000000
0.1700 0.000000
0.1705 0.000000
0.1710 0.000000
0.1715 0.000000
0.1720 0.000000
0.1725 0.000000
0.1730 0.000000
0.1735 0.000000
0.1740 0.000000
0.1745 0.000000
0.1750 0.000000
0.1755 0.000000
0.1760 0.000000
0.1765 0.000000
0.1770 0.000000
0.1775 0.000000
0.1780 0.000000
0.1785 0.000000
0.1790 0.000000
0.1795 0.000000
0.1800 0.000000
0.1805 0.000000
0.1810 0.000000
0.1815 0.000000
0.1820 0.000000
0.1825 0.000000
0.1830 0.000000
0.1835 0.000000
0.1840 0.000000
0.1845 0.000000
0.1850 0.000000
0.1855 0.000000
0.1860 0.000000
0.1865 0.000000
0.1870 0.000000
0.1875 0.000000
0.1880 0.000000
0.1885 0.000000
0.1890 0.000000
0.1895 0.000000
0.1900 0.000000
0.1905 0.000000
0.1910 0.000000
0.1915 0.000000
0.1920 0.000000
0.1925 0.000000
0.1930 0.000000
0.1935 0.000000
0.1940 0.000000
0.1945 0.000000
0.1950 0.000000
0.1955 0.000000
0.1960 0.000000
0.1965 0.000000
0.1970 0.000000
0.1975 0.000000
0.1980 0.000000
0.1985 0.000000
0.1990 0.000000
0.1995 0.000000
0.2000 0.000000
0.2005 0.000000
0.2010 0.000000
0.2015 0.000000
0.2020 0.000000
0.2025 0.000000
0.2030 0.000000
0.2035 0.000000
0.2040 0.000000
0.2045 0.000000
0.2050 0.000000
0.2055 0.000000
0.2060 0.000000
0.2065 0.000000
0.2070 0.000000
0.2075 0.000000
0.2080 0.000000
0.2085 0.000000
0.2090 0.000000
0.2095 0.000000
0.2100 0.000000
0.2105 0.000000
0.2110 0.000000
0.2115 0.000000
0.2120 0.000000
0.2125 0.000000
0.2130 0.000000
0.2135 0.000000
0.2140 0.000000
0.2145 0.000000
0.2150 0.087500
0.2155 0.088805
0.2160 0.090056
0.2165 0.090681
0.2170 0.090682
0.2175 0.090682
0.2180 0.089432
0.2185 0.089431
0.2190 0.089431
0.2195 0.089431
0.2200 0.089431
0.2205 0.090056
0.2210 0.090056
0.2215 0.090056
0.2220 0.090056
0.2225 0.090056
0.2230 0.090056
0.2235 0.090056
0.2240 0.090056
0.2245 0.090056
0.2250 0.090056
0.2255 0.090056
0.2260 0.090056
0.2265 0.090056
0.2270 0.090056
0.2275 0.090056
0.2280 0.091306
0.2285 0.091307
0.2290 0.091932
0.2295 0.091932
0.2300 0.092557
0.2305 0.093183
0.2310 0.093183
0.2315 0.093183
0.2320 0.093183
0.2325 0.093183
0.2330 0.093183
0.2335 0.093183
0.2340 0.093183
0.2345 0.093183
0.2350 0.094433
0.2355 0.094434
0.2360 0.094434
0.2365 0.094434
0.2370 0.094434
0.2375 0.094434
0.2380 0.095059
0.2385 0.095059
0.2390 0.095059
0.2395 0.095684
0.2400 0.095685
0.2405 0.095685
0.2410 0.095685
0.2415 0.095685
0.2420 0.096935
0.2425 0.096936
0.2430 0.096936
0.2435 0.096936
0.2440 0.096936
0.2445 0.096936
0.2450 0.096936
0.2455 0.096936
0.2460 0.096936
0.2465 0.096936
0.2470 0.096936
0.2475 0.097561
0.2480 0.098811
0.2485 0.100062
0.2490 0.100063
0.2495 0.100063
0.2500 0.101313
0.2505 0.103813
0.2510 0.106315
0.2515 0.106316
0.2520 0.106316
0.2525 0.106316
0.2530 0.106316
0.2535 0.106316
0.2540 0.106316
0.2545 0.106316
0.2550 0.106316
0.2555 0.106316
0.2560 0.106316
0.2565 0.106316
0.2570 0.106941
0.2575 0.106317
0.2580 0.106316
0.2585 0.106316
0.2590 0.106316
0.2595 0.106316
0.2600 0.106316
0.2605 0.106316
0.2610 0.106316
0.2615 0.106316
0.2620 0.106941
0.2625 0.108817
0.2630 0.109443
0.2635 0.110693
0.2640 0.110694
0.2645 0.110694
0.2650 0.112569
0.2655 0.112570
0.2660 0.112570
0.2665 0.113195
0.2670 0.113821
0.2675 0.114446
0.2680 0.115697
0.2685 0.115697
0.2690 0.115697
0.2695 0.115697
0.2700 0.117572
0.2705 0.117573
0.2710 0.117573
0.2715 0.117573
0.2720 0.117573
0.2725 0.117573
0.2730 0.117573
0.2735 0.117573
0.2740 0.117573
0.2745 0.117573
0.2750 0.117573
0.2755 0.117573
0.2760 0.117573
0.2765 0.117573
0.2770 0.116323
0.2775 0.116323
0.2780 0.116323
0.2785 0.116948
0.2790 0.136948
0.2795 0.136961
0.2800 0.136961
0.2805 0.138836
0.2810 0.145087
0.2815 0.145091
0.2820 0.146966
0.2825 0.146967
0.2830 0.146967
0.2835 0.146967
0.2840 0.148217
0.2845 0.148218
0.2850 0.148218
0.2855 0.148218
0.2860 0.148218
0.2865 0.148843
0.2870 0.148843
0.2875 0.148843
0.2880 0.149468
0.2885 0.149468
0.2890 0.149468
0.2895 0.149468
0.2900 0.149468
0.2905 0.150718
0.2910 0.150719
0.2915 0.150719
0.2920 0.150719
0.2925 0.151344
0.2930 0.151345
0.2935 0.151970
0.2940 0.151970
0.2945 0.151970
0.2950 0.153220
0.2955 0.153846
0.2960 0.153846
0.2965 0.153846
0.2970 0.154471
0.2975 0.154472
0.2980 0.154472
0.2985 0.154472
0.2990 0.154472
0.2995 0.154472
0.3000 0.154472
0.3005 0.156347
0.3010 0.156348
0.3015 0.156348
0.3020 0.156973
0.3025 0.156973
0.3030 0.159473
0.3035 0.159475
0.3040 0.159475
0.3045 0.159475
0.3050 0.159475
0.3055 0.160100
0.3060 0.160100
0.3065 0.160100
0.3070 0.160100
0.3075 0.160100
0.3080 0.160725
0.3085 0.160725
0.3090 0.163225
0.3095 0.164477
0.3100 0.164478
0.3105 0.165728
0.3110 0.166354
0.3115 0.168229
0.3120 0.168230
0.3125 0.168230
0.3130 0.171980
0.3135 0.171982
0.3140 0.170732
0.3145 0.170732
0.3150 0.170732
0.3155 0.170732
0.3160 0.170732
0.3165 0.170732
0.3170 0.170732
0.3175 0.170732
0.3180 0.171357
0.3185 0.171357
0.3190 0.171357
0.3195 0.171357
0.3200 0.171357
0.3205 0.171982
0.3210 0.171982
0.3215 0.171982
0.3220 0.172607
0.3225 0.173858
0.3230 0.173859
0.3235 0.173859
0.3240 0.173859
0.3245 0.173859
0.3250 0.173859
0.3255 0.173859
0.3260 0.173859
0.3265 0.173859
0.3270 0.173859
0.3275 0.173859
0.3280 0.175734
0.3285 0.175735
0.3290 0.175735
0.3295 0.175735
0.3300 0.176360
0.3305 0.177610
0.3310 0.177611
0.3315 0.178861
0.3320 0.178862
0.3325 0.181362
0.3330 0.181363
0.3335 0.181363
0.3340 0.185738
0.3345 0.185741
0.3350 0.185741
0.3355 0.185741
0.3360 0.186991
0.3365 0.186992
0.3370 0.186992
0.3375 0.186992
0.3380 0.186992
0.3385 0.186992
0.3390 0.186992
0.3395 0.186992
0.3400 0.187617
0.3405 0.187617
0.3410 0.187617
0.3415 0.190742
0.3420 0.190744
0.3425 0.191369
0.3430 0.192620
0.3435 0.193245
0.3440 0.193246
0.3445 0.194496
0.3450 0.194497
0.3455 0.194497
0.3460 0.194497
0.3465 0.194497
0.3470 0.194497
0.3475 0.194497
0.3480 0.194497
0.3485 0.194497
0.3490 0.195747
0.3495 0.195747
0.3500 0.195747
0.3505 0.195747
0.3510 0.195747
0.3515 0.195747
0.3520 0.195747
0.3525 0.195747
0.3530 0.195747
0.3535 0.195747
0.3540 0.195747
0.3545 0.195747
0.3550 0.195747
0.3555 0.195747
0.3560 0.195747
0.3565 0.195747
0.3570 0.196372
0.3575 0.196998
0.3580 0.196998
0.3585 0.196998
0.3590 0.196998
0.3595 0.196998
0.3600 0.196998
0.3605 0.196998
0.3610 0.196998
0.3615 0.196998
0.3620 0.196998
0.3625 0.196998
0.3630 0.197623
0.3635 0.198249
0.3640 0.198249
0.3645 0.198249
0.3650 0.198874
0.3655 0.200749
0.3660 0.200750
0.3665 0.200750
0.3670 0.200750
0.3675 0.200750
0.3680 0.200750
0.3685 0.200750
0.3690 0.200750
0.3695 0.200750
0.3700 0.200750
0.3705 0.200750
0.3710 0.200750
0.3715 0.201375
0.3720 0.201376
0.3725 0.201376
0.3730 0.201376
0.3735 0.201376
0.3740 0.201376
0.3745 0.203251
0.3750 0.207002
0.3755 0.207004
0.3760 0.207004
0.3765 0.207004
0.3770 0.207004
0.3775 0.207004
0.3780 0.207004
0.3785 0.207004
0.3790 0.207004
0.3795 0.207004
0.3800 0.268879
0.3805 0.268918
0.3810 0.269543
0.3815 0.270168
0.3820 0.270169
0.3825 0.282044
0.3830 0.282051
0.3835 0.282051
0.3840 0.283301
0.3845 0.283302
0.3850 0.283927
0.3855 0.284552
0.3860 0.285178
0.3865 0.287053
0.3870 0.287679
0.3875 0.290180
0.3880 0.290181
0.3885 0.290181
0.3890 0.290806
0.3895 0.290807
0.3900 0.290807
0.3905 0.290807
0.3910 0.290807
0.3915 0.290807
0.3920 0.290807
0.3925 0.292057
0.3930 0.302683
0.3935 0.303314
0.3940 0.303315
0.3945 0.303315
0.3950 0.303315
0.3955 0.303315
0.3960 0.303315
0.3965 0.303315
0.3970 0.303315
0.3975 0.303315
0.3980 0.303315
0.3985 0.303315
0.3990 0.303315
0.3995 0.303315
0.4000 0.303315
0.4005 0.303315
0.4010 0.303315
0.4015 0.303940
0.4020 0.303940
0.4025 0.303940
0.4030 0.305190
0.4035 0.305191
0.4040 0.306441
0.4045 0.307692
0.4050 0.307692
0.4055 0.307692
0.4060 0.307067
0.4065 0.307067
0.4070 0.307067
0.4075 0.308317
0.4080 0.308318
0.4085 0.308318
0.4090 0.310193
0.4095 0.310194
0.4100 0.310194
0.4105 0.310194
0.4110 0.310194
0.4115 0.310194
0.4120 0.310194
0.4125 0.310819
0.4130 0.310819
0.4135 0.310819
0.4140 0.310819
0.4145 0.311444
0.4150 0.311445
0.4155 0.311445
0.4160 0.311445
0.4165 0.312695
0.4170 0.312695
0.4175 0.312695
0.4180 0.312695
0.4185 0.312695
0.4190 0.312695
0.4195 0.312695
0.4200 0.315195
0.4205 0.315822
0.4210 0.316447
0.4215 0.317073
0.4220 0.317073
0.4225 0.324573
0.4230 0.324578
0.4235 0.324578
0.4240 0.324578
0.4245 0.324578
0.4250 0.325203
0.4255 0.326453
0.4260 0.326454
0.4265 0.326454
0.4270 0.326454
0.4275 0.326454
0.4280 0.326454
0.4285 0.328954
0.4290 0.328956
0.4295 0.328956
0.4300 0.328956
0.4305 0.329581
0.4310 0.330206
0.4315 0.329581
0.4320 0.330206
0.4325 0.330831
0.4330 0.330832
0.4335 0.332082
0.4340 0.332083
0.4345 0.332083
0.4350 0.332083
0.4355 0.332708
0.4360 0.333333
0.4365 0.334583
0.4370 0.334584
0.4375 0.334584
0.4380 0.335209
0.4385 0.335209
0.4390 0.335209
0.4395 0.336460
0.4400 0.336460
0.4405 0.337085
0.4410 0.337711
0.4415 0.337711
0.4420 0.337711
0.4425 0.338336
0.4430 0.342711
0.4435 0.344589
0.4440 0.345215
0.4445 0.345216
0.4450 0.345216
0.4455 0.345841
0.4460 0.345841
0.4465 0.347091
0.4470 0.347092
0.4475 0.347717
0.4480 0.347717
0.4485 0.354592
0.4490 0.354597
0.4495 0.354597
0.4500 0.355222
0.4505 0.355847
0.4510 0.355847
0.4515 0.355847
0.4520 0.357097
0.4525 0.358348
0.4530 0.358974
0.4535 0.359599
0.4540 0.359600
0.4545 0.359600
0.4550 0.359600
0.4555 0.359600
0.4560 0.359600
0.4565 0.359600
0.4570 0.360225
0.4575 0.360225
0.4580 0.361475
0.4585 0.361476
0.4590 0.361476
0.4595 0.365226
0.4600 0.365228
0.4605 0.366478
0.4610 0.368354
0.4615 0.368355
0.4620 0.370230
0.4625 0.371481
0.4630 0.371482
0.4635 0.376482
0.4640 0.376485
0.4645 0.377735
0.4650 0.377736
0.4655 0.378986
0.4660 0.380237
0.4665 0.380238
0.4670 0.380238
0.4675 0.381488
0.4680 0.381488
0.4685 0.381488
0.4690 0.383363
0.4695 0.383365
0.4700 0.382740
0.4705 0.383364
0.4710 0.383365
0.4715 0.383365
0.4720 0.383365
0.4725 0.383365
0.4730 0.383365
0.4735 0.383365
0.4740 0.383365
0.4745 0.383365
0.4750 0.383990
0.4755 0.383990
0.4760 0.383990
0.4765 0.383990
0.4770 0.385240
0.4775 0.385241
0.4780 0.385241
0.4785 0.385241
0.4790 0.385241
0.4795 0.385866
0.4800 0.385866
0.4805 0.387741
0.4810 0.387742
0.4815 0.387742
0.4820 0.387742
0.4825 0.388367
0.4830 0.388368
0.4835 0.388368
0.4840 0.388368
0.4845 0.388368
0.4850 0.388368
0.4855 0.390243
0.4860 0.390244
0.4865 0.392744
0.4870 0.397120
0.4875 0.397123
0.4880 0.400873
0.4885 0.401501
0.4890 0.402126
0.4895 0.403376
0.4900 0.403377
0.4905 0.403377
0.4910 0.403377
0.4915 0.404002
0.4920 0.404628
0.4925 0.404628
0.4930 0.404628
0.4935 0.405253
0.4940 0.406503
0.4945 0.406504
0.4950 0.406504
0.4955 0.408379
0.4960 0.409005
0.4965 0.410256
0.4970 0.410256
0.4975 0.410881
0.4980 0.412757
0.4985 0.413383
0.4990 0.413383
0.4995 0.414008
0.5000 0.414009
0.5005 0.414634
0.5010 0.414634
0.5015 0.415259
0.5020 0.415260
0.5025 0.415885
0.5030 0.415885
0.5035 0.415885
0.5040 0.416510
0.5045 0.416510
0.5050 0.416510
0.5055 0.416510
0.5060 0.417760
0.5065 0.418386
0.5070 0.423386
0.5075 0.423390
0.5080 0.424640
0.5085 0.425265
0.5090 0.427141
0.5095 0.427142
0.5100 0.427142
0.5105 0.427142
0.5110 0.427767
0.5115 0.427767
0.5120 0.427767
0.5125 0.427767
0.5130 0.427767
0.5135 0.428392
0.5140 0.429018
0.5145 0.429018
0.5150 0.430268
0.5155 0.430894
0.5160 0.432769
0.5165 0.432770
0.5170 0.434020
0.5175 0.434646
0.5180 0.435272
0.5185 0.436522
0.5190 0.436523
0.5195 0.437148
0.5200 0.437148
0.5205 0.437148
0.5210 0.437773
0.5215 0.438399
0.5220 0.438399
0.5225 0.438399
0.5230 0.438399
0.5235 0.439024
0.5240 0.439024
0.5245 0.442774
0.5250 0.443402
0.5255 0.444652
0.5260 0.445278
0.5265 0.445278
0.5270 0.440903
0.5275 0.440901
0.5280 0.440901
0.5285 0.440901
0.5290 0.440901
0.5295 0.440901
0.5300 0.440901
0.5305 0.441526
0.5310 0.441526
0.5315 0.443401
0.5320 0.443402
0.5325 0.443402
0.5330 0.443402
0.5335 0.444027
0.5340 0.444028
0.5345 0.444028
0.5350 0.444028
0.5355 0.444028
0.5360 0.444028
0.5365 0.444028
0.5370 0.444028
0.5375 0.444028
0.5380 0.444028
0.5385 0.444028
0.5390 0.445903
0.5395 0.445904
0.5400 0.445904
0.5405 0.445904
0.5410 0.445904
0.5415 0.447154
0.5420 0.447154
0.5425 0.447154
0.5430 0.447154
0.5435 0.447779
0.5440 0.447780
0.5445 0.447780
0.5450 0.448405
0.5455 0.449030
0.5460 0.449031
0.5465 0.449656
0.5470 0.449656
0.5475 0.449656
0.5480 0.450281
0.5485 0.450906
0.5490 0.450907
0.5495 0.449657
0.5500 0.449656
0.5505 0.449656
0.5510 0.450906
0.5515 0.451532
0.5520 0.451532
0.5525 0.452157
0.5530 0.451533
0.5535 0.451532
0.5540 0.461532
0.5545 0.462163
0.5550 0.462789
0.5555 0.464039
0.5560 0.464040
0.5565 0.465915
0.5570 0.465916
0.5575 0.467166
0.5580 0.469042
0.5585 0.469668
0.5590 0.469669
0.5595 0.469669
0.5600 0.469669
0.5605 0.469669
0.5610 0.469669
0.5615 0.470294
0.5620 0.472794
0.5625 0.478420
0.5630 0.478424
0.5635 0.478424
0.5640 0.479674
0.5645 0.480300
0.5650 0.480300
0.5655 0.480300
0.5660 0.482175
0.5665 0.486551
0.5670 0.487804
0.5675 0.487805
0.5680 0.489055
0.5685 0.489056
0.5690 0.489056
0.5695 0.489056
0.5700 0.489056
0.5705 0.489681
0.5710 0.491556
0.5715 0.490932
0.5720 0.492182
0.5725 0.492183
0.5730 0.492808
0.5735 0.492808
0.5740 0.493433
0.5745 0.493433
0.5750 0.496558
0.5755 0.496560
0.5760 0.500310
0.5765 0.500938
0.5770 0.500938
0.5775 0.500938
0.5780 0.501563
0.5785 0.501563
0.5790 0.501563
0.5795 0.502189
0.5800 0.502189
0.5805 0.502189
0.5810 0.502189
0.5815 0.502814
0.5820 0.503439
0.5825 0.504690
0.5830 0.505940
0.5835 0.506566
0.5840 0.509067
0.5845 0.509068
0.5850 0.512193
0.5855 0.512820
0.5860 0.514696
0.5865 0.515322
0.5870 0.515947
0.5875 0.515947
0.5880 0.515947
0.5885 0.516572
0.5890 0.516573
0.5895 0.516573
0.5900 0.520323
0.5905 0.522200
0.5910 0.524701
0.5915 0.524703
0.5920 0.524703
0.5925 0.525328
0.5930 0.525953
0.5935 0.525954
0.5940 0.525954
0.5945 0.525954
0.5950 0.527204
0.5955 0.527205
0.5960 0.527205
0.5965 0.527205
0.5970 0.529705
0.5975 0.529706
0.5980 0.529706
0.5985 0.532206
0.5990 0.532208
0.5995 0.534708
0.6000 0.534709
0.6005 0.534709
0.6010 0.534709
0.6015 0.534709
0.6020 0.535334
0.6025 0.537210
0.6030 0.537211
0.6035 0.537836
0.6040 0.537836
0.6045 0.537836
0.6050 0.540336
0.6055 0.540338
0.6060 0.540338
0.6065 0.540338
0.6070 0.540338
0.6075 0.540338
0.6080 0.540963
0.6085 0.541588
0.6090 0.542213
0.6095 0.542214
0.6100 0.544089
0.6105 0.544715
0.6110 0.544715
0.6115 0.545340
0.6120 0.545966
0.6125 0.547841
0.6130 0.549717
0.6135 0.549719
0.6140 0.549719
0.6145 0.549719
0.6150 0.549719
0.6155 0.549719
0.6160 0.553469
0.6165 0.553471
0.6170 0.553471
0.6175 0.554721
0.6180 0.554722
0.6185 0.554722
0.6190 0.554722
0.6195 0.555972
0.6200 0.556597
0.6205 0.556598
0.6210 0.556598
0.6215 0.556598
0.6220 0.557223
0.6225 0.557223
0.6230 0.557223
0.6235 0.557223
0.6240 0.557223
0.6245 0.557848
0.6250 0.557849
0.6255 0.557849
0.6260 0.559099
0.6265 0.560349
0.6270 0.561600
0.6275 0.561601
0.6280 0.561601
0.6285 0.561601
0.6290 0.564726
0.6295 0.565353
0.6300 0.565353
0.6305 0.565978
0.6310 0.565979
0.6315 0.566604
0.6320 0.566604
0.6325 0.566604
0.6330 0.567229
0.6335 0.567855
0.6340 0.569105
0.6345 0.569731
0.6350 0.573481
0.6355 0.574108
0.6360 0.575984
0.6365 0.577860
0.6370 0.578486
0.6375 0.578487
0.6380 0.578487
0.6385 0.578487
0.6390 0.579112
0.6395 0.579112
0.6400 0.579112
0.6405 0.579737
0.6410 0.579737
0.6415 0.579737
0.6420 0.579737
0.6425 0.582862
0.6430 0.582864
0.6435 0.582864
0.6440 0.583489
0.6445 0.583490
0.6450 0.583490
0.6455 0.595365
0.6460 0.595372
0.6465 0.595372
0.6470 0.595997
0.6475 0.596623
0.6480 0.596623
0.6485 0.597248
0.6490 0.599123
0.6495 0.599124
0.6500 0.599124
0.6505 0.599749
0.6510 0.600375
0.6515 0.603500
0.6520 0.603502
0.6525 0.603502
0.6530 0.604127
0.6535 0.604128
0.6540 0.604128
0.6545 0.604753
0.6550 0.607253
0.6555 0.609755
0.6560 0.609756
0.6565 0.609756
0.6570 0.609756
0.6575 0.609756
0.6580 0.611631
0.6585 0.611632
0.6590 0.612257
0.6595 0.612883
0.6600 0.613508
0.6605 0.613508
0.6610 0.616633
0.6615 0.617260
0.6620 0.617886
0.6625 0.618511
0.6630 0.619137
0.6635 0.619762
0.6640 0.621012
0.6645 0.621013
0.6650 0.621013
0.6655 0.622263
0.6660 0.622889
0.6665 0.623514
0.6670 0.624765
0.6675 0.624765
0.6680 0.624765
0.6685 0.625390
0.6690 0.625391
0.6695 0.629766
0.6700 0.630394
0.6705 0.632269
0.6710 0.632270
0.6715 0.632895
0.6720 0.632896
0.6725 0.633521
0.6730 0.633521
0.6735 0.634771
0.6740 0.634772
0.6745 0.634772
0.6750 0.634772
0.6755 0.634772
0.6760 0.635397
0.6765 0.635397
0.6770 0.635397
0.6775 0.635397
0.6780 0.635397
0.6785 0.635397
0.6790 0.636647
0.6795 0.637898
0.6800 0.638524
0.6805 0.638524
0.6810 0.639149
0.6815 0.639775
0.6820 0.639775
0.6825 0.639775
0.6830 0.639775
0.6835 0.640400
0.6840 0.641650
0.6845 0.641651
0.6850 0.644151
0.6855 0.644778
0.6860 0.645403
0.6865 0.645403
0.6870 0.645403
0.6875 0.646028
0.6880 0.646654
0.6885 0.647279
0.6890 0.647280
0.6895 0.647905
0.6900 0.649155
0.6905 0.652281
0.6910 0.653533
0.6915 0.653533
0.6920 0.653533
0.6925 0.654783
0.6930 0.655409
0.6935 0.655410
0.6940 0.656035
0.6945 0.656035
0.6950 0.656035
0.6955 0.656035
0.6960 0.656660
0.6965 0.657910
0.6970 0.657911
0.6975 0.659786
0.6980 0.660412
0.6985 0.661038
0.6990 0.662913
0.6995 0.664789
0.7000 0.671665
0.7005 0.671670
0.7010 0.672295
0.7015 0.674795
0.7020 0.674797
0.7025 0.675422
0.7030 0.676047
0.7035 0.676048
0.7040 0.674798
0.7045 0.675422
0.7050 0.676047
0.7055 0.676673
0.7060 0.676673
0.7065 0.677298
0.7070 0.677298
0.7075 0.677298
0.7080 0.677298
0.7085 0.677923
0.7090 0.678549
0.7095 0.678549
0.7100 0.678549
0.7105 0.679174
0.7110 0.674800
0.7115 0.674797
0.7120 0.674797
0.7125 0.675422
0.7130 0.677297
0.7135 0.677298
0.7140 0.677298
0.7145 0.677298
0.7150 0.677923
0.7155 0.682299
0.7160 0.682301
0.7165 0.682301
0.7170 0.682301
0.7175 0.683551
0.7180 0.683552
0.7185 0.683552
0.7190 0.683552
0.7195 0.684177
0.7200 0.685428
0.7205 0.686678
0.7210 0.687304
0.7215 0.687930
0.7220 0.689180
0.7225 0.689181
0.7230 0.690431
0.7235 0.690432
0.7240 0.691056
0.7245 0.692932
0.7250 0.692933
0.7255 0.694183
0.7260 0.694809
0.7265 0.694809
0.7270 0.694809
0.7275 0.694809
0.7280 0.695434
0.7285 0.695435
0.7290 0.696685
0.7295 0.696685
0.7300 0.696685
0.7305 0.699185
0.7310 0.700437
0.7315 0.701063
0.7320 0.701063
0.7325 0.701063
0.7330 0.701688
0.7335 0.702314
0.7340 0.702314
0.7345 0.702314
0.7350 0.702314
0.7355 0.702314
0.7360 0.704189
0.7365 0.704190
0.7370 0.707315
0.7375 0.707942
0.7380 0.709193
0.7385 0.709193
0.7390 0.709818
0.7395 0.709819
0.7400 0.710444
0.7405 0.711069
0.7410 0.711069
0.7415 0.711069
0.7420 0.711694
0.7425 0.711695
0.7430 0.715445
0.7435 0.715447
0.7440 0.716697
0.7445 0.716698
0.7450 0.717948
0.7455 0.719199
0.7460 0.719825
0.7465 0.719825
0.7470 0.721075
0.7475 0.721076
0.7480 0.721076
0.7485 0.722951
0.7490 0.722952
0.7495 0.722952
0.7500 0.723577
0.7505 0.723577
0.7510 0.723577
0.7515 0.723577
0.7520 0.723577
0.7525 0.724827
0.7530 0.724828
0.7535 0.724828
0.7540 0.725453
0.7545 0.726078
0.7550 0.726079
0.7555 0.726079
0.7560 0.726704
0.7565 0.727954
0.7570 0.728580
0.7575 0.728580
0.7580 0.728580
0.7585 0.729205
0.7590 0.729206
0.7595 0.729206
0.7600 0.729206
0.7605 0.729831
0.7610 0.732331
0.7615 0.733583
0.7620 0.733584
0.7625 0.735459
0.7630 0.735460
0.7635 0.736085
0.7640 0.736085
0.7645 0.737335
0.7650 0.737961
0.7655 0.738586
0.7660 0.738587
0.7665 0.738587
0.7670 0.739212
0.7675 0.739212
0.7680 0.739212
0.7685 0.740462
0.7690 0.741088
0.7695 0.741713
0.7700 0.741714
0.7705 0.741714
0.7710 0.742339
0.7715 0.742964
0.7720 0.742964
0.7725 0.742964
0.7730 0.744214
0.7735 0.744215
0.7740 0.744215
0.7745 0.744840
0.7750 0.744841
0.7755 0.744841
0.7760 0.744841
0.7765 0.744841
0.7770 0.744841
0.7775 0.745466
0.7780 0.745466
0.7785 0.746091
0.7790 0.746091
0.7795 0.746091
0.7800 0.746091
0.7805 0.746091
0.7810 0.746716
0.7815 0.746717
0.7820 0.747342
0.7825 0.747342
0.7830 0.747342
0.7835 0.749217
0.7840 0.749218
0.7845 0.749843
0.7850 0.751094
0.7855 0.751094
0.7860 0.752969
0.7865 0.753596
0.7870 0.753596
0.7875 0.755471
0.7880 0.756097
0.7885 0.756098
0.7890 0.756723
0.7895 0.757973
0.7900 0.762974
0.7905 0.763602
0.7910 0.767352
0.7915 0.767355
0.7920 0.767355
0.7925 0.767980
0.7930 0.767980
0.7935 0.767980
0.7940 0.767980
0.7945 0.767980
0.7950 0.772980
0.7955 0.772983
0.7960 0.773608
0.7965 0.773609
0.7970 0.774234
0.7975 0.774859
0.7980 0.775484
0.7985 0.777985
0.7990 0.779861
0.7995 0.780487
0.8000 0.786738
0.8005 0.787367
0.8010 0.788617
0.8015 0.789243
0.8020 0.789243
0.8025 0.789243
0.8030 0.789243
0.8035 0.789243
0.8040 0.789243
0.8045 0.790493
0.8050 0.790494
0.8055 0.791119
0.8060 0.787994
0.8065 0.788617
0.8070 0.788618
0.8075 0.789243
0.8080 0.789243
0.8085 0.789243
0.8090 0.789243
0.8095 0.789243
0.8100 0.790493
0.8105 0.790494
0.8110 0.791119
0.8115 0.791744
0.8120 0.792370
0.8125 0.792370
0.8130 0.792370
0.8135 0.794870
0.8140 0.794872
0.8145 0.794872
0.8150 0.794872
0.8155 0.795497
0.8160 0.796747
0.8165 0.796748
0.8170 0.797998
0.8175 0.797999
0.8180 0.797999
0.8185 0.797999
0.8190 0.798624
0.8195 0.799874
0.8200 0.800500
0.8205 0.801750
0.8210 0.801751
0.8215 0.801751
0.8220 0.801751
0.8225 0.802376
0.8230 0.803001
0.8235 0.805502
0.8240 0.806753
0.8245 0.806754
0.8250 0.807379
0.8255 0.808005
0.8260 0.809880
0.8265 0.809881
0.8270 0.809881
0.8275 0.809881
0.8280 0.811131
0.8285 0.811757
0.8290 0.812382
0.8295 0.813633
0.8300 0.820508
0.8305 0.821138
0.8310 0.822388
0.8315 0.823014
0.8320 0.823014
0.8325 0.823014
0.8330 0.823639
0.8335 0.823640
0.8340 0.823640
0.8345 0.823640
0.8350 0.823640
0.8355 0.823640
0.8360 0.824265
0.8365 0.824265
0.8370 0.824890
0.8375 0.824891
0.8380 0.824891
0.8385 0.824891
0.8390 0.826141
0.8395 0.828016
0.8400 0.828017
0.8405 0.829268
0.8410 0.829893
0.8415 0.829894
0.8420 0.829894
0.8425 0.830519
0.8430 0.830519
0.8435 0.831144
0.8440 0.831769
0.8445 0.831770
0.8450 0.831770
0.8455 0.832395
0.8460 0.833020
0.8465 0.833646
0.8470 0.834271
0.8475 0.834271
0.8480 0.834271
0.8485 0.834271
0.8490 0.834271
0.8495 0.836771
0.8500 0.838648
0.8505 0.839274
0.8510 0.839900
0.8515 0.839900
0.8520 0.840525
0.8525 0.840525
0.8530 0.841150
0.8535 0.841776
0.8540 0.841776
0.8545 0.843026
0.8550 0.843652
0.8555 0.844277
0.8560 0.844278
0.8565 0.844903
0.8570 0.844903
0.8575 0.845528
0.8580 0.845528
0.8585 0.845528
0.8590 0.846153
0.8595 0.846779
0.8600 0.847404
0.8605 0.848030
0.8610 0.848030
0.8615 0.848655
0.8620 0.849905
0.8625 0.851156
0.8630 0.852407
0.8635 0.852408
0.8640 0.853658
0.8645 0.854909
0.8650 0.855534
0.8655 0.856160
0.8660 0.856785
0.8665 0.858036
0.8670 0.858036
0.8675 0.858661
0.8680 0.859912
0.8685 0.860537
0.8690 0.860538
0.8695 0.861163
0.8700 0.861788
0.8705 0.862414
0.8710 0.862414
0.8715 0.863039
0.8720 0.863039
0.8725 0.863039
0.8730 0.864289
0.8735 0.864290
0.8740 0.864915
0.8745 0.865541
0.8750 0.867416
0.8755 0.867417
0.8760 0.868042
0.8765 0.868668
0.8770 0.869293
0.8775 0.869918
0.8780 0.870544
0.8785 0.871169
0.8790 0.871794
0.8795 0.872420
0.8800 0.873670
0.8805 0.873671
0.8810 0.873671
0.8815 0.873671
0.8820 0.873671
0.8825 0.873671
0.8830 0.873671
0.8835 0.874921
0.8840 0.876172
0.8845 0.878048
0.8850 0.878674
0.8855 0.879924
0.8860 0.879925
0.8865 0.880550
0.8870 0.880550
0.8875 0.881175
0.8880 0.883051
0.8885 0.883052
0.8890 0.884302
0.8895 0.884303
0.8900 0.884303
0.8905 0.884303
0.8910 0.884303
0.8915 0.885553
0.8920 0.885553
0.8925 0.885553
0.8930 0.885553
0.8935 0.886803
0.8940 0.887429
0.8945 0.888055
0.8950 0.888680
0.8955 0.889305
0.8960 0.889931
0.8965 0.889931
0.8970 0.891806
0.8975 0.893682
0.8980 0.894309
0.8985 0.894934
0.8990 0.890559
0.8995 0.890557
0.9000 0.890557
0.9005 0.891807
0.9010 0.891807
0.9015 0.891807
0.9020 0.892432
0.9025 0.892433
0.9030 0.893058
0.9035 0.893683
0.9040 0.894309
0.9045 0.895559
0.9050 0.895560
0.9055 0.895560
0.9060 0.896185
0.9065 0.896810
0.9070 0.897436
0.9075 0.898061
0.9080 0.898686
0.9085 0.899937
0.9090 0.899937
0.9095 0.899937
0.9100 0.899937
0.9105 0.901187
0.9110 0.901188
0.9115 0.903063
0.9120 0.905564
0.9125 0.905566
0.9130 0.913066
0.9135 0.913071
0.9140 0.913696
0.9145 0.913696
0.9150 0.914946
0.9155 0.914947
0.9160 0.914947
0.9165 0.917447
0.9170 0.918073
0.9175 0.919324
0.9180 0.919325
0.9185 0.920575
0.9190 0.921200
0.9195 0.921201
0.9200 0.921201
0.9205 0.921201
0.9210 0.921826
0.9215 0.921826
0.9220 0.923701
0.9225 0.924327
0.9230 0.924953
0.9235 0.925578
0.9240 0.919953
0.9245 0.920575
0.9250 0.920575
0.9255 0.920575
0.9260 0.921200
0.9265 0.921826
0.9270 0.923076
0.9275 0.923702
0.9280 0.924327
0.9285 0.924953
0.9290 0.926828
0.9295 0.927454
0.9300 0.927455
0.9305 0.927455
0.9310 0.927455
0.9315 0.928080
0.9320 0.928080
0.9325 0.928080
0.9330 0.928705
0.9335 0.929330
0.9340 0.929331
0.9345 0.929956
0.9350 0.930581
0.9355 0.930582
0.9360 0.930582
0.9365 0.930582
0.9370 0.930582
0.9375 0.930582
0.9380 0.931207
0.9385 0.931207
0.9390 0.931207
0.9395 0.938082
0.9400 0.938086
0.9405 0.938086
0.9410 0.938086
0.9415 0.939336
0.9420 0.939962
0.9425 0.943087
0.9430 0.943089
0.9435 0.943714
0.9440 0.944340
0.9445 0.944965
0.9450 0.945591
0.9455 0.945591
0.9460 0.945591
0.9465 0.946841
0.9470 0.947467
0.9475 0.948092
0.9480 0.949343
0.9485 0.949343
0.9490 0.949968
0.9495 0.950594
0.9500 0.951844
0.9505 0.951845
0.9510 0.951845
0.9515 0.951845
0.9520 0.951845
0.9525 0.953720
0.9530 0.954346
0.9535 0.954346
0.9540 0.954971
0.9545 0.956222
0.9550 0.956848
0.9555 0.957473
0.9560 0.957473
0.9565 0.957473
0.9570 0.957473
0.9575 0.958723
0.9580 0.958724
0.9585 0.958724
0.9590 0.959349
0.9595 0.959975
0.9600 0.960600
0.9605 0.960600
0.9610 0.961225
0.9615 0.961226
0.9620 0.961226
0.9625 0.962476
0.9630 0.962476
0.9635 0.962476
0.9640 0.962476
0.9645 0.962476
0.9650 0.963102
0.9655 0.963727
0.9660 0.963727
0.9665 0.963727
0.9670 0.964977
0.9675 0.966228
0.9680 0.966229
0.9685 0.966229
0.9690 0.966229
0.9695 0.967479
0.9700 0.967480
0.9705 0.968105
0.9710 0.968730
0.9715 0.969355
0.9720 0.969356
0.9725 0.969356
0.9730 0.969981
0.9735 0.969981
0.9740 0.969981
0.9745 0.969981
0.9750 0.970606
0.9755 0.971232
0.9760 0.971857
0.9765 0.972482
0.9770 0.973108
0.9775 0.973733
0.9780 0.975609
0.9785 0.976860
0.9790 0.978110
0.9795 0.978111
0.9800 0.978111
0.9805 0.978736
0.9810 0.978737
0.9815 0.979362
0.9820 0.979362
0.9825 0.979362
0.9830 0.979362
0.9835 0.981237
0.9840 0.981238
0.9845 0.981863
0.9850 0.981864
0.9855 0.982489
0.9860 0.982489
0.9865 0.982489
0.9870 0.982489
0.9875 0.982489
0.9880 0.982489
0.9885 0.983114
0.9890 0.983114
0.9895 0.983114
0.9900 0.983739
0.9905 0.984365
0.9910 0.984990
0.9915 0.986241
0.9920 0.986241
0.9925 0.986866
0.9930 0.988117
0.9935 0.988743
0.9940 0.989993
0.9945 0.991244
0.9950 0.992495
0.9955 0.993120
0.9960 0.995621
0.9965 0.996247
0.9970 0.998123
0.9975 0.998124
0.9980 0.998124
0.9985 0.999374
0.9990 0.999375
0.9995 1.000000
