0.010000 0.000000
0.020000 0.000000
0.030000 0.000000
0.040000 0.000000
0.050000 0.000000
0.060000 0.000000
0.070000 0.000000
0.080000 0.000000
0.090000 0.000243
0.100000 0.000243
0.110000 0.000485
0.120000 0.000971
0.130000 0.000971
0.140000 0.001941
0.150000 0.003883
0.160000 0.005339
0.170000 0.008008
0.180000 0.017957
0.190000 0.030332
0.200000 0.054598
0.210000 0.080806
0.220000 0.118418
0.230000 0.165979
0.240000 0.239748
0.250000 0.335356
0.260000 0.447222
0.270000 0.600097
0.280000 0.744237
0.290000 0.909731
0.300000 1.106285
0.310000 1.291434
0.320000 1.537491
0.330000 1.824072
0.340000 2.081048
0.350000 2.330745
0.360000 2.557632
0.370000 2.791556
0.380000 2.997573
0.390000 3.187091
0.400000 3.316185
0.410000 3.432419
0.420000 3.501335
0.430000 3.544771
0.440000 3.594031
0.450000 3.534336
0.460000 3.435331
0.470000 3.341422
0.480000 3.168648
0.490000 2.982043
0.500000 2.800291
0.510000 2.601310
0.520000 2.389954
0.530000 2.185392
0.540000 1.952924
0.550000 1.752730
0.560000 1.543557
0.570000 1.341422
0.580000 1.171560
0.590000 1.019170
0.600000 0.879884
0.610000 0.736472
0.620000 0.603494
0.630000 0.498180
0.640000 0.411065
0.650000 0.329046
0.660000 0.276875
0.670000 0.212812
0.680000 0.168406
0.690000 0.128852
0.700000 0.096579
0.710000 0.074011
0.720000 0.053142
0.730000 0.047319
0.740000 0.034215
0.750000 0.025965
0.760000 0.015773
0.770000 0.010192
0.780000 0.007280
0.790000 0.005581
0.800000 0.003155
0.810000 0.002912
0.820000 0.002427
0.830000 0.001456
0.839999 0.000971
0.849999 0.000485
0.859999 0.000243
0.869999 0.000243
0.879999 0.000000
0.889999 0.000000
0.899999 0.000000
0.909999 0.000000
0.919999 0.000000
0.929999 0.000000
0.939999 0.000000
0.949999 0.000000
0.959999 0.000000
0.969999 0.000000
0.979999 0.000000
0.989999 0.000000
0.999999 0.000000
-0.152200
0.010000 0.000000
0.020000 0.000000
0.030000 0.000000
0.040000 0.000000
0.050000 0.000000
0.060000 0.000000
0.070000 0.000000
0.080000 0.000000
0.090000 0.000243
0.100000 0.000243
0.110000 0.000485
0.120000 0.000971
0.130000 0.000971
0.140000 0.001941
0.150000 0.003883
0.160000 0.005339
0.170000 0.008008
0.180000 0.017957
0.190000 0.030332
0.200000 0.054598
0.010000 0.000000
0.020000 0.000000
0.030000 0.000000
0.040000 0.000000
0.010000 0.000000
0.020000 0.000000
0.030000 0.000000
0.040000 0.000000
