0.010000 0.000000
0.020000 0.000000
0.030000 0.000000
0.040000 0.000000
0.050000 0.000000
0.060000 0.000000
0.070000 0.000000
0.080000 0.000000
0.090000 0.000000
0.100000 0.000000
0.110000 0.000000
0.120000 0.000000
0.130000 0.000000
0.140000 0.000000
0.150000 0.000000
0.160000 0.000000
0.170000 0.000000
0.180000 0.000000
0.190000 0.000000
0.200000 0.000000
0.210000 0.000000
0.220000 0.000000
0.230000 0.000000
0.240000 0.000000
0.250000 0.002245
0.260000 0.000000
0.270000 0.007856
0.280000 0.011223
0.290000 0.016835
0.300000 0.026936
0.310000 0.057239
0.320000 0.088664
0.330000 0.131313
0.340000 0.187430
0.350000 0.273850
0.360000 0.392817
0.370000 0.537598
0.380000 0.723906
0.390000 0.945006
0.400000 1.184063
0.410000 1.452301
0.420000 1.619529
0.430000 1.909091
0.440000 2.184063
0.450000 2.374860
0.460000 2.492705
0.470000 2.710438
0.480000 2.886644
0.490000 2.863075
0.500000 2.750842
0.510000 2.567901
0.520000 2.456790
0.530000 2.299663
0.540000 2.217733
0.550000 1.993266
0.560000 1.795735
0.570000 1.479237
0.580000 1.168350
0.590000 1.067340
0.600000 0.855219
0.610000 0.698092
0.620000 0.565657
0.630000 0.437710
0.640000 0.322110
0.650000 0.248036
0.660000 0.154882
0.670000 0.134680
0.680000 0.103255
0.690000 0.066218
0.700000 0.061728
0.710000 0.038159
0.720000 0.029181
0.730000 0.013468
0.740000 0.008979
0.750000 0.004489
0.760000 0.001122
0.770000 0.002245
0.780000 0.001122
0.790000 0.001122
0.800000 0.001122
0.810000 0.002245
0.820000 0.001122
0.830000 0.000000
0.839999 0.000000
0.849999 0.000000
0.859999 0.000000
0.869999 0.000000
0.879999 0.000000
0.889999 0.000000
0.899999 0.000000
0.909999 0.000000
0.919999 0.000000
0.929999 0.000000
0.939999 0.000000
0.949999 0.000000
0.959999 0.000000
0.969999 0.000000
0.979999 0.000000
0.989999 0.000000
0.999999 0.000000
0.217800
0.010000 0.000000
0.020000 0.000000
0.030000 0.000000
0.040000 0.000000
0.050000 0.000000
0.060000 0.000000
0.070000 0.000000
0.080000 0.000000
0.090000 0.000000
0.100000 0.000000
0.110000 0.000000
0.120000 0.000000
0.130000 0.000000
0.140000 0.000000
0.150000 0.000000
0.160000 0.000000
0.170000 0.000000
0.180000 0.000000
0.190000 0.000000
0.200000 0.000000
0.010000 0.000000
0.020000 0.000000
0.030000 0.000000
0.040000 0.000000
0.010000 0.000000
0.020000 0.000000
0.030000 0.000000
0.040000 0.000000
