0.010000 0.000000
0.020000 0.000000
0.030000 0.000000
0.040000 0.000000
0.050000 0.000000
0.060000 0.000000
0.070000 0.000000
0.080000 0.000000
0.090000 0.000000
0.100000 0.000000
0.110000 0.000000
0.120000 0.000000
0.130000 0.000311
0.140000 0.000622
0.150000 0.000933
0.160000 0.003109
0.170000 0.004975
0.180000 0.006219
0.190000 0.013060
0.200000 0.023010
0.210000 0.042289
0.220000 0.060012
0.230000 0.094838
0.240000 0.139925
0.250000 0.192786
0.260000 0.277674
0.270000 0.375000
0.280000 0.491915
0.290000 0.637127
0.300000 0.815920
0.310000 0.990672
0.320000 1.185323
0.330000 1.419465
0.340000 1.676306
0.350000 1.933769
0.360000 2.195274
0.370000 2.481965
0.380000 2.696207
0.390000 2.921331
0.400000 3.138060
0.410000 3.309391
0.420000 3.396144
0.430000 3.464552
0.440000 3.495647
0.450000 3.490672
0.460000 3.449316
0.470000 3.340174
0.480000 3.182525
0.490000 3.086754
0.500000 2.920398
0.510000 2.687811
0.520000 2.473881
0.530000 2.254353
0.540000 2.062811
0.550000 1.844527
0.560000 1.638371
0.570000 1.420087
0.580000 1.189366
0.590000 1.039801
0.600000 0.900187
0.610000 0.747512
0.620000 0.620958
0.630000 0.507774
0.640000 0.429726
0.650000 0.338930
0.660000 0.269901
0.670000 0.218595
0.680000 0.163557
0.690000 0.136194
0.700000 0.108520
0.710000 0.080224
0.720000 0.056592
0.730000 0.042289
0.740000 0.030473
0.750000 0.026119
0.760000 0.018346
0.770000 0.012127
0.780000 0.007463
0.790000 0.004353
0.800000 0.003420
0.810000 0.001555
0.820000 0.001244
0.830000 0.001555
0.839999 0.001244
0.849999 0.000311
0.859999 0.000933
0.869999 0.000622
0.879999 0.000622
0.889999 0.000622
0.899999 0.000311
0.909999 0.000000
0.919999 0.000000
0.929999 0.000000
0.939999 0.000000
0.949999 0.000000
0.959999 0.000000
0.969999 0.000000
0.979999 0.000000
0.989999 0.000000
0.999999 0.000000
0.267799
0.010000 0.000000
0.020000 0.000000
0.030000 0.000000
0.040000 0.000000
0.050000 0.000000
0.060000 0.000000
0.070000 0.000000
0.080000 0.000000
0.090000 0.000000
0.100000 0.000000
0.110000 0.000000
0.120000 0.000000
0.130000 0.000311
0.140000 0.000622
0.150000 0.000933
0.160000 0.003109
0.170000 0.004975
0.180000 0.006219
0.190000 0.013060
0.200000 0.023010
0.010000 0.000000
0.020000 0.000000
0.030000 0.000000
0.040000 0.000000
0.010000 0.000000
0.020000 0.000000
0.030000 0.000000
0.040000 0.000000
