0.010000 0.000000
0.020000 0.000000
0.030000 0.000000
0.040000 0.000000
0.050000 0.000000
0.060000 0.000000
0.070000 0.000000
0.080000 0.000000
0.090000 0.000000
0.100000 0.000000
0.110000 0.000000
0.120000 0.000000
0.130000 0.000000
0.140000 0.000000
0.150000 0.000000
0.160000 0.000000
0.170000 0.000000
0.180000 0.000000
0.190000 0.000000
0.200000 0.000641
0.210000 0.003207
0.220000 0.004490
0.230000 0.003849
0.240000 0.010263
0.250000 0.019885
0.260000 0.034638
0.270000 0.059012
0.280000 0.087235
0.290000 0.134060
0.300000 0.205260
0.310000 0.283515
0.320000 0.385504
0.330000 0.522771
0.340000 0.689545
0.350000 0.898653
0.360000 1.085311
0.370000 1.340603
0.380000 1.640795
0.390000 1.828095
0.400000 2.091084
0.410000 2.377806
0.420000 2.599743
0.430000 2.809493
0.440000 3.044259
0.450000 3.154586
0.460000 3.225786
0.470000 3.245029
0.480000 3.146889
0.490000 3.144965
0.500000 2.939705
0.510000 2.762027
0.520000 2.600385
0.530000 2.381655
0.540000 2.202053
0.550000 1.970494
0.560000 1.738935
0.570000 1.497755
0.580000 1.273894
0.590000 1.038486
0.600000 0.874278
0.610000 0.691469
0.620000 0.558050
0.630000 0.457344
0.640000 0.368826
0.650000 0.314945
0.660000 0.243746
0.670000 0.187941
0.680000 0.137909
0.690000 0.100064
0.700000 0.072482
0.710000 0.058371
0.720000 0.047466
0.730000 0.031430
0.740000 0.023733
0.750000 0.010263
0.760000 0.008339
0.770000 0.005773
0.780000 0.004490
0.790000 0.004490
0.800000 0.001283
0.810000 0.000000
0.820000 0.000000
0.830000 0.000000
0.839999 0.000641
0.849999 0.000641
0.859999 0.000000
0.869999 0.000000
0.879999 0.000000
0.889999 0.000000
0.899999 0.000000
0.909999 0.000000
0.919999 0.000000
0.929999 0.000000
0.939999 0.000000
0.949999 0.000000
0.959999 0.000000
0.969999 0.000000
0.979999 0.000000
0.989999 0.000000
0.999999 0.000000
0.247800
0.010000 0.000000
0.020000 0.000000
0.030000 0.000000
0.040000 0.000000
0.050000 0.000000
0.060000 0.000000
0.070000 0.000000
0.080000 0.000000
0.090000 0.000000
0.100000 0.000000
0.110000 0.000000
0.120000 0.000000
0.130000 0.000000
0.140000 0.000000
0.150000 0.000000
0.160000 0.000000
0.170000 0.000000
0.180000 0.000000
0.190000 0.000000
0.200000 0.000641
0.010000 0.000000
0.020000 0.000000
0.030000 0.000000
0.040000 0.000000
0.010000 0.000000
0.020000 0.000000
0.030000 0.000000
0.040000 0.000000
