0.010000 0.000000
0.020000 0.000000
0.030000 0.000000
0.040000 0.000000
0.050000 0.000000
0.060000 0.000000
0.070000 0.000000
0.080000 0.000000
0.090000 0.000000
0.100000 0.000000
0.110000 0.000000
0.120000 0.000000
0.130000 0.000000
0.140000 0.000000
0.150000 0.000000
0.160000 0.000000
0.170000 0.000000
0.180000 0.000000
0.190000 0.000000
0.200000 0.000000
0.210000 0.000762
0.220000 0.001524
0.230000 0.002287
0.240000 0.006098
0.250000 0.012195
0.260000 0.019817
0.270000 0.027439
0.280000 0.049543
0.290000 0.073933
0.300000 0.109756
0.310000 0.176829
0.320000 0.248476
0.330000 0.370427
0.340000 0.503811
0.350000 0.667683
0.360000 0.824695
0.370000 1.018293
0.380000 1.255335
0.390000 1.516006
0.400000 1.749238
0.410000 1.996189
0.420000 2.307165
0.430000 2.570884
0.440000 2.698171
0.450000 2.836128
0.460000 2.948933
0.470000 3.051067
0.480000 3.070884
0.490000 2.983994
0.500000 2.896341
0.510000 2.747713
0.520000 2.634146
0.530000 2.395579
0.540000 2.150915
0.550000 1.931402
0.560000 1.710366
0.570000 1.459604
0.580000 1.281250
0.590000 1.033537
0.600000 0.860518
0.610000 0.676067
0.620000 0.538110
0.630000 0.435213
0.640000 0.314024
0.650000 0.243140
0.660000 0.198171
0.670000 0.156250
0.680000 0.115854
0.690000 0.082317
0.700000 0.062500
0.710000 0.045732
0.720000 0.035823
0.730000 0.024390
0.740000 0.013720
0.750000 0.012957
0.760000 0.009909
0.770000 0.006860
0.780000 0.003811
0.790000 0.003811
0.800000 0.003049
0.810000 0.002287
0.820000 0.000000
0.830000 0.000000
0.839999 0.000000
0.849999 0.000000
0.859999 0.000000
0.869999 0.000000
0.879999 0.000000
0.889999 0.000000
0.899999 0.000000
0.909999 0.000000
0.919999 0.000000
0.929999 0.000000
0.939999 0.000000
0.949999 0.000000
0.959999 0.000000
0.969999 0.000000
0.979999 0.000000
0.989999 0.000000
0.999999 0.000000
-0.112200
0.010000 0.000000
0.020000 0.000000
0.030000 0.000000
0.040000 0.000000
0.050000 0.000000
0.060000 0.000000
0.070000 0.000000
0.080000 0.000000
0.090000 0.000000
0.100000 0.000000
0.110000 0.000000
0.120000 0.000000
0.130000 0.000000
0.140000 0.000000
0.150000 0.000000
0.160000 0.000000
0.170000 0.000000
0.180000 0.000000
0.190000 0.000000
0.200000 0.000000
0.010000 0.000000
0.020000 0.000000
0.030000 0.000000
0.040000 0.000000
0.010000 0.000000
0.020000 0.000000
0.030000 0.000000
0.040000 0.000000
