Vs+E_c p
-0.183548 1.024000
1.957087 1.047519
0.291316 1.048195
3.439848 1.049291
0.110217 1.052126
3.296019 1.054464
0.001922 1.060032
3.132745 1.064643
-0.054333 1.073612
3.012495 1.079540
-0.083843 1.092249
2.923452 1.099630
-0.099668 1.116968
2.856545 1.125802
-0.107888 1.149037
2.805877 1.159704
-0.111531 1.190613
2.767609 1.203031
-0.112229 1.243934
2.739279 1.259397
-0.110856 1.313357
2.719339 1.331923
-0.107789 1.402544
2.706709 1.424761
-0.103032 1.518225
2.700227 1.544734
-0.096289 1.667727
2.697840 1.699284
-0.087010 1.861273
2.695237 1.898781
-0.074406 2.111946
2.683354 2.156470
-0.057445 2.437488
2.646338 2.490283
-0.034877 2.858043
2.559096 2.920536
-0.005405 3.395430
2.393417 3.469168
0.031992 4.067658
2.139228 4.154192
0.077491 4.876930
1.830084 4.977621
0.130093 5.805425
1.531945 5.921356
0.187966 6.820172
1.295197 6.952296
0.249212 7.885779
1.131240 8.035280
0.312331 8.972409
1.028252 9.141153
0.376320 10.057246
0.970086 10.248243
0.440653 11.124274
0.943675 11.342092
0.505281 12.164739
0.939951 12.415723
0.570562 13.178186
0.953017 13.470123
0.637023 14.173087
0.979137 14.513819
0.704952 15.165609
1.015883 15.560524
0.774170 16.175515
1.061523 16.625234
0.844370 17.220155
1.114667 17.720481
0.915669 18.312054
1.174197 18.856414
0.988669 19.456355
1.239247 20.038386
1.064151 20.656947
1.309252 21.272245
1.142809 21.914848
1.383913 22.562867
1.225159 23.232759
1.463114 23.910631
1.311492 24.609333
1.546756 25.318754
1.401903 26.047620
1.634699 26.785712
1.496229 27.541615
1.726525 28.303943
1.593886 29.081371
1.821322 29.859995
1.693576 30.644813
1.917208 31.420846
1.792691 32.189505
2.010546 32.927850
1.886340 33.632816
2.095019 34.273442
1.966909 34.841100
2.162054 35.301524
2.025536 35.647819
2.203265 35.855118
2.055256 35.928637
2.214040 35.857585
2.054739 35.663436
2.196682 35.347007
2.029480 34.941596
2.158798 34.455812
1.988201 33.926176
2.109362 33.356759
1.939479 32.778689
2.055964 32.188665
1.889551 31.609720
2.003322 31.032361
1.841769 30.475490
1.953687 29.926443
1.797589 29.401479
1.907950 28.887279
1.757522 28.399520
1.866368 27.923294
1.721638 27.474759
1.828903 27.037601
1.689804 26.627475
1.795404 26.228582
1.661800 25.855885
1.765655 25.494620
1.637364 25.158863
1.739438 24.834241
1.616221 24.532816
1.716543 24.241103
1.598106 23.971328
1.696777 23.710758
1.582756 23.469846
1.679956 23.237361
1.569937 23.022739
1.665945 22.815767
1.559436 22.625114
1.654601 22.441222
1.551055 22.271259
1.645800 22.107629
1.544630 21.956801
1.639430 21.812430
1.540017 21.679983
1.635357 21.553725
1.537103 21.438002
1.633460 21.328670
1.535794 21.228830
1.633581 21.134676
1.536029 21.050285
1.635562 20.971837
1.537765 20.901645
1.639227 20.837929
1.540979 20.781651
1.644384 20.732310
1.545649 20.691136
1.650832 20.657319
1.551758 20.630235
1.658376 20.612591
1.559315 20.602627
1.666849 20.601832
1.568310 20.608421
1.676070 20.623530
1.578726 20.644468
1.685881 20.673810
1.590557 20.709347
1.696168 20.752102
1.603780 20.800449
1.706845 20.856612
1.618381 20.916975
1.717878 20.983942
1.634317 21.054782
1.729268 21.131382
1.651534 21.211901
1.741065 21.298002
1.669955 21.387204
1.753331 21.482187
1.689474 21.579267
1.766147 21.682018
1.709928 21.787331
1.779552 21.896884
1.731134 22.009296
1.793589 22.126097
1.752889 22.245711
1.808240 22.368502
1.774944 22.494440
1.823463 22.624605
1.797091 22.758021
1.839220 22.895580
1.819153 23.037178
1.855483 23.183632
1.841023 23.336561
1.872278 23.496009
1.862705 23.663847
1.889694 23.839863
1.884305 24.027622
1.907896 24.225671
1.906031 24.438393
1.927104 24.662837
1.928174 24.904093
1.947589 25.158856
1.951060 25.433161
1.969618 25.721709
1.974983 26.032012
1.993415 26.356143
2.000137 26.703640
2.019106 27.062746
2.026497 27.446616
2.046603 27.836104
2.053588 28.249817
2.075319 28.654783
2.079980 29.079078
2.103476 29.462667
2.102357 29.848795
2.126345 30.134564
2.114243 30.398464
2.133361 30.493886
2.109066 30.559067
2.113624 30.431604
2.086684 30.256077
2.071109 29.930606
2.043439 29.526233
2.014931 29.037383
1.981872 28.492909
1.948798 27.916866
1.913722 27.330940
1.880510 26.753373
1.846698 26.197147
1.815731 25.671678
1.784808 25.184400
1.757116 24.738498
1.729642 24.334466
1.705426 23.974236
1.681351 23.656147
1.660370 23.379866
1.639307 23.143586
1.621061 22.944693
1.602449 22.780981
1.586295 22.647624
1.569436 22.540438
1.554611 22.452832
1.538691 22.380858
1.524308 22.318228
1.508383 22.259297
1.493410 22.195650
1.476402 22.121657
1.459700 22.029710
1.440496 21.912300
1.421022 21.764469
1.398769 21.580249
1.375959 21.358772
1.350503 21.100036
1.324631 20.807488
1.296669 20.485558
1.268748 20.140746
1.239514 19.780840
1.210869 19.412435
1.181662 19.042302
1.153485 18.677043
1.125343 18.321149
1.098494 17.979446
1.072094 17.654445
1.047106 17.348741
1.022825 17.064312
0.999953 16.800774
0.977932 16.558076
0.957244 16.336384
0.937459 16.133955
0.918898 15.950821
0.901241 15.766186
0.884681 15.619228
0.868996 15.487940
0.854285 15.371196
0.840394 15.268513
0.827365 15.177679
0.815096 15.098659
0.803597 15.030120
0.792800 14.971964
0.782697 14.922393
0.773241 14.857580
0.764422 14.824539
0.756209 14.798011
0.748589 14.778768
0.741545 14.765730
0.735059 14.758818
0.729121 14.757881
0.723721 14.763006
0.718850 14.773951
0.714497 14.790591
0.710649 14.812766
0.707296 14.840863
0.704426 14.874389
0.702023 14.913169
0.700070 14.957176
0.698544 15.005911
0.697422 15.058922
0.696675 15.115986
0.696273 15.176313
0.696179 15.239313
0.696349 15.304662
0.696741 15.370952
0.697308 15.437132
0.697997 15.502139
0.698752 15.565198
0.699519 15.624785
0.700239 15.679317
0.700858 15.727801
0.701324 15.769854
0.701592 15.803915
0.701618 15.828846
0.701370 15.844244
0.700820 15.849201
0.699956 15.843773
0.698769 15.828071
0.697266 15.801714
0.695460 15.737252
0.693380 15.690715
0.691063 15.635576
0.688549 15.573673
0.685893 15.505403
0.683152 15.432815
0.680383 15.357731
0.677654 15.281673
0.675024 15.206450
0.672552 15.133261
0.670293 15.063878
0.668298 15.000350
0.666616 14.943439
0.665283 14.893750
0.664330 14.853127
0.663783 14.821418
0.663659 14.799673
0.663969 14.788111
0.664713 14.787024
0.665890 14.796199
0.667494 14.815473
0.669504 14.844574
0.671902 14.883202
0.674667 14.929676
0.677767 14.983667
0.681171 15.044775
0.684842 15.111370
0.688740 15.183579
0.692825 15.259618
0.697051 15.337643
0.701373 15.417437
0.705745 15.497725
0.710127 15.577331
0.714471 15.654617
0.718744 15.729147
0.722911 15.800496
0.726947 15.867774
0.730831 15.929768
0.734547 15.986529
0.738085 16.037636
0.741448 16.083357
0.744645 16.123722
0.747690 16.158935
0.750602 16.188999
0.753399 16.214954
0.756114 16.236451
0.758777 16.254525
0.761419 16.269855
0.764076 16.283320
0.766778 16.294887
0.769559 16.306851
0.772452 16.318870
0.775483 16.331658
0.778682 16.346877
0.782075 16.364442
0.785681 16.385286
0.789521 16.409798
0.793610 16.438473
0.797965 16.472147
0.802595 16.511308
0.807511 16.555344
0.812715 16.605499
0.818205 16.661477
0.823979 16.723449
0.830022 16.791464
0.836324 16.865756
0.842865 16.945363
0.849620 17.029521
0.856561 17.100942
0.863652 17.192060
0.870847 17.286308
0.878097 17.382929
0.885346 17.480384
0.892540 17.578241
0.899618 17.675112
0.906510 17.717279
0.913157 17.807761
0.919498 17.894190
0.925477 18.020116
0.931037 18.094841
0.936134 18.211379
0.940730 18.271198
0.944791 18.322849
0.948305 18.365263
0.951257 18.398309
0.953648 18.421598
0.955487 18.434474
0.956793 18.437843
0.957590 18.431034
0.957914 18.414629
0.957802 18.388938
0.957301 18.353674
0.956462 18.309569
0.955341 18.257035
0.953998 18.197209
0.952501 18.130744
0.950917 18.058416
0.949317 17.981868
0.947787 17.953267
0.946415 17.797899
0.945294 17.718886
0.944529 17.643340
0.944227 17.574100
0.944502 17.513700
0.945469 17.465151
0.947244 17.431235
0.949932 17.415266
0.953630 17.376007
0.958424 17.408439
0.964385 17.469150
0.971563 17.561408
0.979992 17.687369
0.989685 17.848489
1.000639 18.044209
1.012828 18.273524
1.026213 18.534759
1.040737 18.824640
1.056332 19.140894
1.072904 19.480155
1.090336 19.839238
1.108474 20.213993
1.127123 20.600171
1.146038 20.992185
1.164913 21.383466
1.183363 21.766121
1.200923 22.129851
1.217058 22.491320
1.231195 22.782834
1.242781 23.019833
1.251406 23.194189
1.256882 23.303131
1.259298 23.347166
1.258985 23.332669
1.256411 23.267892
1.252093 23.163790
1.246531 23.030313
1.240157 22.876793
1.233315 22.713060
1.226263 22.543357
1.219173 22.372333
1.212145 22.203476
1.205228 22.039314
1.198436 21.880430
1.191755 21.728158
1.185168 21.581748
1.178657 21.442227
1.172211 21.310747
1.165836 21.189374
1.159543 21.080275
1.153365 20.983781
1.147340 20.825158
1.141505 20.755024
1.135898 20.696410
1.130563 20.647468
1.125524 20.606679
1.120807 20.572923
1.116433 20.544566
1.112412 20.520438
1.108741 20.499959
1.105424 20.483558
1.102457 20.470133
1.099833 20.459652
1.097542 20.452552
1.095578 20.447663
1.093937 20.445455
1.092618 20.445795
1.091619 20.448823
1.090947 20.455236
1.090610 20.465443
1.090619 20.479077
1.090989 20.541886
1.091734 20.564193
1.092881 20.592290
1.094448 20.626256
1.096454 20.665793
1.098914 20.711303
1.101835 20.762657
1.105222 20.819918
1.109071 20.883346
1.113360 20.951485
1.118050 21.023858
1.123080 20.915226
1.128371 20.862153
1.133816 20.932836
1.139289 20.999661
1.144636 21.059772
1.149695 21.109666
1.154300 21.116093
1.158295 21.135626
1.161554 21.136638
1.163999 21.033336
1.165622 20.994415
1.166482 20.938442
1.166705 20.867743
1.166464 20.786334
1.165976 20.698957
1.165477 20.610266
1.165209 20.524281
1.165399 20.445325
1.166258 20.376833
1.167973 20.322718
1.170708 20.285582
1.174599 20.267716
1.179756 20.270852
1.186263 20.297329
1.194185 20.347491
1.203556 20.422192
1.214387 20.521715
1.226662 20.645379
1.240333 20.792618
1.255315 20.962478
1.271484 21.152312
1.288664 21.358992
1.306632 21.579708
1.325100 21.872961
1.343737 22.108493
1.362169 22.340477
1.379992 22.561905
1.396811 22.765558
1.412278 22.946387
1.426113 23.099810
1.438136 23.223980
1.448271 23.317993
1.456515 23.382046
1.462888 23.416907
1.467399 23.422926
1.470028 23.399221
1.470738 23.345595
1.469512 23.261031
1.466379 23.146552
1.461433 23.004338
1.454868 22.839504
1.446975 22.658541
1.438146 22.469066
1.428792 22.277073
1.419286 22.089146
1.409898 21.908131
1.400792 21.735674
1.392030 21.571380
1.383603 21.415380
1.375444 21.265322
1.367469 21.118680
1.359570 20.973689
1.351650 20.828332
1.343629 20.680752
1.335444 20.529551
1.327057 20.373496
1.318460 20.212079
1.309654 20.045848
1.300668 19.875386
1.291531 19.701918
1.282289 19.526662
1.272985 19.352097
1.263674 19.180169
1.254402 19.012077
1.245217 18.850500
1.236154 18.696815
1.227245 18.552080
1.218501 18.416717
1.209933 18.292167
1.201537 18.177295
1.193288 18.071589
1.185163 17.970331
1.177126 17.878215
1.169134 17.793098
1.161139 17.713384
1.153088 17.637355
1.144921 17.564212
1.136583 17.491507
1.128023 17.418150
1.119190 17.343298
1.110036 17.265392
1.100526 17.183212
1.090628 17.096328
1.080323 17.004539
1.069602 16.906731
1.058463 16.803606
1.046915 16.694310
1.034972 16.579857
1.022657 16.458966
1.010001 16.332503
0.997034 16.200724
0.983794 16.063278
0.970314 15.920752
0.956638 15.772084
0.942809 15.618132
0.928865 15.458677
0.914852 15.294396
0.900811 15.125844
0.886791 14.952946
0.872834 14.776727
0.858985 14.597761
0.845292 14.417841
0.831797 14.236648
0.818547 14.054903
0.805587 13.873934
0.792962 13.695294
0.780715 13.520320
0.768881 13.349727
0.757499 13.185697
0.746601 13.028730
0.736219 12.880185
0.726378 12.772163
0.717099 12.645888
0.708399 12.534359
0.700290 12.474253
0.692784 12.395917
0.685889 12.332520
0.679610 12.282808
0.673948 12.246735
0.668900 12.223843
0.664455 12.212407
0.660606 12.212738
0.657337 12.223364
0.654635 12.266778
0.652482 12.297262
0.650856 12.335666
0.649731 12.381082
0.649084 12.432426
0.648886 12.489476
0.649109 12.550419
0.649730 12.615480
0.650721 12.683168
0.652054 12.752709
0.653712 12.823661
0.655671 12.894932
0.657916 12.966295
0.660433 13.037154
0.663217 13.107578
0.666266 13.177614
0.669583 13.246638
0.673175 13.315855
0.677057 13.384435
0.681244 13.453170
0.685757 13.522326
0.690621 13.593400
0.695859 13.665786
0.701491 13.740865
0.707542 13.819359
0.714031 13.901694
0.720968 13.989132
0.728363 14.081836
0.736218 14.180946
0.744523 14.286950
0.753261 14.399721
0.762398 14.518002
0.771884 14.641898
0.781660 14.770747
0.791649 14.902755
0.801752 15.037699
0.811855 15.172591
0.821823 15.306042
0.831522 15.436838
0.840797 15.562211
0.849500 15.680104
0.857492 15.788305
0.864640 15.885392
0.870854 15.968640
0.876068 16.037562
0.880261 16.092272
0.883455 16.133128
0.885706 16.160538
0.887120 16.176487
0.887831 16.182574
0.887993 16.181729
0.887781 16.185826
0.887368 16.177291
0.886921 16.168993
0.886606 16.165538
0.886574 16.168454
0.886959 16.180591
0.887877 16.203867
0.889424 16.239792
0.891688 16.290040
0.894729 16.355155
0.898607 16.437139
0.903365 16.536242
0.909034 16.653883
0.915635 16.790019
0.923186 16.946291
0.931693 17.122485
0.941158 17.318949
0.951572 17.535613
0.962919 17.771849
0.975178 18.028616
0.988319 18.305315
1.002295 18.601744
1.017051 18.916738
1.032520 19.249645
1.048613 19.598659
1.065222 19.960755
1.082210 20.333144
1.099412 20.711669
1.116625 21.091964
1.133626 21.468456
1.150155 21.835358
1.165927 22.127495
1.180637 22.416072
1.193987 22.710871
1.205712 22.970658
1.215579 23.190627
1.223433 23.366669
1.229216 23.496850
1.232964 23.582829
1.234802 23.626476
1.234928 23.630778
1.233595 23.601301
1.231084 23.544221
1.227695 23.465470
1.223727 23.371851
1.219474 23.269888
1.215202 23.165843
1.211159 23.064899
1.207554 22.971743
1.204557 22.891612
1.202300 22.827158
1.200874 22.781254
1.200318 22.757077
1.200629 22.752261
1.201761 22.764374
1.203609 22.790913
1.206019 22.829371
1.208787 22.875620
1.211658 22.925569
1.214323 22.972856
1.216437 23.073625
1.217617 23.098659
1.217465 23.099848
1.215586 23.068539
1.211636 22.998104
1.205339 22.882735
1.196537 22.749074
1.185221 22.535441
1.171542 22.275468
1.155813 21.976080
1.138480 21.645902
1.120065 21.294482
1.101102 20.931712
1.082087 20.566219
1.063445 20.205996
1.045520 19.856333
1.028588 19.522422
1.012853 19.207686
0.998472 18.915074
0.985556 18.646308
0.974181 18.403037
0.964396 18.186664
0.956240 17.997096
0.949731 17.835029
0.944877 17.715774
0.941678 17.608934
0.940128 17.531089
0.940214 17.482496
0.941919 17.462508
0.945226 17.471127
0.950117 17.507660
0.956562 17.571436
0.964535 17.662593
0.974005 17.779890
0.984935 17.922795
0.997279 18.090162
1.010992 18.281274
1.026022 18.496498
1.042312 18.735011
1.059797 18.997170
1.078408 19.281449
1.098065 19.585449
1.118685 19.906471
1.140181 20.241452
1.162460 20.588093
1.185424 20.944174
1.208974 21.307749
1.233016 21.676621
1.257455 22.102018
1.282198 22.477445
1.307159 22.853817
1.332253 23.229658
1.357404 23.603995
1.382535 23.976169
1.407572 24.345394
1.432444 24.710807
1.457078 25.071823
1.481389 25.427660
1.505284 25.777166
1.528661 26.119659
1.551410 26.452526
1.573408 26.774509
1.594534 27.085053
1.614676 27.381983
1.633739 27.664196
1.651651 27.930490
1.668373 28.180580
1.683898 28.414075
1.698240 28.631375
1.711432 28.833095
1.723505 29.018719
1.734502 29.189288
1.744451 29.344861
1.753368 29.485702
1.761238 29.611153
1.768035 29.720714
1.773689 29.812854
1.778099 29.885691
1.781129 29.936671
1.782622 29.963692
1.782389 29.963873
1.780262 29.935165
1.776146 29.876845
1.770082 29.790724
1.762252 29.679585
1.752932 29.547652
1.742443 29.399584
1.731084 29.240184
1.719122 29.073059
1.706785 28.902051
1.694257 28.730149
1.681681 28.560452
1.669171 28.393986
1.656799 28.137176
1.644620 27.980648
1.632671 27.829255
1.620962 27.683021
1.609496 27.542358
1.598267 27.406097
1.587255 27.273771
1.576434 27.144476
1.565772 26.994356
1.555242 26.867114
1.544821 26.739758
1.534480 26.611718
1.524199 26.482241
1.513963 26.351413
1.503762 26.219686
1.493603 26.086980
1.483498 25.953129
1.473466 25.818677
1.463536 25.684326
1.453741 25.550781
1.444127 25.419292
1.434743 25.290810
1.425644 25.166567
1.416885 25.048118
1.408526 24.935846
1.400627 24.831468
1.393239 24.735918
1.386409 24.649937
1.380171 24.574312
1.374527 24.564658
1.369467 24.504039
1.364935 24.451865
1.360828 24.405511
1.356984 24.361325
1.353161 24.314118
1.349033 24.256370
1.344185 24.179801
1.338133 24.074369
1.330388 23.931926
1.320540 23.743811
1.308344 23.506432
1.293792 23.219682
1.277083 22.887231
1.258571 22.516414
1.238690 22.116453
1.217891 21.696974
1.196612 21.268857
1.175233 20.840265
1.154077 20.419203
1.133399 20.011948
1.113404 19.623764
1.094240 19.258166
1.076021 18.916263
1.058829 18.598405
1.042715 18.304683
1.027718 18.034895
1.013857 17.788979
1.001149 17.566404
0.989595 17.367529
0.979187 17.192141
0.969915 17.040701
0.961775 16.914333
0.954749 16.846919
0.948818 16.772264
0.943960 16.727822
0.940145 16.716767
0.937344 16.739738
0.935521 16.796137
0.934641 16.879992
0.934662 16.984138
0.935540 17.103933
0.937224 17.235651
0.939658 17.377021
0.942775 17.526437
0.946501 17.681818
0.950757 17.840795
0.955455 18.001912
0.960491 18.162359
0.965757 18.332623
0.971127 18.396153
0.976472 18.536828
0.981650 18.666668
0.986515 18.783392
0.990928 18.884636
0.994753 18.965074
0.997874 19.024291
1.000197 19.060505
1.001664 19.072913
1.002258 19.061419
1.002005 19.027505
1.000975 18.971972
0.999278 18.898174
0.997060 18.808071
0.994481 18.706025
0.991720 18.595737
0.988954 18.481238
0.986360 18.366155
0.984108 18.253966
0.982359 18.149653
0.981264 18.055639
0.980961 17.975639
0.981577 17.912691
0.983224 17.869560
0.986007 17.848199
0.990020 17.851434
0.995342 17.880414
1.002047 17.936343
1.010197 18.021087
1.019840 18.134973
1.031011 18.280022
1.043737 18.455526
1.058029 18.662369
1.073880 18.900359
1.091267 19.168883
1.110139 19.465578
1.130422 19.789612
1.152014 20.138392
1.174782 20.508127
1.198558 20.895745
1.223146 21.296143
1.248333 21.705317
1.273902 22.117366
1.299640 22.526932
1.325363 22.930482
1.350945 23.324701
1.376314 23.707003
1.401472 24.077682
1.426481 24.438767
1.451449 24.793592
1.476517 25.146734
1.501813 25.501754
1.527437 25.861808
1.553421 26.228950
1.579721 26.603202
1.606185 26.982903
1.632546 27.363084
1.658430 27.738061
1.683373 28.099502
1.706869 28.437138
1.728411 28.741560
1.747551 29.003543
1.763915 29.214769
1.777206 29.368306
1.787182 29.459512
1.793686 29.486401
1.796680 29.449246
1.796318 29.352575
1.792951 29.202880
1.787031 29.009462
1.779043 28.781591
1.769450 28.528620
1.758673 28.273704
1.747070 27.991914
1.734935 27.706495
1.722513 27.422356
1.710007 27.143002
1.697584 26.870865
1.685386 26.608316
1.673526 26.425290
1.662104 26.188585
1.651208 25.964534
1.640909 25.753569
1.631258 25.555766
1.622290 25.371318
1.614022 25.199073
1.606448 25.039387
1.599550 24.890411
1.593298 24.750864
1.587637 24.600915
1.582496 24.420170
1.577800 24.301374
1.573470 24.185278
1.569423 24.069755
1.565579 23.952959
1.561878 23.833009
1.558269 23.707329
1.554716 23.577017
1.551199 23.440809
1.547714 23.298657
1.544258 23.150836
1.540821 22.999808
1.537379 22.845461
1.533890 22.687289
1.530281 22.527879
1.526437 22.370463
1.522206 22.220777
1.517407 22.086698
1.511847 21.971341
1.505325 21.867110
1.497647 21.761619
1.488647 21.645974
1.478220 21.514267
1.466341 21.363741
1.453093 21.193865
1.438625 21.005593
1.423127 20.799157
1.406783 20.576265
1.389756 20.338485
1.372208 20.088400
1.354293 19.829266
1.336163 19.564742
1.317984 19.297591
1.299916 19.033817
1.282128 18.786350
1.264775 18.557769
1.247995 18.359844
1.231915 18.191460
1.216635 18.046179
1.202231 17.919155
1.188754 17.808465
1.176231 17.713941
1.164670 17.635868
1.154060 17.573026
1.144377 17.525244
1.135583 17.528466
1.127640 17.507759
1.120502 17.498815
1.114123 17.500553
1.108461 17.549449
1.103472 17.577489
1.099124 17.608686
1.095390 17.673136
1.092243 17.720509
1.089664 17.777032
1.087639 17.839992
1.086164 17.909581
1.085240 17.986470
1.084874 18.069041
1.085074 18.157514
1.085863 18.251600
1.087262 18.352062
1.089300 18.459133
1.092004 18.573369
1.095414 18.694602
1.099582 18.825142
1.104552 18.964952
1.110372 19.114134
1.117091 19.274044
1.124758 19.445778
1.133432 19.630912
1.143161 19.830878
1.153991 20.045526
1.165967 20.276324
1.179124 20.524264
1.193494 20.789512
1.209093 21.071687
1.225925 21.402079
1.243979 21.717630
1.263223 22.049257
1.283599 22.395797
1.305013 22.756073
1.327330 23.126406
1.350356 23.503849
1.373841 23.883172
1.397453 24.258583
1.420786 24.620942
1.443351 24.962266
1.464595 25.273242
1.483957 25.543546
1.500975 25.767019
1.515431 25.941707
1.527436 26.068998
1.537386 26.155956
1.545873 26.214377
1.553567 26.257442
1.561135 26.300015
1.569188 26.356048
1.578242 26.438553
1.588685 26.557619
1.600755 26.719413
1.614522 26.926801
1.629838 27.178430
1.646298 27.467541
1.663181 27.781380
1.679396 28.098197
1.693435 28.387698
1.703383 28.614409
1.707220 28.744963
1.703475 28.756915
1.691807 28.649650
1.673203 28.437869
1.649389 28.147269
1.621986 27.801159
1.592184 27.417217
1.560788 27.007420
1.528276 26.576417
1.494876 26.126639
1.460659 25.656534
1.425630 25.165441
1.389811 24.653331
1.353294 24.121205
1.316255 23.572171
1.278940 23.008651
1.241636 22.435773
1.204656 21.859955
1.168305 21.287458
1.132882 20.725134
1.098642 20.178820
1.065802 19.653725
1.034523 19.154517
1.004919 18.684579
0.977048 18.244934
0.950930 17.836241
0.926545 17.458689
0.903847 17.111432
0.882767 16.792490
0.863219 16.499742
0.845108 16.231022
0.828328 15.984445
0.812782 15.757545
0.798378 15.548215
0.785029 15.353704
0.772655 15.172751
0.761195 15.003469
0.750600 14.844262
0.740836 14.695106
0.731889 14.555443
0.723766 14.425159
0.716483 14.303982
0.710071 14.192268
0.704569 14.090304
0.700031 13.998971
0.696514 13.919189
0.694076 13.852152
0.692771 13.800329
0.692668 13.765707
0.693823 13.751226
0.696283 13.760479
0.700091 13.795636
0.705283 13.861885
0.711881 13.963120
0.719893 14.102594
0.729312 14.283358
0.740119 14.507172
0.752277 14.772810
0.765731 15.077242
0.780404 15.416910
0.796199 15.786785
0.812998 16.181599
0.830663 16.596195
0.849031 17.025693
0.867922 17.465668
0.887146 17.911123
0.906493 18.356742
0.925758 18.797518
0.944727 19.229042
0.963194 19.647324
0.980957 20.048364
0.997826 20.427817
1.013627 20.782450
1.028194 21.109827
1.041385 21.408684
1.053071 21.674930
1.063136 21.905740
1.071481 22.098832
1.078025 22.253062
1.082700 22.368022
1.085463 22.443329
1.086310 22.479182
1.085258 22.476173
1.082358 22.435218
1.077705 22.356849
1.071440 22.243196
1.063741 22.098174
1.054822 21.925823
1.044940 21.731200
1.034370 21.520122
1.023415 21.298132
1.012380 21.071888
1.001567 20.848128
0.991271 20.634402
0.981761 20.435301
0.973287 20.257581
0.966072 20.105472
0.960297 19.984265
0.956115 19.898203
0.953642 19.853343
0.952964 19.849833
0.954133 19.886272
0.957181 19.962413
0.962101 20.077511
0.968864 20.230089
0.977403 20.418509
0.987622 20.640989
0.999382 20.894094
1.012503 21.174458
1.026747 21.540343
1.041822 21.862479
1.057381 22.192055
1.073016 22.521520
1.088264 22.841344
1.102623 23.141660
1.115585 23.412278
1.126675 23.642387
1.135503 23.823687
1.141822 23.951741
1.145552 24.023632
1.146799 24.041561
1.145840 24.011843
1.143087 23.942260
1.139035 23.844106
1.134214 23.729141
1.129152 23.609311
1.124347 23.494981
1.120241 23.395590
1.117212 23.317833
1.115559 23.268445
1.115489 23.252407
1.117105 23.271137
1.120384 23.324949
1.125135 23.408724
1.130989 23.515787
1.137330 23.633023
1.143328 23.744894
1.148008 23.831336
1.150402 23.873077
1.149749 23.852241
1.145669 23.759767
1.138227 23.594411
1.127871 23.364852
1.115300 23.085894
1.101319 22.775072
1.086708 22.450629
1.072144 22.127071
1.058147 21.816134
1.045069 21.525892
1.033115 21.259545
1.022369 21.019432
1.012817 20.805379
1.004373 20.615583
0.996908 20.447046
0.990283 20.296787
0.984334 20.162256
0.978903 20.038933
0.973847 19.923678
0.969041 19.813880
0.964384 19.707332
0.959791 19.601126
0.955203 19.494916
0.950580 19.386638
0.945894 19.275654
0.941130 19.162002
0.936290 19.044951
0.931383 18.925309
0.926427 18.803731
0.921454 18.679983
0.916515 18.555791
0.911668 18.432233
0.906981 18.345193
0.902530 18.225109
0.898403 18.111048
0.894687 18.005531
0.891471 17.910055
0.888837 17.826523
0.886860 17.756611
0.885601 17.706192
0.885122 17.664407
0.885460 17.640847
0.886643 17.635889
0.888684 17.650110
0.891570 17.683669
0.895271 17.735647
0.899730 17.804987
0.904870 17.889496
0.910577 17.987365
0.916709 18.094606
0.923090 18.207998
0.929512 18.323107
0.935733 18.435108
0.941487 18.538669
0.946497 18.627895
0.950498 18.697774
0.953256 18.742779
0.954599 18.761053
0.954430 18.749788
0.952738 18.709966
0.949609 18.643647
0.945206 18.554588
0.939745 18.446611
0.933463 18.324584
0.926602 18.193888
0.919370 18.058437
0.911931 17.959097
0.904404 17.822066
0.896866 17.752210
0.889365 17.613927
0.881916 17.479621
0.874516 17.348642
0.867138 17.221478
0.859751 17.097586
0.852317 16.975897
0.844792 16.855518
0.837145 16.735016
0.829342 16.614285
0.821358 16.492120
0.813182 16.368369
0.804806 16.242508
0.796226 16.113531
0.787457 16.012182
0.778511 15.876846
0.769416 15.738421
0.760208 15.596923
0.750921 15.453255
0.741602 15.307415
0.732295 15.160142
0.723045 15.012233
0.713900 14.863980
0.704907 14.716373
0.696111 14.570378
0.687557 14.426274
0.679291 14.285602
0.671357 14.148376
0.663800 14.016179
0.656660 13.890071
0.649975 13.770508
0.643789 13.658613
0.638132 13.555460
0.633038 13.461837
0.628542 13.378341
0.624673 13.306337
0.621456 13.246087
0.618916 13.199478
0.617076 13.166624
0.615954 13.149111
0.615570 13.147160
0.615937 13.161535
0.617068 13.193097
0.618970 13.242312
0.621647 13.330703
0.625100 13.416080
0.629325 13.520243
0.634314 13.642586
0.640055 13.782731
0.646525 13.939337
0.653702 14.111196
0.661556 14.294918
0.670050 14.492108
0.679143 14.700199
0.688788 14.918093
0.698927 15.143584
0.709500 15.376275
0.720448 15.613698
0.731703 15.854669
0.743205 16.097740
0.754885 16.340794
0.766683 16.583057
0.778540 16.822635
0.790403 17.058618
0.802214 17.290527
0.813927 17.516847
0.825488 17.724556
0.836846 17.970549
0.847944 18.174638
0.858716 18.369563
0.869095 18.554868
0.879008 18.729184
0.888374 18.891435
0.897100 19.040831
0.905099 19.175216
0.912277 19.294360
0.918544 19.395423
0.923802 19.452633
0.927966 19.511440
0.930950 19.547386
0.932666 19.558507
0.933047 19.543704
0.932039 19.501903
0.929602 19.432030
0.925709 19.332576
0.920358 19.204063
0.913577 19.020633
0.905425 18.834755
0.895992 18.623751
0.885419 18.390097
0.873880 18.137234
0.861572 17.869012
0.848727 17.589872
0.835568 17.304070
0.822314 17.015475
0.809167 16.727149
0.796305 16.426586
0.783876 16.149720
0.772014 15.882293
0.760832 15.626785
0.750419 15.385060
0.740846 15.158871
0.732172 14.948939
0.724437 14.756548
0.717679 14.582888
0.711920 14.426349
0.707184 14.289266
0.703486 14.172494
0.700833 14.074944
0.699237 13.998763
0.698702 13.944284
0.699235 13.911863
0.700837 13.901957
0.703506 13.913574
0.707240 13.949608
0.712050 14.007439
0.717933 14.087522
0.724886 14.189791
0.732911 14.314840
0.742000 14.461943
0.752149 14.630671
0.763344 14.820160
0.775569 15.029832
0.788803 15.259361
0.803014 15.507076
0.818161 15.771072
0.834198 16.050902
0.851057 16.344446
0.868650 16.649606
0.886872 16.963116
0.905594 17.282597
0.924664 17.604918
0.943907 17.926822
0.963123 18.242928
0.982100 18.549652
1.000622 18.842026
1.018473 19.116365
1.035450 19.368071
1.051372 19.593586
1.066099 19.790762
1.079530 19.957024
1.091608 20.091494
1.102328 20.194598
1.111722 20.266724
1.119864 20.310865
1.126859 20.329496
1.132834 20.325794
1.137915 20.303531
1.142239 20.266201
1.145933 20.216705
1.149103 20.158466
1.151839 20.093840
1.154210 20.024893
1.156269 19.953211
1.158053 19.879937
1.159591 19.805897
1.160905 19.731345
1.162023 19.657950
1.162977 19.585924
1.163804 19.515541
1.164544 19.447711
1.165244 19.382808
1.165947 19.321924
1.166703 19.265843
1.167557 19.215324
1.168553 19.171005
1.169725 19.133735
1.171097 19.103442
1.172693 19.080721
1.174517 19.065496
1.176563 19.057286
1.178810 19.056264
1.181218 19.060653
1.183731 19.070411
1.186267 19.082767
1.188735 19.096714
1.191021 19.109251
1.192995 19.117584
1.194511 19.118516
1.195421 19.108538
1.195576 19.085225
1.194852 19.045790
1.193156 18.987521
1.190436 18.909116
1.186691 18.810744
1.181970 18.692332
1.176389 18.555638
1.170096 18.402892
1.163260 18.237266
1.156074 18.063240
1.148718 17.882165
1.141368 17.698101
1.134181 17.513661
1.127294 17.331752
1.120825 17.154622
1.114871 16.984896
1.109508 16.823882
1.104797 16.672844
1.100782 16.532982
1.097490 16.404930
1.094930 16.290651
1.093115 16.188377
1.092033 16.099861
1.091665 16.024173
1.091990 15.960696
1.092969 15.910045
1.094562 15.870688
1.096725 15.842212
1.099406 15.823694
1.102544 15.813727
1.106075 15.812030
1.109941 15.817068
1.114077 15.827506
1.118421 15.842079
1.122912 15.860204
1.127497 15.880984
1.132124 15.952735
1.136758 15.929105
1.141366 15.953152
1.145920 15.977429
1.150406 16.001119
1.154821 16.024833
1.159170 16.048540
1.163465 16.072519
1.167727 16.097153
1.171975 16.123393
1.176237 16.125943
1.180551 16.156838
1.184949 16.191037
1.189465 16.228859
1.194130 16.270794
1.198975 16.318363
1.204029 16.370801
1.209320 16.429349
1.214866 16.494355
1.220686 16.566306
1.226794 16.644269
1.233197 16.729727
1.239906 16.821857
1.246924 16.921188
1.254250 17.027819
1.261873 17.140539
1.269786 17.259983
1.277973 17.385472
1.286422 17.517088
1.295113 17.654447
1.304016 17.796427
1.313107 17.943388
1.322354 18.093931
1.331724 18.247475
1.341185 18.403746
1.350701 18.561825
1.360244 18.721276
1.369782 18.881611
1.379290 19.042749
1.388749 19.203991
1.398147 19.366880
1.407485 19.528623
1.416776 19.691931
1.426042 19.856457
1.435315 20.023479
1.444632 20.192914
1.454036 20.366672
1.463577 20.545404
1.473295 20.729977
1.483236 20.920551
1.493434 21.093306
1.503908 21.298695
1.514664 21.511485
1.525691 21.731488
1.536962 21.958322
1.548430 22.191674
1.560032 22.429288
1.571683 22.670133
1.583292 22.912988
1.594748 23.155716
1.605944 23.397437
1.616766 23.635074
1.627101 23.926640
1.636839 24.148081
1.645874 24.358533
1.654114 24.555950
1.661468 24.738591
1.667853 24.905466
1.673205 25.055684
1.677460 25.187149
1.680561 25.299663
1.682459 25.391321
1.683113 25.456366
1.682494 25.505188
1.680584 25.530670
1.677380 25.532853
1.672897 25.511438
1.667172 25.466631
1.660258 25.398684
1.652244 25.305154
1.643238 25.196246
1.633371 25.069797
1.622795 24.929123
1.611670 24.776572
1.600164 24.616768
1.588445 24.452584
1.576671 24.287523
1.564989 24.123363
1.553529 23.962759
1.542403 23.806640
1.531689 23.656667
1.521441 23.513603
1.511691 23.377590
1.502440 23.248368
1.493661 23.126050
1.485305 23.009234
1.477303 22.898103
1.469566 22.790041
1.461995 22.684101
1.454494 22.578948
1.446968 22.474428
1.439340 22.369673
1.431572 22.262858
1.423649 22.154820
1.415600 22.046703
1.407484 21.939542
1.399394 21.835215
1.391445 21.735847
1.383763 21.643352
1.376477 21.560068
1.369705 21.488410
1.363551 21.430049
1.358090 21.387080
1.353369 21.361220
1.349405 21.354982
1.346182 21.369573
1.343654 21.402709
1.341758 21.453508
1.340400 21.519989
1.339470 21.613772
1.338849 21.702376
1.338410 21.798709
1.338020 21.899595
1.337553 22.005238
1.336889 22.114974
1.335922 22.229226
1.334556 22.348463
1.332714 22.471099
1.330336 22.592446
1.327378 22.708349
1.323829 22.816480
1.319689 22.913681
1.314984 22.960721
1.309748 23.030512
1.304020 23.085883
1.297838 23.126885
1.291215 23.152293
1.284160 23.162103
1.276631 23.155396
1.268552 23.130475
1.259794 23.085752
1.250176 23.018484
1.239466 22.923625
1.227382 22.795996
1.213597 22.629628
1.197776 22.417928
1.179599 22.154435
1.158833 21.835216
1.135384 21.458913
1.109334 21.027425
1.080975 20.546181
1.050747 20.023977
1.019207 19.569419
0.986951 18.994746
0.954543 18.411097
0.922498 17.828689
0.891247 17.256452
0.861154 16.700798
0.832502 16.167843
0.805516 15.662397
0.780361 15.188419
0.757157 14.748566
0.735986 14.344037
0.716904 13.976939
0.699942 13.648411
0.685114 13.358295
0.672415 13.046590
0.661844 12.837616
0.653390 12.668213
0.647039 12.538582
0.642773 12.448249
0.640575 12.395837
0.640432 12.380962
0.642333 12.402667
0.646268 12.460565
0.652227 12.553286
0.660215 12.680596
0.670231 12.841989
0.682279 13.035928
0.696366 13.262506
0.712494 13.521128
0.730673 13.811174
0.750902 14.131971
0.773178 14.483213
0.797486 14.864486
0.823788 15.274389
0.852029 15.712078
0.882108 16.176175
0.913867 16.664164
0.947070 17.171616
0.981370 17.693523
1.016279 18.222022
1.051139 18.746387
1.085123 19.253730
1.117285 19.728214
1.146662 20.152761
1.172413 20.514544
1.193932 20.803988
1.211002 21.020746
1.223901 21.171810
1.233312 21.224768
1.240051 21.279716
1.244845 21.303101
1.248254 21.304125
1.250684 21.288269
1.252430 21.261140
1.253714 21.226512
1.254724 21.188021
1.255624 21.149164
1.256575 21.112135
1.257726 21.079820
1.259208 21.054681
1.261119 21.037984
1.263510 21.029405
1.266366 21.002625
1.269599 21.002160
1.273028 21.002644
1.276363 20.999469
1.279204 20.984550
1.281056 20.948370
1.281386 20.881371
1.279735 20.774414
1.275771 20.620846
1.269357 20.418121
1.260578 20.167601
1.249702 19.876042
1.237136 19.553139
1.223359 19.211100
1.208871 18.820208
1.194141 18.474196
1.179571 18.140896
1.165486 17.827836
1.152138 17.541298
1.139700 17.285466
1.128288 17.063538
1.117966 16.877683
1.108759 16.730328
1.100658 16.621318
1.093624 16.549122
1.087601 16.510900
1.082506 16.501774
1.078247 16.516803
1.074718 16.550821
1.071793 16.598648
1.069341 16.656268
1.067222 16.718906
1.065287 16.784020
1.063382 16.847820
1.061355 16.906956
1.059065 16.959410
1.056378 17.002250
1.053169 17.033488
1.049346 17.051276
1.044831 17.054883
1.039575 17.043476
1.033542 17.016446
1.026735 16.973380
1.019178 16.913963
1.010910 16.770184
1.001978 16.681086
0.992443 16.577098
0.982382 16.460537
0.971872 16.331876
0.960991 16.192254
0.949820 16.043029
0.938439 15.885236
0.926933 15.720804
0.915384 15.551415
0.903876 15.377616
0.892488 15.201202
0.881294 15.024651
0.870368 14.849823
0.859778 14.677480
0.849581 14.509145
0.839826 14.346548
0.830555 14.190441
0.821804 13.998004
0.813596 13.860042
0.805946 13.732345
0.798850 13.612793
0.792316 13.503315
0.786336 13.404370
0.780889 13.315918
0.775958 13.238065
0.771517 13.170086
0.767536 13.111950
0.763981 13.062935
0.760817 13.023130
0.758014 12.992112
0.755541 12.969835
0.753374 12.956502
0.751492 12.954255
0.749877 12.963872
0.748512 12.982663
0.747396 13.009484
0.746527 13.042989
0.745912 13.082084
0.745560 13.125855
0.745485 13.174725
0.745702 13.228161
0.746229 13.285875
0.747084 13.347850
0.748285 13.416218
0.749849 13.489292
0.751785 13.567429
0.754118 13.651618
0.756858 13.742420
0.760015 13.839020
0.763601 13.941385
0.767618 14.049967
0.772077 14.164185
0.776985 14.284645
0.782344 14.410341
0.788158 14.542195
0.794428 14.679741
0.801166 14.952619
0.808373 15.105451
0.816053 15.264737
0.824215 15.430576
0.832856 15.603397
0.841986 15.782862
0.851606 15.969574
0.861720 16.164223
0.872334 16.366073
0.883448 16.574837
0.895064 16.790394
0.907182 17.013448
0.919793 17.243842
0.932895 17.481041
0.946476 17.725494
0.960529 17.976539
0.975037 18.233890
0.989983 18.497939
1.005343 18.768024
1.021090 19.043641
1.037196 19.324638
1.053622 19.609927
1.070330 19.899527
1.087270 20.191623
1.104405 20.486570
1.121679 20.783239
1.139041 21.080407
1.156425 21.376636
1.173763 21.671153
1.190982 21.962463
1.207998 22.249701
1.224727 22.530590
1.241072 22.803633
1.256922 23.066911
1.272160 23.319162
1.286655 23.558034
1.300265 23.781421
1.312842 23.987255
1.324220 24.172741
1.334230 24.336602
1.342691 24.475277
1.349409 24.584917
1.354181 24.661724
1.356794 24.701503
1.357035 24.699257
1.354728 24.653093
1.349755 24.560000
1.342112 24.420398
1.331950 24.238491
1.319573 24.019541
1.305404 23.770920
1.289932 23.501075
1.273652 23.219288
1.257025 22.934465
1.240457 22.654718
1.224273 22.386714
1.208730 22.138436
1.194010 21.912428
1.180217 21.709609
1.167394 21.529862
1.155524 21.372001
1.144536 21.234206
1.134320 21.114265
1.124733 21.009527
1.115606 20.915167
1.106759 20.827319
1.098010 20.742292
1.089180 20.655325
1.080106 20.562823
1.070650 20.461763
1.060721 20.348881
1.050267 20.223249
1.039273 20.083755
1.027771 19.930943
1.015826 19.765597
1.003541 19.590454
0.991038 19.407261
0.978453 19.219021
0.965931 19.028034
0.953607 18.697402
0.941603 18.514569
0.930013 18.336593
0.918924 18.165518
0.908382 18.002191
0.898412 17.846254
0.889014 17.699737
0.880157 17.561233
0.871793 17.524774
0.863866 17.396153
0.856313 17.274202
0.849079 17.157811
0.842122 17.047053
0.835419 16.941158
0.828976 16.840918
0.822825 16.746681
0.817019 16.659129
0.811632 16.580165
0.806754 16.510314
0.802488 16.451345
0.798932 16.404045
0.796182 16.370473
0.794316 16.351670
0.793401 16.348907
0.793474 16.363679
0.794554 16.395069
0.796630 16.444042
0.799659 16.510144
0.803569 16.591184
0.808253 16.686598
0.813566 16.792348
0.819333 16.906692
0.825345 17.026108
0.831369 17.146696
0.837162 17.264668
0.842475 17.375558
0.847078 17.475450
0.850770 17.561549
0.853390 17.631130
0.854815 17.681213
0.854964 17.710326
0.853787 17.717441
0.851271 17.702059
0.847437 17.664906
0.842349 17.607744
0.836116 17.531781
0.828884 17.439984
0.820818 17.335436
0.812092 17.220685
0.802877 17.098724
0.793325 16.971421
0.783566 16.842167
0.773722 16.712167
0.763889 16.583240
0.754147 16.456434
0.744562 16.336686
0.735192 16.217208
0.726083 16.102083
0.717283 15.991913
0.708828 15.888396
0.700762 15.790629
0.693131 15.699270
0.685968 15.614510
0.679321 15.537569
0.673230 15.468581
0.667735 15.408012
0.662875 15.356814
0.658688 15.316326
0.655210 15.287196
0.652479 15.269242
0.650529 15.263353
0.649388 15.269931
0.649076 15.289635
0.649611 15.322476
0.651000 15.368739
0.653249 15.428111
0.656353 15.500605
0.660298 15.585857
0.665058 15.683510
0.670586 15.792051
0.676829 15.911650
0.683723 16.040223
0.691183 16.177299
0.699113 16.320540
0.707404 16.468770
0.715948 16.620477
0.724621 16.773059
0.733294 16.924996
0.741841 17.073774
0.750123 17.217073
0.758000 17.352162
0.765330 17.477478
0.771977 17.591712
0.777832 17.690695
0.782800 17.773506
0.786841 17.839330
0.789966 17.881990
0.792247 17.917283
0.793806 17.940845
0.794807 17.957762
0.795444 17.977623
0.795915 18.004347
0.796419 18.034416
0.797134 18.067638
0.798215 18.106135
0.799785 18.151955
0.801932 18.205778
0.804714 18.268616
0.808150 18.340830
0.812228 18.422896
0.816913 18.513972
0.822143 18.612950
0.827835 18.719195
0.833878 18.830766
0.840159 18.946473
0.846548 19.063168
0.852909 19.178594
0.859102 19.291217
0.864989 19.397152
0.870443 19.494652
0.875338 19.581150
0.879567 19.655188
0.883032 19.713917
0.885653 19.756694
0.887372 19.782424
0.888143 19.790068
0.887945 19.779488
0.886771 19.750090
0.884631 19.701965
0.881554 19.635490
0.877584 19.551306
0.872783 19.451364
0.867227 19.271497
0.861003 19.141444
0.854203 18.999678
0.846936 18.849087
0.839307 18.692643
0.831424 18.532114
0.823389 18.368603
0.815306 18.205528
0.807257 18.125628
0.799337 17.979861
0.791620 17.826633
0.784171 17.679379
0.777053 17.538945
0.770317 17.406435
0.764008 17.282582
0.758166 17.167879
0.752823 17.062907
0.748007 16.967892
0.743740 16.883389
0.740040 16.809560
0.736924 16.746503
0.734402 16.694959
0.732486 16.654116
0.731187 16.624439
0.730512 16.605895
0.730463 16.598706
0.731046 16.602800
0.732260 16.618074
0.734111 16.644919
0.736593 16.683605
0.739706 16.732803
0.743444 16.792312
0.747804 16.861967
0.752774 16.941865
0.758343 17.031233
0.764494 17.129917
0.771215 17.237334
0.778478 17.353061
0.786254 17.476422
0.794500 17.607070
0.803180 17.744350
0.812249 17.942154
0.821648 18.087968
0.831305 18.237053
0.841145 18.388769
0.851085 18.541350
0.861033 18.693607
0.870888 18.843210
0.880544 18.988255
0.889884 19.127495
0.898797 19.257481
0.907169 19.376623
0.914890 19.482891
0.921854 19.574412
0.927963 19.650057
0.933137 19.708160
0.937302 19.747592
0.940417 19.768051
0.942446 19.768789
0.943365 19.750852
0.943176 19.713594
0.941899 19.658501
0.939570 19.586429
0.936244 19.498615
0.931983 19.396478
0.926868 19.281620
0.920989 19.155530
0.914448 19.020854
0.907348 18.878206
0.899801 18.730173
0.891909 18.578585
0.883778 18.424882
0.875494 18.270280
0.867148 18.117992
0.858806 17.968699
0.850538 17.822050
0.842389 17.680129
0.834402 17.542477
0.826608 17.409647
0.819036 17.281881
0.811698 17.159149
0.804607 17.040936
0.797769 16.927586
0.791196 16.819391
0.784891 16.715638
0.778862 16.616585
0.773109 16.522091
0.767641 16.431396
0.762464 16.345785
0.757586 16.264032
0.753018 16.186671
0.748767 16.113114
0.744848 16.044763
0.741277 15.980497
0.738063 15.921378
0.735223 15.867843
0.732765 15.820741
0.730703 15.780319
0.729055 15.746982
0.727834 15.721744
0.727054 15.705061
0.726726 15.696782
0.726856 15.698558
0.727456 15.709276
0.728531 15.683582
0.730086 15.693386
0.732116 15.730949
0.734614 15.776431
0.737570 15.829158
0.740964 15.888000
0.744770 15.989088
0.748952 16.059134
0.753460 16.132195
0.758237 16.199162
0.763213 16.276455
0.768306 16.353280
0.773419 16.428185
0.778447 16.498846
0.783279 16.563893
0.787807 16.621374
0.791925 16.669788
0.795539 16.707685
0.798569 16.733657
0.800964 16.747570
0.802705 16.748643
0.803804 16.737231
0.804299 16.713248
0.804273 16.679488
0.803826 16.636838
0.803078 16.587540
0.802153 16.532403
0.801182 16.474694
0.800298 16.415635
0.799624 16.357534
0.799267 16.302101
0.799329 16.250738
0.799892 16.204481
0.801034 16.165451
0.802816 16.133796
0.805293 16.111546
0.808508 16.099321
0.812500 16.097603
0.817306 16.107646
0.822952 16.129623
0.829465 16.164201
0.836864 16.211820
0.845176 16.246455
0.854421 16.324217
0.864615 16.416409
0.875783 16.523907
0.887943 16.647433
0.901116 16.786882
0.915320 16.943621
0.930573 17.117947
0.946890 17.309597
0.964277 17.527204
0.982742 17.751082
1.002277 17.992956
1.022874 18.252284
1.044507 18.528712
1.067133 18.819842
1.090694 19.126912
1.115114 19.448545
1.140289 19.782374
1.166086 20.126412
1.192357 20.405568
1.218920 20.763199
1.245573 21.120800
1.272097 21.474517
1.298260 21.820097
1.323826 22.153262
1.348560 22.470567
1.372238 22.767711
1.394657 23.041542
1.415630 23.289800
1.434997 23.510010
1.452622 23.726202
1.468401 23.884365
1.482261 24.010480
1.494167 24.104142
1.504125 24.165561
1.512175 24.196703
1.518391 24.200868
1.522878 24.178355
1.525752 24.130713
1.527144 24.059492
1.527181 23.967739
1.525987 23.857017
1.523672 23.730619
1.520338 23.590504
1.516065 23.438760
1.510915 23.278769
1.504942 23.113103
1.498179 22.942810
1.490664 22.770056
1.482429 22.595998
1.473509 22.422615
1.463957 22.250829
1.453822 22.082225
1.443152 21.916037
1.432000 21.750827
1.420419 21.587035
1.408455 21.424788
1.396150 21.264325
1.383545 21.197312
1.370675 21.042079
1.357582 20.889237
1.344304 20.738102
1.330881 20.588134
1.317351 20.437473
1.303760 20.286720
1.290147 20.135252
1.276551 19.983958
1.263007 19.832537
1.249552 19.681163
1.236213 19.529810
1.223015 19.377995
1.209985 19.225992
1.197134 19.074332
1.184471 18.922373
1.172003 18.770807
1.159726 18.619118
1.147640 18.467469
1.135736 18.316376
1.124005 18.166209
1.112437 18.016328
1.101019 17.866722
1.089742 17.717309
1.078596 17.567905
1.067576 17.419114
1.056681 17.270055
1.045910 17.121263
1.035269 16.972826
1.024767 16.824820
1.014422 16.678105
1.004257 16.532047
0.994299 16.386956
0.984575 16.243024
0.975124 16.100669
0.965979 15.959951
0.957184 15.822041
0.948779 15.686713
0.940815 15.555483
0.933338 15.428020
0.926395 15.215873
0.920030 15.099346
0.914289 14.989563
0.909216 14.887186
0.904840 14.791968
0.901183 14.705696
0.898255 14.629185
0.896053 14.562358
0.894551 14.506760
0.893708 14.463036
0.893453 14.433345
0.893701 14.419596
0.894346 14.422350
0.895270 14.443956
0.896363 14.485097
0.897538 14.545443
0.898745 14.626919
0.899986 14.727992
0.901316 14.847426
0.902840 14.994587
0.904705 15.145849
0.907087 15.313444
0.910164 15.499449
0.914116 15.705165
0.919104 15.932878
0.925271 16.185252
0.932726 16.462896
0.941545 16.765519
0.951755 17.092634
0.963349 17.443649
0.976263 17.817528
0.990371 18.211304
1.005484 18.621062
1.021332 19.040533
1.037570 19.463169
1.053755 19.880528
1.069357 20.280606
1.083772 20.652990
1.096336 20.984410
1.106376 21.260276
1.113265 21.468275
1.116508 21.597963
1.115803 21.644136
1.111090 21.605038
1.102555 21.484698
1.090602 21.290706
1.075798 21.034684
1.058791 20.729299
1.040233 20.387049
1.020741 20.021176
1.000861 19.642824
0.981054 19.261801
0.961700 18.886033
0.943103 18.522096
0.925492 18.174932
0.909031 17.848197
0.893839 17.544308
0.879986 17.265238
0.867515 17.011651
0.856436 16.784042
0.846743 16.582392
0.838416 16.405806
0.831418 16.254428
0.825704 16.126999
0.821224 16.023869
0.817927 15.943550
0.815753 15.885219
0.814646 15.847916
0.814546 15.829958
0.815395 15.831074
0.817140 15.849279
0.819733 15.883118
0.823125 15.931675
0.827273 15.993913
0.832136 16.069011
0.837678 16.156571
0.843861 16.255279
0.850655 16.364326
0.858034 16.482799
0.865972 16.609238
0.874451 16.743411
0.883454 16.884430
0.892965 17.031693
0.902972 17.184621
0.913461 17.343269
0.924429 17.506806
0.935865 17.675169
0.947761 17.848100
0.960107 18.024455
0.972885 18.203549
0.986075 18.385355
0.999653 18.568814
1.013584 18.753422
1.027837 18.938560
1.042367 19.123185
1.057123 19.306993
1.072057 19.488999
1.087113 19.668453
1.102233 19.857666
1.117358 20.030508
1.132429 20.198929
1.147382 20.362450
1.162162 20.520405
1.176709 20.672703
1.190959 20.819460
1.204852 20.958620
1.218323 21.090661
1.231304 21.214467
1.243730 21.328984
1.255533 21.432675
1.266666 21.525273
1.277090 21.605099
1.286784 21.672261
1.295759 21.726866
1.304050 21.769254
1.311726 21.800189
1.318882 21.822025
1.325637 21.836403
1.332128 21.845954
1.338507 21.852500
1.344937 21.859097
1.351580 21.869046
1.358594 21.885259
1.366121 21.912030
1.374303 21.952198
1.383257 22.009064
1.393093 22.085085
1.403899 22.183205
1.415747 22.304130
1.428688 22.450395
1.442756 22.621530
1.457964 22.817760
1.474310 23.038637
1.491759 23.283821
1.510247 23.553228
1.529668 23.844743
1.549840 24.155678
1.570485 24.480984
1.591189 24.814031
1.611336 25.143926
1.630060 25.454638
1.646205 25.725242
1.658308 25.928682
1.664719 26.037668
1.663883 26.187485
1.655264 26.061825
1.640019 25.831555
1.620054 25.521902
1.597092 25.160037
1.572564 24.769598
1.547568 24.370750
1.522882 23.976529
1.499022 23.570028
1.476310 23.081482
1.454927 22.746618
1.434953 22.435756
1.416409 22.147406
1.399272 21.880550
1.383502 21.633936
1.369044 21.408335
1.355845 21.201615
1.343846 21.013865
1.332988 20.844865
1.323220 20.694021
1.314480 20.665689
1.306716 20.549840
1.299870 20.498571
1.293883 20.422143
1.288697 20.365705
1.284252 20.328842
1.280501 20.264062
1.277405 20.262663
1.274934 20.275629
1.273083 20.302125
1.271857 20.343556
1.271276 20.397647
1.271367 20.462263
1.272155 20.537495
1.273650 20.623910
1.275840 20.719397
1.278687 20.825147
1.282115 20.938553
1.286004 21.057846
1.290198 21.180106
1.294499 21.302268
1.298680 21.421071
1.302498 21.530849
1.305719 21.627405
1.308133 21.707032
1.309585 21.768206
1.309974 21.809400
1.309276 21.831400
1.307549 21.836439
1.304919 21.826134
1.301582 21.803150
1.297768 21.772371
1.293729 21.737723
1.289725 21.705066
1.285990 21.678837
1.282729 21.663486
1.280114 21.663048
1.278251 21.681285
1.277179 21.717941
1.276876 21.772122
1.277253 21.843015
1.278158 21.926363
1.279392 22.017625
1.280716 22.135718
1.281882 22.226461
1.282646 22.309979
1.282799 22.380706
1.282192 22.436412
1.280756 22.475263
1.278495 22.496948
1.275470 22.502266
1.271787 22.493402
1.267562 22.470961
1.262899 22.436969
1.257881 22.392885
1.252576 22.339646
1.247024 22.369751
1.241252 22.297071
1.235282 22.216195
1.229137 22.127983
1.222840 22.103878
1.216430 22.003927
1.209950 21.898281
1.203459 21.789736
1.197027 21.679890
1.190730 21.570726
1.184642 21.464725
1.178834 21.363767
1.173372 21.269806
1.168319 21.184392
1.163726 21.108823
1.159632 21.044325
1.156069 20.992653
1.153055 20.955039
1.150599 20.931652
1.148708 20.923409
1.147377 20.928623
1.146591 20.951230
1.146340 20.989727
1.146598 21.045164
1.147338 21.118484
1.148521 21.212006
1.150109 21.323098
1.152054 21.443345
1.154303 21.569746
1.156807 21.701629
1.159504 21.836338
1.162333 21.971333
1.165240 22.105094
1.168175 22.237361
1.171090 22.367066
1.173941 22.494417
1.176689 22.618177
1.179310 22.737545
1.181785 22.851611
1.184101 23.009053
1.186254 23.108490
1.188244 23.201464
1.190073 23.287199
1.191743 23.365617
1.193265 23.437681
1.194642 23.502502
1.195875 23.560331
1.196963 23.611752
1.197903 23.656429
1.198686 23.693553
1.199295 23.723278
1.199713 23.744577
1.199924 23.758672
1.199917 23.765178
1.199681 23.764347
1.199208 23.754773
1.198508 23.737826
1.197597 23.713296
1.196503 23.778944
1.195258 23.740465
1.193904 23.697048
1.192489 23.650700
1.191066 23.602545
1.189679 23.554104
1.188371 23.506122
1.187167 23.459624
1.186081 23.414297
1.185100 23.371003
1.184190 23.328051
1.183285 23.283968
1.182279 23.236298
1.181027 23.182419
1.179350 23.118492
1.177037 23.041558
1.173855 22.946701
1.169568 22.829933
1.163954 22.687439
1.156834 22.515457
1.148099 22.313213
1.137720 22.080593
1.125761 21.819230
1.112377 21.532918
1.097795 21.226853
1.082289 20.906841
1.066148 20.579134
1.049653 20.248382
1.033059 19.920214
1.016576 19.599111
1.000382 19.288509
0.984606 18.991152
0.969338 18.708002
0.954647 18.441344
0.940578 18.191943
0.927152 17.974911
0.914380 17.760239
0.902267 17.562646
0.890808 17.381660
0.879996 17.216386
0.869831 17.067281
0.860312 16.933657
0.851438 16.813905
0.843219 16.707683
0.835661 16.614035
0.828781 16.532704
0.822603 16.462846
0.817156 16.404382
0.812467 16.357457
0.808572 16.321410
0.805505 16.296500
0.803301 16.283274
0.801995 16.282666
0.801631 16.294548
0.802246 16.319808
0.803879 16.357949
0.806563 16.409916
0.810337 16.475427
0.815230 16.555278
0.821272 16.649646
0.828487 16.759069
0.836902 16.884658
0.846535 17.027718
0.857403 17.190017
0.869518 17.371368
0.882884 17.572026
0.897503 17.791951
0.913366 18.031625
0.930459 18.291793
0.948755 18.572361
0.968223 18.872728
0.988814 19.193989
1.010475 19.533740
1.033140 19.890046
1.056730 20.261016
1.081144 20.643725
1.106283 21.037194
1.132022 21.438368
1.158223 21.844364
1.184734 22.252851
1.211390 22.660081
1.238013 23.062564
1.264408 23.456978
1.290365 23.839261
1.315650 24.205061
1.339994 24.549975
1.363099 24.869038
1.384630 25.156843
1.404221 25.407517
1.421514 25.615275
1.436201 25.775222
1.448082 25.883970
1.457108 25.940710
1.463400 25.948942
1.467254 25.913254
1.469086 25.840628
1.469405 25.631129
1.468740 25.515080
1.467609 25.390969
1.466477 25.266338
1.465741 25.149532
1.465710 25.045047
1.466605 24.957122
1.468562 24.924076
1.471624 24.874630
1.475752 24.844361
1.480816 24.832963
1.486596 24.838290
1.492781 24.857093
1.498975 24.883076
1.504711 24.911719
1.509484 24.940173
1.512839 24.964346
1.514463 25.048908
1.514252 25.057195
1.512237 25.050993
1.508502 25.023833
1.503079 24.973470
1.495923 24.896362
1.486907 24.790597
1.475876 24.654571
1.462775 24.488006
1.447746 24.292027
1.431108 24.070183
1.413273 23.826973
1.394681 23.567751
1.375772 23.298533
1.356942 23.025843
1.338540 22.754286
1.320863 22.488580
1.304158 22.232709
1.288618 21.989825
1.274398 21.760680
1.261632 21.549969
1.250425 21.358901
1.240861 21.188613
1.233010 21.043054
1.226933 20.922482
1.222676 20.828149
1.220266 20.759722
1.219729 20.717822
1.221073 20.703764
1.224286 20.716707
1.229337 20.757384
1.236173 20.824452
1.244703 20.917670
1.254793 21.033815
1.266257 21.171539
1.278835 21.325215
1.292181 21.488925
1.305859 21.655980
1.319321 21.816509
1.331918 21.959017
1.342921 22.158515
1.351570 22.231134
1.357209 22.255067
1.359461 22.228860
1.358381 22.156656
1.354459 22.047287
1.348394 21.910288
1.340886 21.755140
1.332537 21.591689
1.323825 21.427303
1.315118 21.266670
1.306692 21.113784
1.298739 20.971360
1.291387 20.839469
1.284712 20.720859
1.278759 20.614486
1.273532 20.521328
1.269010 20.440425
1.265147 20.372134
1.261878 20.314892
1.259115 20.268665
1.256760 20.232556
1.254698 20.203456
1.252810 20.180156
1.250956 20.160069
1.249004 20.140117
1.246815 20.117282
1.244249 20.089443
1.241190 20.053997
1.237533 20.009485
1.233198 19.954188
1.228133 19.887398
1.222312 19.809365
1.215745 19.719426
1.208477 19.618411
1.200586 19.507711
1.192172 19.388835
1.183362 19.263879
1.174292 19.137218
1.165114 19.009850
1.155987 18.885213
1.147060 18.767015
1.138477 18.656788
1.130372 18.556924
1.122858 18.469567
1.116035 18.396824
1.109975 18.339029
1.104741 18.296642
1.100360 18.270195
1.096854 18.259869
1.094205 18.264826
1.092374 18.280004
1.091303 18.309493
1.090906 18.349409
1.091069 18.398433
1.091669 18.452655
1.092567 18.509801
1.093613 18.566620
1.094664 18.620109
1.095584 18.666693
1.096256 18.703409
1.096585 18.727017
1.096515 18.735218
1.096035 18.726147
1.095166 18.699804
1.093960 18.656693
1.092515 18.597997
1.090942 18.527483
1.089373 18.447306
1.087940 18.360603
1.086776 18.270518
1.086002 18.179775
1.085729 18.091763
1.086056 18.009651
1.087066 17.934988
1.088829 17.871213
1.091395 17.820583
1.094808 17.786917
1.099092 17.772981
1.104272 17.781035
1.110357 17.813077
1.117348 17.870700
1.125240 17.955241
1.134023 18.066033
1.143683 18.202282
1.154195 18.361438
1.165526 18.541079
1.177635 18.737570
1.190475 18.949630
1.203993 19.174981
1.218116 19.410828
1.232764 19.655724
1.247838 19.907241
1.263214 20.178809
1.278758 20.437230
1.294302 20.694023
1.309649 20.945343
1.324581 21.186365
1.338860 21.412387
1.352226 21.618370
1.364417 21.797788
1.375188 21.945843
1.384320 22.087063
1.391655 22.158659
1.397103 22.188550
1.400665 22.176190
1.402424 22.123995
1.402554 22.036480
1.401286 21.918951
1.398903 21.754233
1.395692 21.596484
1.391941 21.429426
1.387924 21.258034
1.383880 21.088064
1.380030 20.924129
1.376550 20.770050
1.373595 20.628274
1.371293 20.503052
1.369752 20.395619
1.369060 20.307944
1.369284 20.241102
1.370481 20.196116
1.372688 20.173138
1.375926 20.173501
1.380208 20.197357
1.385524 20.244031
1.391852 20.313241
1.399141 20.404434
1.407320 20.516386
1.416280 20.646636
1.425881 20.793308
1.435949 20.953067
1.446266 21.122864
1.456573 21.297204
1.466587 21.471555
1.475993 21.640319
1.484460 21.713285
1.491667 21.852273
1.497316 21.970233
1.501158 22.063011
1.503010 22.128118
1.502773 22.163638
1.500421 22.168821
1.495998 22.143531
1.489609 22.089034
1.481396 22.006067
1.471567 21.896221
1.460362 21.658097
1.448062 21.507395
1.434991 21.344234
1.421495 21.175239
1.407939 21.007452
1.394674 20.846822
1.382014 20.698921
1.370214 20.566970
1.359458 20.453937
1.349859 20.361058
1.341467 20.288626
1.334261 20.235817
1.328183 20.200193
1.323115 20.179304
1.318907 20.169605
1.315379 20.167387
1.312322 20.168870
1.309519 20.170098
1.306757 20.166986
1.303840 20.156892
1.300600 20.136862
1.296912 20.105864
1.292683 20.064552
1.287851 20.013669
1.282368 19.954398
1.276191 19.886355
1.269255 19.811097
1.261473 19.727470
1.252730 19.635316
1.242907 19.533834
1.231910 19.420298
1.219715 19.294480
1.206387 19.155258
1.192079 19.002632
1.177006 18.838922
1.161429 18.667247
1.145627 18.491422
1.129882 18.316305
1.114464 18.146253
1.099612 17.874051
1.085528 17.730355
1.072402 17.602875
1.060377 17.473572
1.049567 17.386742
1.040062 17.323214
1.031919 17.283956
1.025173 17.269717
1.019836 17.280442
1.015887 17.315102
1.013277 17.373203
1.011916 17.452441
1.011673 17.549523
1.012359 17.782825
1.013716 17.938647
1.015424 18.059941
1.017079 18.175514
1.018235 18.274559
1.018410 18.347346
1.017141 18.383812
1.014042 18.375102
1.008864 18.313851
1.001530 18.197506
0.992155 18.027904
0.981030 17.810396
0.968586 17.554816
0.955344 17.272023
0.941850 16.973204
0.928621 16.668877
0.916105 16.368645
0.904669 16.079309
0.894590 15.805570
0.886073 15.552351
0.879253 15.325513
0.874219 15.129794
0.871022 14.976056
0.869687 14.893775
0.870219 14.922357
0.872605 15.066236
0.876826 15.282818
0.882856 15.542527
0.890653 15.832834
0.900166 16.147756
0.911324 16.483195
0.924039 16.836395
0.938187 17.204996
0.953594 17.584203
0.970028 17.969959
0.987186 18.357236
1.004685 18.738560
1.022081 19.104998
1.038893 19.447170
1.054652 19.756351
1.068937 20.023615
1.081409 20.242527
1.091829 20.409075
1.100045 20.521950
1.106004 20.582475
1.109727 20.592174
1.111292 20.553194
1.110833 20.468155
1.108528 20.203242
1.104610 20.035803
1.099366 19.836692
1.093149 19.613718
1.086352 19.375987
1.079402 19.131626
1.072702 18.888534
1.066623 18.653265
1.061457 18.430128
1.057429 18.223412
1.054717 18.034716
1.053444 17.866184
1.053698 17.719161
1.055547 17.595372
1.059039 17.497713
1.064215 17.428776
1.071098 17.392954
1.079698 17.397591
1.090002 17.451629
1.101968 17.565564
1.115512 17.752149
1.130518 18.005713
1.146808 18.317417
1.164144 18.675124
1.182231 19.065145
1.200714 19.475489
1.219206 19.893323
1.237292 20.306655
1.254579 20.706490
1.270703 21.082898
1.285359 21.428777
1.298320 21.738450
1.309429 22.008958
1.318613 22.238779
1.325865 22.427316
1.331238 22.575333
1.334819 22.684655
1.336738 22.757236
1.337149 22.796702
1.336225 22.807395
1.334158 22.794666
1.331155 22.762989
1.327425 22.716988
1.323170 22.660580
1.318582 22.596539
1.313834 22.529283
1.309070 22.462266
1.304416 22.472618
1.299959 22.410991
1.295762 22.355291
1.291857 22.306227
1.288250 22.264907
1.284921 22.197368
1.281829 22.168223
1.278917 22.143944
1.276122 22.122742
1.273363 22.104091
1.270563 22.086475
1.267647 22.068135
1.264547 22.048841
1.261209 22.027246
1.257588 22.002958
1.253660 21.975461
1.249409 21.943963
1.244837 21.909119
1.239955 21.870611
1.234779 21.829334
1.229335 21.785781
1.223644 21.739474
1.217749 21.691419
1.211676 21.641431
1.205459 21.589828
1.199131 21.536837
1.192734 21.481365
1.186315 21.423698
1.179926 21.363952
1.173627 21.302469
1.167487 21.239797
1.161581 21.176081
1.155983 21.113915
1.150781 21.054024
1.146055 20.999163
1.141891 20.951498
1.138373 20.911383
1.135583 20.881424
1.133596 20.864892
1.132486 20.863987
1.132318 20.878852
1.133153 20.909960
1.135038 20.958660
1.138020 21.026080
1.142137 21.113918
1.147415 21.221449
1.153892 21.351190
1.161586 21.503527
1.170517 21.678771
1.180692 21.877141
1.192124 22.099466
1.204813 22.344443
1.218754 22.612654
1.233937 22.902958
1.250347 23.216839
1.267957 23.553084
1.286736 23.909389
1.306651 24.284658
1.327661 24.677710
1.349720 25.087282
1.372778 25.511901
1.396779 25.950182
1.421658 26.401089
1.447346 26.863583
1.473749 27.336390
1.500760 27.818044
1.528237 28.306691
1.556004 28.799241
1.583835 29.292434
1.611448 29.781891
1.638502 30.262157
1.664593 30.634454
1.689258 31.069478
1.711980 31.470918
1.732191 31.828480
1.749325 32.131823
1.762839 32.368153
1.772281 32.527328
1.777349 32.602118
1.777922 32.588352
1.774089 32.486409
1.766141 32.302389
1.754530 32.045378
1.739842 31.727718
1.722707 31.362060
1.703764 30.961339
1.683581 30.537052
1.662648 30.099191
1.641344 29.654086
1.619973 29.207576
1.598730 28.763577
1.577784 28.325301
1.557223 27.893730
1.537143 27.470627
1.517576 27.055835
1.498591 26.650123
1.480201 26.277103
1.462470 25.889474
1.445405 25.511950
1.429077 25.145347
1.413494 24.790105
1.398719 24.447612
1.384762 24.117528
1.371678 23.800990
1.359476 23.498480
1.348194 23.211099
1.337849 22.938369
1.328466 22.680677
1.320061 22.438607
1.312663 22.212622
1.306290 22.003208
1.300964 21.811112
1.296707 21.637353
1.293533 21.482683
1.291455 21.348265
1.290482 21.236179
1.290615 21.147143
1.291848 21.080939
1.294162 21.036819
1.297532 21.015099
1.301924 21.013115
1.307296 21.030526
1.313602 21.066133
1.320784 21.121289
1.328783 21.195817
1.337541 21.289454
1.346997 21.399857
1.357090 21.527679
1.367770 21.671879
1.378987 21.832757
1.390691 22.009885
1.402837 22.198703
1.415380 22.407012
1.428270 22.627706
1.441450 22.858993
1.454844 23.098968
1.468365 23.379401
1.481894 23.629704
1.495288 23.881164
1.508381 24.131045
1.520978 24.376225
1.532858 24.611782
1.543793 24.835308
1.553548 25.042421
1.561897 25.228962
1.568616 25.391008
1.573511 25.522723
1.576405 25.620033
1.577159 25.679860
1.575667 25.697429
1.571862 25.670378
1.565738 25.597541
1.557338 25.478551
1.546760 25.313941
1.534168 25.105408
1.519761 24.855944
1.503794 24.569996
1.486570 24.254100
1.468455 23.915665
1.449868 23.563214
1.431264 23.204613
1.413113 22.849552
1.395885 22.507269
1.380026 22.188002
1.365942 21.901507
1.353984 21.656836
1.344451 21.460110
1.337577 21.318928
1.333527 21.238653
1.332401 21.224045
1.334224 21.276933
1.338950 21.394309
1.346453 21.572204
1.356526 21.805656
1.368883 22.089109
1.383146 22.413442
1.398853 22.767715
1.415475 23.142195
1.432426 23.523136
1.449092 23.898370
1.464862 24.256081
1.479158 24.584185
1.491464 24.872910
1.501341 25.113206
1.508445 25.298555
1.512566 25.423811
1.513626 25.486148
1.511695 25.485957
1.506935 25.424124
1.499580 25.303619
1.489917 25.129420
1.478310 24.909395
1.465183 24.652996
1.451017 24.371756
1.436299 24.076127
1.421449 23.782271
1.406790 23.475848
1.392520 23.175412
1.378729 22.884748
1.365411 22.603982
1.352505 22.335048
1.339917 22.077112
1.327526 21.827950
1.315233 21.587541
1.302939 21.354413
1.290570 21.128495
1.278090 20.907782
1.265505 20.691058
1.252866 20.478370
1.240260 20.269804
1.227794 20.066507
1.215579 19.869637
1.203720 19.679404
1.192310 19.497920
1.181423 19.325889
1.171113 19.163846
1.161416 19.010754
1.152347 18.868707
1.143909 18.738123
1.136092 18.619312
1.128875 18.512886
1.122237 18.417423
1.116150 18.332703
1.110576 18.257620
1.105491 18.191816
1.100859 18.134341
1.096649 18.085539
1.092829 18.044553
1.089363 18.011820
1.086220 17.986955
1.083366 17.970462
1.080767 17.960519
1.078395 17.956438
1.076208 17.957831
1.074165 17.962280
1.072224 17.967553
1.070349 17.973165
1.068496 17.978043
1.066617 17.980083
1.064669 17.979290
1.062606 17.973203
1.060379 17.961271
1.057940 17.943130
1.055247 17.916580
1.052255 17.884383
1.048927 17.839610
1.045234 17.785800
1.041149 17.722626
1.036648 17.650423
1.031725 17.569026
1.026373 17.478556
1.020600 17.379582
1.014413 17.273363
1.007834 17.162149
1.000884 17.047804
0.993595 16.932861
0.985999 16.819139
0.978137 16.707634
0.970043 16.598972
0.961759 16.493646
0.953322 16.391935
0.944765 16.294189
0.936125 16.199925
0.927428 16.109656
0.918702 16.022361
0.909968 15.938040
0.901247 15.834324
0.892554 15.757076
0.883897 15.682997
0.875282 15.610961
0.866708 15.540413
0.858176 15.470879
0.849681 15.402244
0.841212 15.333622
0.832756 15.265398
0.824304 15.197120
0.815844 15.128076
0.807361 15.058570
0.798840 14.988064
0.790270 14.917015
0.781641 14.845250
0.772943 14.772457
0.764181 14.702064
0.755361 14.626775
0.746497 14.550331
0.737607 14.473012
0.728709 14.394460
0.719842 14.316374
0.711046 14.238823
0.702364 14.162209
0.693851 14.087856
0.685554 14.015960
0.677532 13.947768
0.669837 13.883344
0.662532 13.825217
0.655675 13.773662
0.649319 13.729476
0.643515 13.692952
0.638307 13.664862
0.633742 13.645653
0.629857 13.635836
0.626682 13.636714
0.624246 13.648024
0.622563 13.670160
0.621648 13.704172
0.621501 13.762393
0.622121 13.830103
0.623492 13.896308
0.625594 13.973415
0.628401 14.060911
0.631879 14.157884
0.635983 14.262974
0.640662 14.375504
0.645858 14.493767
0.651504 14.617225
0.657528 14.744101
0.663856 14.872971
0.670407 15.002528
0.677105 15.131231
0.683864 15.257530
0.690605 15.379964
0.697252 15.497414
0.703725 15.608576
0.709957 15.709230
0.715892 15.816940
0.721486 15.902111
0.726703 15.950519
0.731518 16.014066
0.735917 16.067834
0.739904 16.111175
0.743490 16.145155
0.746707 16.170056
0.749593 16.187028
0.752201 16.196186
0.754589 16.198840
0.756824 16.196584
0.758986 16.190980
0.761153 16.182889
0.763412 16.175254
0.765846 16.168638
0.768543 16.165331
0.771586 16.166631
0.775055 16.174527
0.779030 16.191411
0.783579 16.219392
0.788768 16.261543
0.794651 16.320263
0.801275 16.397949
0.808679 16.496257
0.816887 16.616592
0.825915 16.740124
0.835771 16.902522
0.846439 17.085829
0.857904 17.289379
0.870138 17.510299
0.883102 17.746301
0.896746 17.996225
0.911016 18.259387
0.925848 18.532515
0.941176 18.813468
0.956928 19.100843
0.973039 19.392493
0.989435 19.687468
1.006046 19.985251
1.022801 20.284026
1.039638 20.582809
1.056488 20.879886
1.073280 21.127425
1.089931 21.415356
1.106365 21.696510
1.122495 21.969140
1.138217 22.230444
1.153417 22.477372
1.167962 22.706509
1.181724 22.914578
1.194566 23.098368
1.206361 23.255142
1.217007 23.383068
1.226442 23.481347
1.234655 23.552068
1.241695 23.594824
1.247675 23.613986
1.252761 23.614066
1.257161 23.600031
1.261103 23.576106
1.264807 23.524693
1.268476 23.492350
1.272272 23.461154
1.276304 23.434071
1.280634 23.412003
1.285274 23.394612
1.290190 23.381704
1.295303 23.370137
1.300520 23.359444
1.305716 23.347510
1.310758 23.331910
1.315503 23.308336
1.319828 23.424298
1.323629 23.378595
1.326824 23.319018
1.329361 23.244586
1.331218 23.156222
1.332411 23.053451
1.332992 22.938788
1.333031 22.814190
1.332625 22.682639
1.331878 22.546976
1.330905 22.410802
1.329829 22.276078
1.328760 22.146647
1.327804 22.012095
1.327061 21.902830
1.326616 21.807100
1.326536 21.727170
1.326880 21.665043
1.327683 21.621877
1.328975 21.598637
1.330763 21.595321
1.333038 21.611307
1.335779 21.644217
1.338960 21.693652
1.342531 21.757320
1.346435 21.834526
1.350603 21.922629
1.354961 22.019217
1.359422 22.121239
1.363902 22.227321
1.368317 22.334572
1.372576 22.440213
1.376614 22.542759
1.380358 22.640168
1.383748 22.731224
1.386735 22.814868
1.389282 22.890712
1.391362 22.958518
1.392957 22.921663
1.394057 22.970377
1.394668 23.009844
1.394802 23.039236
1.394480 23.057835
1.393733 23.065400
1.392604 23.062103
1.391152 23.049057
1.389447 23.026506
1.387558 22.994957
1.385572 22.903864
1.383585 22.863046
1.381693 22.818324
1.380000 22.770984
1.378605 22.722610
1.377616 22.675842
1.377135 22.631370
1.377275 22.593070
1.378150 22.564602
1.379883 22.546981
1.382588 22.541872
1.386375 22.551504
1.391336 22.627487
1.397556 22.665086
1.405085 22.722075
1.413939 22.799221
1.424087 22.895862
1.435445 23.011117
1.447865 23.142158
1.461137 23.285769
1.474979 23.437670
1.489050 23.592969
1.502952 23.744268
1.516280 23.886082
1.528609 24.013143
1.539584 24.120296
1.548865 24.201960
1.556136 24.251781
1.560981 24.261732
1.562735 24.222946
1.560436 24.126354
1.553412 23.968038
1.541951 23.749993
1.526969 23.480956
1.509437 23.172591
1.490317 22.839710
1.470514 22.497736
1.450817 22.159332
1.431870 21.833932
1.414163 21.528841
1.398046 21.249069
1.383759 20.998498
1.371445 20.778975
1.361179 20.593206
1.352986 20.440588
1.346852 20.321195
1.342741 20.234406
1.340599 20.180160
1.340368 20.157567
1.341983 20.166211
1.345370 20.204745
1.350453 20.273075
1.357148 20.370173
1.365355 20.494773
1.374971 20.645631
1.385855 20.820927
1.397841 21.017445
1.410717 21.230050
1.424199 21.454268
1.437942 21.681830
1.451501 21.904905
1.464337 22.113675
1.475843 22.296951
1.485388 22.443110
1.492419 22.541374
1.496543 22.583833
1.497595 22.566690
1.495656 22.491064
1.491019 22.361019
1.484112 22.184729
1.475450 21.971006
1.465554 21.730466
1.454919 21.472840
1.443985 21.206605
1.433128 20.939641
1.422653 20.677848
1.412802 20.399528
1.403766 20.164991
1.395691 19.919241
1.388676 19.723937
1.382794 19.541839
1.378100 19.388152
1.374628 19.257283
1.372391 19.150009
1.371388 19.066351
1.371606 19.006874
1.373028 18.971847
1.375624 18.960885
1.379355 18.973508
1.384172 19.009873
1.390038 19.068471
1.396891 19.146667
1.404673 19.244023
1.413311 19.358922
1.422726 19.490840
1.432818 19.637523
1.443490 19.796647
1.454632 19.965370
1.466111 20.141554
1.477783 20.321406
1.489491 20.502734
1.501068 20.682931
1.512333 20.858715
1.523112 21.026754
1.533229 21.184208
1.542520 21.328584
1.550842 21.457371
1.558081 21.556989
1.564151 21.648370
1.569005 21.720678
1.572629 21.773322
1.575044 21.806377
1.576292 21.820796
1.576446 21.817596
1.575590 21.798213
1.573820 21.763907
1.571237 21.716220
1.567947 21.658274
1.564055 21.591065
1.559662 21.516229
1.554861 21.435823
1.549740 21.351563
1.544375 21.264477
1.538832 21.176625
1.533171 21.088331
1.527439 21.000610
1.521684 20.914936
1.515938 20.831504
1.510228 20.751963
1.504569 20.676390
1.498982 20.605075
1.493479 20.538699
1.488055 20.476957
1.482714 20.421544
1.477457 20.370106
1.472275 20.324195
1.467163 20.283712
1.462113 20.248466
1.457117 20.218447
1.452160 20.193739
1.447236 20.173635
1.442328 20.157686
1.437427 20.145462
1.432517 20.137214
1.427589 20.132894
1.422633 20.129694
1.417636 20.128560
1.412586 20.129357
1.407473 20.131180
1.402282 20.133848
1.397004 20.136399
1.391625 20.137703
1.386141 20.137738
1.380540 20.135642
1.374816 20.131304
1.368966 20.123884
1.362989 20.112702
1.356889 20.097895
1.350670 20.079160
1.344350 20.056562
1.337943 20.030626
1.331470 20.001635
1.324957 19.969069
1.318437 19.933802
1.311945 19.896762
1.305516 19.857932
1.299189 19.817852
1.292992 19.777573
1.286953 19.737743
1.281093 19.698121
1.275420 19.701758
1.269929 19.661281
1.264606 19.621954
1.259408 19.582865
1.254270 19.543385
1.249106 19.501826
1.243789 19.455971
1.238169 19.404156
1.232061 19.343533
1.225255 19.270676
1.217529 19.182537
1.208672 19.076473
1.198502 18.949577
1.186910 18.801336
1.173875 18.631562
1.159476 18.441715
1.143864 18.233956
1.127249 18.010876
1.109868 17.776713
1.091957 17.534822
1.073744 17.288263
1.055429 17.040752
1.037193 16.794759
1.019188 16.552385
1.001535 16.315434
0.984331 16.085872
0.967650 15.864559
0.951548 15.652089
0.936064 15.448982
0.921228 15.255566
0.907053 15.072255
0.893552 14.898684
0.880726 14.735224
0.868577 14.582324
0.857099 14.439516
0.846296 14.307755
0.836164 14.185722
0.826696 14.074243
0.817888 13.973473
0.809741 13.882928
0.802254 13.802530
0.795426 13.732318
0.789255 13.671866
0.783744 13.621480
0.778890 13.580862
0.774693 13.550037
0.771160 13.529247
0.768291 13.518460
0.766096 13.517634
0.764576 13.526591
0.763736 13.546234
0.763585 13.575479
0.764129 13.615116
0.765372 13.665021
0.767322 13.724868
0.769986 13.795555
0.773374 13.876781
0.777494 13.968724
0.782351 14.071028
0.787951 14.185076
0.794305 14.309656
0.801414 14.445815
0.809283 14.593249
0.817912 14.752461
0.827298 14.923109
0.837430 15.084380
0.848280 15.275952
0.859803 15.477114
0.871926 15.686787
0.884537 15.903687
0.897471 16.124245
0.910485 16.344465
0.923251 16.558963
0.935342 16.760690
0.946216 16.940648
0.955275 17.087831
0.961901 17.191464
0.965544 17.240755
0.965820 17.228418
0.962569 17.150191
0.955884 17.007098
0.946100 16.805173
0.933727 16.554138
0.919377 16.265652
0.903690 15.951534
0.887259 15.622391
0.870595 15.287937
0.854113 14.955369
0.838130 14.630198
0.822876 14.316181
0.808511 14.016687
0.795148 13.734462
0.782849 13.469310
0.771657 13.223748
0.761582 12.997207
0.752634 12.790279
0.744804 12.603677
0.738073 12.438135
0.732417 12.294442
0.727813 12.175169
0.724229 12.083329
0.721639 12.020015
0.720012 11.980729
0.719318 11.962596
0.719528 11.962824
0.720616 11.979389
0.722554 12.010700
0.725317 12.055590
0.728874 12.113120
0.733203 12.183045
0.738286 12.264763
0.744105 12.358143
0.750641 12.462607
0.757882 12.577731
0.765814 12.703701
0.774428 12.839489
0.783715 12.985311
0.793667 13.140808
0.804272 13.307184
0.815527 13.483520
0.827439 13.669942
0.840007 13.877386
0.853231 14.085546
0.867112 14.304227
0.881657 14.533953
0.896869 14.774410
0.912750 15.025880
0.929299 15.288120
0.946524 15.561484
0.964423 15.845788
0.982994 16.141081
1.002237 16.446917
1.022153 16.764272
1.042729 17.092583
1.063958 17.432520
1.085829 17.783429
1.108321 18.144706
1.131408 18.516160
1.155066 18.897052
1.179269 19.288200
1.203985 19.688778
1.229183 20.097551
1.254833 20.514662
1.280907 20.940215
1.307382 21.373961
1.334232 21.814978
1.361428 22.263025
1.388938 22.717705
1.416719 23.178083
1.444717 23.643327
1.472857 24.112139
1.501036 24.582592
1.529115 25.052599
1.556905 25.518783
1.584151 25.976741
1.610524 26.420049
1.635602 26.839856
1.658855 27.229394
1.679653 27.574347
1.697275 27.862648
1.711037 28.085908
1.720553 28.239308
1.725906 28.325699
1.727517 28.350232
1.725898 28.320229
1.721508 28.242907
1.714737 28.125709
1.705886 27.972678
1.695167 27.787787
1.682708 27.573679
1.668514 27.330369
1.652465 27.054625
1.634263 26.742847
1.613479 26.390873
1.589768 25.994262
1.563157 25.553499
1.534040 25.072235
1.502978 24.557594
1.470596 24.017987
1.437505 23.463138
1.404264 22.903458
1.371348 22.346521
1.339145 21.799703
1.307958 21.269508
1.278009 20.759985
1.249457 20.273158
1.222402 19.809955
1.196908 19.373154
1.173005 18.962947
1.150701 18.579673
1.129988 18.223716
1.110844 17.894924
1.093243 17.593079
1.077151 17.359978
1.062530 17.109082
1.049347 16.884264
1.037570 16.684611
1.027164 16.508781
1.018096 16.356793
1.010336 16.242368
1.003856 16.133871
0.998628 16.047596
0.994632 15.983885
0.991846 15.941417
0.990252 15.920654
0.989838 15.921980
0.990580 15.945054
0.992462 15.991110
0.995455 16.059642
0.999529 16.150386
1.004643 16.262491
1.010743 16.395079
1.017765 16.547659
1.025628 16.719525
1.034230 16.907860
1.043450 17.159705
1.053150 17.377724
1.063166 17.604806
1.073334 17.837629
1.083488 18.074446
1.093469 18.311217
1.103116 18.575185
1.112302 18.831023
1.120903 19.049925
1.128803 19.258188
1.135889 19.453501
1.142054 19.634306
1.147180 19.797847
1.151158 19.968438
1.153889 20.090416
1.155298 20.189578
1.155339 20.264863
1.153989 20.315562
1.151246 20.341375
1.147123 20.342239
1.141647 20.318117
1.134852 20.270330
1.126782 20.197902
1.117486 20.102304
1.107028 19.984779
1.095482 19.846887
1.082951 19.690586
1.069561 19.517375
1.055444 19.329665
1.040746 19.130996
1.025613 18.923076
1.010183 18.708796
0.994584 18.491619
0.978925 18.272409
0.963297 18.053500
0.947766 17.836485
0.932378 17.623107
0.917160 17.413867
0.902110 17.208537
0.887226 17.006941
0.872488 16.808843
0.857867 16.614443
0.843332 16.422584
0.828864 16.233249
0.814447 16.046087
0.800071 15.861144
0.785734 15.678655
0.771445 15.499772
0.757222 15.324333
0.743091 15.153787
0.729087 14.988455
0.715245 14.829229
0.701607 14.677491
0.688210 14.533715
0.675097 14.398602
0.662300 14.272424
0.649857 14.155427
0.637797 14.046620
0.626143 13.945530
0.614920 13.851973
0.604145 13.766029
0.593829 13.687690
0.583980 13.616634
0.574600 13.553147
0.565692 13.496729
0.557249 13.446927
0.549262 13.403259
0.541723 13.365620
0.534615 13.333531
0.527924 13.289699
0.521629 13.265668
0.515711 13.246457
0.510142 13.231642
0.504903 13.219834
0.499966 13.211902
0.495310 13.206247
0.490911 13.202766
0.486745 13.201081
0.482784 13.200549
0.479010 13.200782
0.475405 13.201103
0.471949 13.201245
0.468625 13.200824
0.465420 13.199517
0.462319 13.197037
0.459311 13.192984
0.456388 13.187429
0.453542 13.180591
0.450772 13.171695
0.448072 13.161481
0.445446 13.112444
0.442897 13.098465
0.440426 13.083397
0.438042 13.066491
0.435758 13.048362
0.433585 13.028981
0.431541 13.009359
0.429643 12.989124
0.427911 12.969118
0.426364 12.949679
0.425019 12.930924
0.423902 12.914000
0.423032 12.898569
0.422429 12.885917
0.422112 12.876035
0.422101 12.869725
0.422411 12.866916
0.423057 12.868318
0.424051 12.874326
0.425399 12.885473
0.427103 12.901816
0.429166 12.922855
0.431578 12.950170
0.434334 12.982055
0.437419 13.018462
0.440815 13.059679
0.444497 13.105157
0.448438 13.153909
0.452600 13.205855
0.456948 13.260405
0.461442 13.316625
0.466030 13.373431
0.470674 13.431072
0.475328 13.487962
0.479945 13.543582
0.484482 13.597055
0.488901 13.648344
0.493172 13.696514
0.497263 13.741683
0.501156 13.783489
0.504845 13.821559
0.508328 13.856187
0.511611 13.887275
0.514704 13.915681
0.517637 13.942243
0.520435 13.967080
0.523138 13.991230
0.525787 14.014922
0.528427 14.039427
0.531108 14.064999
0.533886 14.092746
0.536816 14.123746
0.539954 14.158616
0.543354 14.197975
0.547062 14.242584
0.551132 14.293557
0.555618 14.352183
0.560560 14.419248
0.566005 14.494153
0.571988 14.577582
0.578547 14.670583
0.585709 14.772895
