Vs+E_c p
3215.377134 4.096000
3219.446371 4954.848718
3219.548587 7760.583836
3217.901280 6234.081732
3217.122092 6217.336526
3216.015746 5886.524870
3214.890503 6324.552230
3212.404895 6492.055030
3209.091931 6700.504371
3204.705490 7500.262322
3198.552532 8468.799659
3190.312407 9692.299496
3179.523555 11158.835271
3165.591936 12825.699617
3147.877335 14657.713596
3125.711835 16635.633660
3098.380798 18698.974133
3065.248197 20786.411293
3025.817672 22827.933945
2979.852962 24736.371838
2927.497397 26405.406320
2869.408531 27718.685861
2806.845698 28557.812715
2741.681550 28815.185108
2676.299290 28413.820524
2613.343565 27332.377147
2555.335041 25627.735627
2504.227043 23440.791116
2461.052070 20979.726907
2425.809875 18487.000516
2397.647992 16196.997076
2375.187273 14268.867483
2357.058035 12752.938677
2342.004771 11610.632580
2329.132955 10765.584764
2317.766152 10137.664888
2307.530268 9672.876867
2298.077054 9334.150071
2289.237404 9075.457166
2280.875503 8886.687292
2272.851103 8732.271192
2265.097683 8590.452947
2257.628514 8454.960664
2250.413459 8320.945088
2243.465104 8190.241255
2236.765133 8061.960947
2230.307812 7927.484973
2224.135967 7787.385981
2218.204277 7655.507970
2212.612852 7513.457166
2207.222403 7409.316330
2202.077660 7286.760751
2197.727679 7160.688417
2192.564002 7115.497935
2188.037634 6957.800451
2183.730213 6858.430053
2179.605796 6793.878963
2175.685772 6732.369125
2171.778485 6703.083835
2168.014117 6662.012312
2164.223076 6622.596926
2160.581239 6551.447718
2156.908760 6493.310288
2153.377919 6425.805439
2149.933808 6384.347018
2146.672161 6380.018918
2143.331031 6394.385612
2140.077507 6382.736286
2136.836423 6403.422387
2133.611242 6414.549519
2130.364844 6409.428958
2127.126978 6419.165825
2123.865926 6415.678526
2120.655155 6409.215751
2117.335494 6418.912064
2114.085952 6408.005530
2110.862265 6428.991078
2107.666510 6451.997004
2104.577490 6493.819765
2101.127265 6526.347919
2097.779551 6525.366128
2094.476461 6518.029194
2091.127929 6522.902565
2087.814761 6512.866572
2084.451692 6524.140498
2081.090931 6509.528591
2077.765972 6517.996124
2074.377975 6503.934586
2071.050075 6508.149772
2067.725436 6511.162758
2064.405270 6482.250412
2061.133478 6498.089655
2057.893985 6493.393931
2055.209342 6477.284127
2051.452422 6495.001347
2048.819489 6442.548026
2045.203867 6494.082119
2041.973090 6416.652274
2038.975302 6383.919224
2035.747627 6370.909186
2032.708804 6346.050479
2029.707195 6346.227001
2026.859397 6327.397493
2023.835625 6323.063876
2020.966026 6285.392218
2018.085102 6268.444223
2015.269702 6267.847932
2012.567603 6270.401813
2009.935303 6301.723458
2007.146906 6288.672913
2004.390010 6293.810730
2001.675430 6267.751643
1998.979248 6242.885614
1996.367346 6224.132398
1993.798308 6217.730142
1991.283525 6207.624266
1988.736220 6213.171781
1986.134048 6186.483985
1983.570627 6145.725601
1981.132222 6129.934556
1978.766127 6133.489252
1976.313698 6136.301475
1973.991986 6104.862094
1971.481680 6087.459571
1969.189164 6059.358481
1966.809877 6036.610371
1964.556622 6059.227733
1962.395176 6076.559764
1960.159106 6095.666779
1957.941377 6051.261185
1955.629355 6033.234237
1953.417159 5984.051215
1951.177827 5952.044442
1949.021733 5949.481551
1946.785682 5890.628997
1944.802166 5896.158375
1942.578340 5890.802513
1940.386180 5864.384551
1938.292492 5794.582757
1936.234985 5736.076693
1934.278996 5726.716759
1932.374001 5709.546657
1930.410559 5689.097874
1928.854045 5626.812925
1926.776511 5702.570772
1924.798101 5674.080309
1922.878197 5556.112124
1921.012663 5483.721074
1919.249140 5457.142685
1917.514472 5441.738682
1915.982252 5476.220259
1914.283178 5487.951990
1912.650018 5489.643506
1911.104989 5465.450647
1909.517168 5520.258878
1907.895497 5477.519787
1906.326961 5423.185984
1904.774081 5417.731031
1903.318969 5432.990161
1901.764772 5416.719393
1900.291330 5369.183838
1898.784970 5374.494241
1897.530029 5370.540671
1895.992039 5472.000960
1894.478546 5371.422804
1893.025612 5319.912466
1891.509923 5263.194073
1890.129596 5308.454849
1888.809720 5326.046892
1887.467119 5381.924040
1886.128075 5407.258012
1884.798204 5398.973834
1883.518596 5417.687990
1882.245120 5404.240996
1881.181166 5418.112461
1879.797767 5418.787897
1878.523861 5340.651475
1877.283097 5352.122564
1876.019307 5399.716053
1874.757957 5402.750076
1873.684495 5416.758103
1872.473893 5473.228741
1871.278438 5459.852180
1870.032991 5492.982753
1868.820328 5502.341257
1867.497521 5369.037435
1866.451940 5339.177934
1865.239689 5433.771339
1864.314198 5407.684775
1863.096704 5489.977596
1861.926834 5453.594774
1860.884173 5405.938793
1859.826003 5460.880810
1858.703227 5463.711016
1857.586840 5406.347689
1856.526236 5416.514630
1855.456114 5420.122773
1854.348601 5393.492892
1853.332169 5379.467698
1852.239900 5361.427314
1851.308825 5354.911920
1850.250843 5410.162804
1849.239626 5434.091774
1848.080881 5395.941042
1847.062437 5328.969221
1846.139311 5349.388578
1845.057381 5345.222459
1844.173085 5311.930209
1843.226165 5395.836317
1842.416596 5380.378264
1841.471078 5405.810511
1840.566804 5374.950772
1839.746519 5324.430919
1838.930055 5346.507285
1838.172371 5344.719485
1837.243804 5342.044279
1836.505948 5262.227102
1835.609033 5254.178472
1834.772548 5255.190508
1834.005764 5308.118676
1833.269104 5289.160673
1832.508613 5250.402393
1831.789976 5293.824177
1831.090800 5251.328138
1830.456351 5288.025888
1829.687611 5433.577090
1828.826686 5333.078305
1828.037494 5271.384833
1827.251045 5260.930657
1826.410933 5183.398249
1825.568543 5066.940861
1825.067295 5072.037099
1824.329288 5174.503602
1823.838427 5228.377958
1823.105772 5250.302219
1822.388765 5252.517739
1821.684320 5173.149249
1820.923408 5172.185369
1820.256061 5193.193535
1819.784211 5135.914788
1818.917947 5208.580222
1818.176581 5149.467730
1817.675065 5129.555848
1817.082433 5167.939632
1816.422569 5181.815815
1815.698375 5085.539655
1815.134799 5071.252872
1814.363230 5034.345585
1813.848382 5014.252591
1813.259830 5099.119562
1812.717053 5092.942260
1812.018865 5075.123274
1811.434092 4956.604914
1810.858925 4886.341394
1810.315659 4921.582290
1809.974843 4975.960880
1809.476239 5050.674811
1809.056719 5076.277768
1808.532346 5058.095980
1808.090581 5082.402416
1807.727062 5168.462841
1806.951840 5054.096322
1806.309782 4939.429161
1805.826404 4938.896752
1805.401369 4959.393672
1804.893663 4954.251168
1804.486994 4950.563669
1804.104123 4969.409555
1803.721951 5028.036393
1803.327572 5050.079732
1803.071592 5047.883138
1802.686560 5101.547679
1802.166688 5130.460761
1801.674405 5057.467163
1800.985142 4995.307266
1800.400785 4902.208779
1799.940151 4862.331408
1799.527213 4942.601831
1798.796389 4840.447910
1798.415855 4731.880626
1797.914316 4783.091386
1797.623555 4728.754037
1797.088463 4623.868818
1796.856477 4679.495926
1796.561288 4739.864343
1796.242412 4717.882829
1795.974138 4767.567453
1795.754414 4899.762858
1795.331982 4833.278298
1794.944928 4835.207233
1794.765769 4852.977538
1794.183137 4753.739883
1793.909275 4670.802163
1793.401432 4657.256520
1793.262455 4656.949991
1792.957119 4778.366686
1792.623003 4745.964142
1792.169641 4687.674749
1792.106493 4739.040211
1791.714456 4818.945551
1791.220992 4764.743362
1790.851114 4690.725819
1790.506699 4642.618423
1790.262197 4658.543431
1789.935791 4722.146095
1789.436195 4614.382286
1789.000830 4550.682773
1788.671408 4564.556974
1788.180888 4545.579409
1787.856273 4487.678139
1787.464556 4486.705666
1787.266465 4461.997348
1786.914083 4609.663916
1786.631594 4541.094229
1786.429485 4561.540415
1786.282969 4674.532360
1786.309741 4756.256167
1785.759477 4769.240712
1785.244213 4709.635744
1784.881200 4571.352924
1787.613754 4531.531830
1785.041736 4810.667618
1784.385970 4546.330013
1783.785962 4518.375958
1783.420719 4477.862840
1783.131700 4432.782668
1782.748401 4475.093197
1782.442064 4538.868324
1782.226541 4504.214366
1782.029534 4487.103702
1781.761055 4471.488622
1781.530820 4544.000459
1781.351597 4575.485500
1781.010812 4600.897839
1780.721054 4499.298541
1780.397931 4554.114507
1780.283319 4545.943619
1779.955626 4446.250593
1780.055963 4383.569071
1779.714165 4609.092417
1779.396240 4660.502417
1779.160830 4567.192752
1778.779257 4556.516491
1778.451411 4471.987250
1778.384971 4413.366343
1778.000176 4418.303901
1777.819427 4456.860147
1777.419696 4444.695849
1777.181389 4367.306076
1777.018263 4376.629057
1776.833736 4415.005394
1776.664525 4420.848618
1776.745174 4485.552967
1776.355179 4473.092695
1776.114343 4410.414431
1776.046657 4406.245944
1776.026993 4472.841438
1775.751013 4601.602481
1775.721493 4555.294481
1775.295574 4456.133169
1774.987448 4414.850005
1774.754893 4339.174920
1774.658312 4427.161437
1774.418848 4476.992862
1775.289100 4401.433522
1774.431288 4697.746052
1773.890932 4624.094271
1773.495168 4472.801066
1773.049567 4407.609161
1772.875745 4369.827648
1772.511134 4360.120713
1772.302544 4343.412737
1772.055403 4240.378172
1771.984388 4202.666843
1771.966038 4359.169438
1771.724686 4382.453173
1771.369660 4280.113354
1771.221630 4268.680727
1771.074744 4335.781461
1770.919363 4347.686280
1770.795100 4308.746254
1770.734076 4263.816209
1770.695093 4265.678955
1770.764160 4428.196360
1770.645011 4413.338386
1770.606022 4451.882048
1771.087445 4520.715492
1770.532575 4667.099236
1770.342268 4618.922508
1769.957384 4625.729623
1769.479442 4393.204821
1769.157048 4184.124818
1768.961391 4189.191800
1768.659131 4139.781611
1768.579102 4127.027372
1768.426175 4252.011559
1768.286802 4306.158156
1768.028266 4272.870604
1768.493369 4300.781901
1768.181019 4457.568614
1767.775116 4369.770580
1767.590714 4234.533230
1767.702165 4303.797593
1767.697619 4494.609991
1767.861015 4529.910378
1767.778172 4549.919834
1767.389590 4510.802115
1767.073691 4375.224845
1766.758846 4233.828091
1766.592573 4211.927759
1766.619392 4230.207419
1766.347287 4285.680770
1766.212584 4240.422604
1766.099676 4334.952261
1765.842084 4252.518545
1765.731675 4285.209953
1765.599509 4301.653932
1765.554887 4344.768597
1765.572598 4330.210648
1765.215349 4467.877489
1765.216505 4377.622022
1764.971667 4402.289537
1764.987421 4351.100703
1764.810149 4290.857797
1764.667527 4292.812211
1764.784102 4327.850313
1764.494721 4391.020001
1764.391167 4370.026986
1764.344098 4433.322512
1764.353914 4439.333714
1764.127391 4421.297108
1764.090177 4356.522124
1764.050455 4462.334494
1764.107053 4559.755745
1763.940649 4551.152565
1763.763904 4599.059821
1763.547212 4538.890955
1763.300786 4470.273863
1763.076576 4397.459365
1762.888423 4435.140016
1762.768432 4430.251032
1762.480027 4403.573438
1762.425607 4349.745452
1762.165173 4343.226636
1761.958910 4237.407891
1761.884209 4276.563189
1761.854387 4357.679129
1761.700413 4316.481898
1761.417033 4239.844881
1761.268845 4255.043511
1761.270693 4317.416384
1761.119343 4399.308591
1761.056305 4309.100314
1760.893183 4365.721196
1760.780052 4363.605937
1760.791387 4418.810300
1760.688967 4385.260310
1760.973739 4381.421801
1760.574759 4552.117905
1760.388056 4422.019787
1760.234826 4491.260479
1759.989038 4633.500223
1759.660474 4403.772812
1759.375962 4369.802808
1759.322165 4321.698008
1759.175860 4308.380750
1759.083734 4412.957053
1759.077380 4391.219605
1758.744409 4406.399313
1758.651603 4343.010852
1758.331379 4345.655332
1758.365215 4418.123018
1758.077132 4455.082064
1757.905857 4378.430937
1757.728372 4338.927282
1757.380837 4289.149816
1757.212617 4237.748517
1757.038670 4213.454562
1756.856385 4249.004369
1756.696699 4286.120541
1756.665245 4342.248432
1756.717412 4383.929461
1756.706017 4481.432985
1756.682747 4590.111805
1756.540465 4575.333166
1756.321541 4495.193925
1756.084064 4397.162553
1755.953241 4289.069478
1755.905529 4321.977590
1755.849861 4371.559281
1756.026819 4416.425732
1755.759624 4394.428695
1755.512124 4387.449524
1755.349578 4379.121828
1755.267116 4347.747756
1755.135555 4396.056759
1754.812078 4273.507065
1754.723744 4193.927224
1754.528738 4289.796289
1754.264739 4247.551073
1754.322104 4211.083482
1754.295340 4412.697979
1754.073064 4430.170814
1753.877409 4318.927090
1753.849126 4231.541092
1753.571192 4197.322528
1754.054416 4201.010202
1753.601455 4332.129799
1754.305574 4213.536932
1753.530917 4303.190615
1753.418464 4348.839564
1753.389318 4394.042218
1753.113552 4307.232230
1753.040421 4361.911590
1752.764475 4393.257875
1752.501074 4312.115423
1752.194903 4268.412336
1752.069082 4180.518320
1751.888261 4190.528143
1751.755221 4199.076491
1751.679297 4248.358663
1751.652624 4188.089720
1751.648580 4224.453547
1751.476303 4292.155787
1751.460511 4338.841473
1751.426240 4288.652013
1751.440364 4313.721019
1751.622150 4277.127156
1751.521124 4396.570178
1751.425237 4422.542044
1751.305882 4351.039311
1751.318008 4348.307092
1751.243949 4498.916008
1751.114218 4492.636558
1751.004162 4305.436938
1750.777982 4337.683449
1750.626615 4262.567306
1750.454311 4188.520771
1750.274506 4226.078075
1750.386758 4295.539626
1750.311967 4460.941782
1750.062099 4376.888376
1749.915250 4317.945732
1749.669960 4386.259062
1749.488540 4337.540385
1749.258038 4305.519817
1749.176300 4279.751736
1749.004147 4185.155335
1748.802571 4106.577734
1748.838781 4121.978960
1748.849528 4194.805421
1748.822307 4250.770454
1748.763159 4247.755902
1748.742906 4193.989886
1748.530188 4207.609831
1748.378028 4130.453042
1748.384024 4077.373568
1748.520810 4176.421927
1748.487392 4284.132450
1748.474442 4343.852630
1748.373985 4354.096542
1748.263319 4275.180711
1748.241824 4220.872783
1748.231466 4310.516252
1748.034101 4272.635811
1747.949804 4170.065055
1747.752193 4196.282669
1747.802696 4106.164956
1747.609300 4109.992558
1747.478381 4182.687063
1747.404671 4123.193742
1747.310729 4061.540401
1747.309016 4055.967929
1747.415231 4122.354163
1747.254569 4082.508022
1747.127622 4075.993057
1747.242357 4090.101150
1747.236050 4167.108076
1747.357201 4291.530237
1747.482806 4379.973863
1747.441760 4424.942652
1747.375930 4423.451679
1747.237850 4405.246162
1747.183556 4332.773360
1747.093856 4334.601893
1746.841205 4371.945803
1746.762495 4322.712156
1746.739087 4255.305113
1746.765709 4218.098195
1746.754374 4366.643234
1746.641240 4384.744786
1746.541474 4370.098838
1746.441886 4279.304993
1746.183676 4239.005127
1746.217443 4266.359726
1745.982933 4321.064661
1745.988613 4242.738916
1745.818500 4227.597720
1745.890182 4286.427012
1746.008445 4416.029303
1745.992510 4480.062845
1745.832384 4450.112465
1745.606196 4394.626755
1745.305962 4341.403639
1745.253776 4245.622960
1745.252600 4290.574500
1745.226198 4433.118344
1745.066893 4390.644514
1744.713094 4281.513538
1744.396657 4076.838715
1744.264696 4037.915318
1744.251048 4104.358196
1744.272666 4146.531787
1744.213358 4180.423307
1743.984379 4171.322139
1744.025510 4208.417558
1743.782229 4194.932654
1743.599983 4064.761027
1743.565340 4062.213396
1743.646519 4067.038709
1743.666081 4173.652282
1743.705143 4212.875610
1743.862516 4290.981660
1743.964414 4248.316954
1743.762534 4306.989477
1743.472026 4223.509231
1743.527609 4180.945085
1743.499261 4240.146089
1743.557501 4324.088706
1743.302877 4340.309456
1743.133095 4237.275994
1743.157530 4298.239364
1743.060488 4302.097683
1744.796890 4309.643313
1743.329955 4481.555851
1743.013187 4335.535179
1742.845421 4283.619441
1742.758234 4229.510411
1742.785740 4311.563950
1742.736993 4406.650215
1742.770786 4479.703005
1742.472153 4460.105125
1742.368175 4320.981385
1742.184730 4265.132994
1742.044241 4211.700381
1741.944507 4206.349310
1742.104413 4292.525325
1742.264444 4379.923870
1742.063835 4509.762482
1741.797278 4346.527273
1741.532855 4167.306949
1741.534935 4119.586711
1741.305584 4142.564281
1741.245516 4084.215497
1741.369793 4190.654366
1741.173189 4268.879365
1741.016281 4196.188642
1740.818474 4181.185772
1740.701421 4167.875560
1740.717042 4076.616738
1740.643703 4109.586186
1740.691820 4192.334952
1740.727738 4239.866679
1740.729538 4370.138605
1740.514769 4384.254154
1740.151011 4115.852142
1740.052842 4022.144567
1740.140225 4121.038111
1739.849082 4130.567656
1739.680474 4110.314106
1739.601735 4107.342142
1739.682364 4099.764807
1739.608383 4201.132266
1739.558964 4205.693806
1739.739277 4259.185292
1739.531066 4339.803882
1739.405225 4253.661868
1739.410160 4229.747404
1739.283068 4391.169153
1739.312707 4443.201507
1739.137928 4379.883988
1739.028027 4315.407873
1738.941631 4293.141121
1738.976323 4220.648133
1739.165133 4206.895512
1739.067785 4330.430245
1739.100008 4366.073578
1738.972109 4426.777877
1738.909158 4380.267420
1738.690726 4347.780144
1738.503839 4326.208657
1738.491602 4342.633475
1738.348575 4422.280457
1738.146303 4328.542591
1737.928586 4218.940964
1737.750175 4244.983961
1737.639745 4303.605594
1737.328224 4344.030970
1737.064893 4176.502447
1736.784804 4156.952127
1736.625580 4254.442076
1736.484954 4369.820884
1736.228216 4356.048157
1735.963352 4262.280286
1735.908353 4251.066953
1735.962433 4367.313646
1735.727777 4439.251626
1735.487576 4467.274896
1735.374858 4466.071117
1735.087155 4400.675851
1734.791908 4337.881115
1734.766193 4312.399682
1734.593404 4394.495599
1734.619222 4385.588222
1734.498582 4531.044043
1734.456115 4455.420621
1734.074806 4430.418252
1734.079478 4399.196791
1733.832415 4478.800844
1733.745370 4466.856422
1733.490460 4475.470608
1733.280661 4402.940167
1733.114991 4378.751516
1733.166393 4295.482442
1732.955927 4349.152718
1732.726589 4372.461079
1732.814795 4350.548870
1732.526905 4546.833314
1732.137880 4489.328899
1732.025677 4368.553238
1732.232792 4458.499778
1731.765035 4596.784985
1731.420148 4412.509880
1731.138800 4347.112295
1731.069654 4402.896517
1730.924923 4431.314651
1730.711254 4450.322704
1730.544613 4443.843321
1730.446900 4463.700286
1730.536574 4417.829247
1730.292431 4434.670172
1730.451610 4495.712635
1730.416586 4586.190920
1730.263079 4688.541246
1729.978638 4652.211481
1729.698150 4523.215072
1729.546622 4509.411844
1729.611574 4553.437724
1729.405148 4595.733638
1729.119479 4470.100314
1728.962024 4457.358569
1728.733212 4395.679412
1728.634645 4362.657090
1728.424667 4338.442818
1728.250851 4363.625636
1727.997638 4317.158179
1727.685789 4272.712933
1727.554232 4287.752703
1727.155380 4306.860401
1727.176826 4247.747646
1726.975134 4382.411068
1726.841462 4375.495476
1726.793443 4400.458239
1726.583847 4451.045939
1726.475651 4474.387482
1726.450336 4493.154920
1726.151898 4450.522214
1726.048357 4349.810045
1726.075264 4403.078402
1725.942236 4395.268483
1725.739642 4324.447264
1725.445614 4258.194336
1725.453172 4252.327040
1725.416415 4380.430831
1725.424414 4431.763245
1725.128193 4352.808240
1725.027213 4342.200423
1724.865940 4393.884542
1724.744743 4339.521422
1724.752039 4370.574438
1724.794239 4508.114342
1724.668353 4545.242289
1724.410614 4503.659453
1724.250584 4394.624737
1724.058846 4334.186523
1724.020054 4367.198322
1723.809989 4324.716074
1724.056497 4283.136022
1723.925145 4314.758373
1723.841862 4328.979830
1723.790385 4416.663654
1723.547841 4385.754237
1723.429700 4333.382451
1723.501161 4356.122937
1723.236529 4426.829329
1723.177764 4473.563687
1723.069522 4564.734320
1722.956835 4580.539354
1722.738509 4573.155173
1722.159812 4447.371313
1721.851163 4286.512128
1721.556940 4210.151365
1721.460138 4199.448241
1721.535154 4299.024355
1721.304453 4401.292592
1721.097752 4190.394168
1720.880983 4240.137917
1720.703351 4233.526545
1720.674359 4138.904301
1720.652836 4166.177838
1720.618788 4234.686007
1720.653606 4298.680914
1720.633408 4313.443304
1720.763468 4358.984452
1720.714692 4467.716831
1720.566609 4458.084051
1720.417045 4392.977102
1720.165503 4319.039867
1719.770203 4212.715189
1719.668041 4090.606922
1719.584533 4096.227428
1719.376173 4129.563977
1719.221153 4094.521012
1719.023388 4055.797115
1718.838655 4091.416090
1718.948838 4158.605106
1718.589225 4172.376816
1718.343162 4118.017988
1718.014754 3979.314835
1717.915812 3921.562833
1717.841473 3986.909502
1717.861417 4046.244529
1717.838432 4152.833846
1717.733892 4187.962043
1717.635044 4189.377487
1717.514794 4144.324765
1717.704871 4230.196924
1717.540980 4341.403639
1717.522609 4362.105640
1717.426861 4317.084328
1717.212879 4272.404546
1717.275913 4312.131950
1717.274257 4371.832558
1717.246417 4395.818014
1717.106837 4424.889765
1716.785279 4496.467621
1716.464815 4399.963388
1716.206796 4287.475836
1715.978436 4233.169415
1715.975075 4252.992626
1715.577896 4196.566898
1715.342383 4115.130718
1715.271226 4120.340146
1715.197513 4166.100648
1715.059925 4241.961169
1714.930059 4218.913846
1714.883385 4243.315278
1714.972153 4317.707958
1714.731256 4281.372337
1714.697437 4206.676781
1714.556927 4248.382093
1714.405986 4309.810566
1714.293038 4281.543976
1714.033723 4209.799796
1713.856276 4185.151296
1713.642297 4199.266683
1713.218540 4061.494628
1712.915955 3982.727283
1712.859715 3969.378941
1712.657151 4020.158942
1712.498038 4018.838861
1712.498826 4104.144478
1712.423579 4237.695016
1712.389848 4244.879310
1712.290000 4209.110637
1712.111566 4222.877155
1712.125549 4281.818632
1711.920283 4298.882198
1711.729565 4181.878324
1711.821044 4222.302731
1711.579104 4327.348586
1711.799518 4311.963596
1711.489820 4398.521224
1711.655040 4267.208663
1711.377680 4452.543338
1711.203618 4396.515805
1711.064234 4293.932577
1710.857805 4328.220152
1710.904562 4343.509319
1710.650032 4322.685004
1710.583633 4397.032672
1710.373000 4424.768817
1710.227861 4382.983533
1709.996084 4269.896660
1709.830628 4312.593699
1709.601564 4300.782931
1709.549239 4224.268647
1709.706364 4294.201424
1709.491915 4377.071575
1709.401836 4288.954411
1709.461625 4264.914353
1709.290780 4304.725583
1709.262316 4395.910985
1709.159326 4305.943009
1709.022267 4269.618534
1709.056053 4379.424795
1708.923410 4406.090704
1709.259411 4329.223034
1708.867249 4289.282501
1708.785178 4234.208995
1708.847421 4240.611648
1708.826321 4350.066208
1710.104368 4312.709196
1709.041767 4529.322124
1709.474743 4347.808858
1708.461401 4420.161144
1707.963567 4240.108911
1707.640445 4068.885570
1707.679805 3914.880738
1707.389829 4037.956948
1707.258437 4103.766295
1707.209899 4151.572812
1707.013637 4168.765019
1706.849485 4087.399496
1706.901885 4058.559980
1706.733973 4169.891554
1706.784440 4180.660620
1706.631374 4185.795248
1706.637087 4131.800261
1706.663020 4281.219047
1706.886369 4391.960507
1706.792110 4344.097071
1706.764931 4345.159557
1706.791570 4450.804418
1706.747011 4401.999287
1706.614975 4441.112442
1706.483501 4399.754110
1706.367458 4435.303059
1706.221202 4380.619794
1706.180082 4316.951578
1705.713275 4180.897156
1705.506140 4146.573473
1706.380014 4126.818283
1705.838956 4307.664970
1705.495244 4258.837227
1705.249016 4141.604014
1705.115529 4097.142537
1705.056284 4083.294691
1704.972840 4033.451554
1704.822771 4001.247298
1704.843383 4105.038704
1704.890977 4213.752140
1704.965752 4260.979103
1704.920283 4319.848029
1704.844601 4313.033151
1704.736714 4306.518881
1704.799113 4292.161999
1704.644719 4338.477447
1704.778172 4360.859914
1704.670222 4455.837713
1704.659680 4457.887515
1704.604195 4362.834839
1704.339381 4372.036148
1704.005410 4305.933628
1703.772239 4114.687428
1703.424323 4068.941885
1703.006063 3937.658079
1702.859082 3895.478788
1702.709789 3976.764000
1702.670989 4012.762777
1702.654777 3982.208348
1702.561326 4000.997280
1702.625670 4104.088611
1702.589793 4227.763890
1702.528756 4170.219701
1702.382047 4174.827540
1702.469812 4195.557935
1703.088635 4275.363433
1702.918619 4471.761964
1702.656976 4485.083842
1702.508701 4465.122807
1702.230132 4314.799117
1701.922402 4209.525379
1701.776603 4126.456629
1701.563714 3987.345587
1701.344616 4032.390042
1701.378613 3995.160761
1701.182129 4133.078694
1701.129741 4220.435273
1701.109573 4241.033081
1701.165283 4265.954766
1700.857110 4329.294679
1700.711674 4201.721713
1700.612974 4128.543255
1700.822472 4234.041435
1700.668897 4370.554609
1700.514659 4227.183858
1700.398898 4174.318590
1700.201583 4183.957252
1700.094916 4146.046113
1700.001359 4132.144842
1699.968827 4180.426675
1699.779417 4269.997683
1700.147074 4270.560214
1699.653892 4373.798125
1699.400252 4277.060352
1699.210042 4237.028777
1699.033790 4218.590441
1698.754799 4193.713776
1698.562779 4123.598398
1698.528257 4162.341765
1698.187570 4246.320931
1697.982892 4155.515869
1697.752283 4206.551807
1697.691860 4218.571640
1697.411237 4236.759543
1697.409427 4292.298884
1697.169191 4320.412247
1697.070448 4275.414420
1696.918852 4389.283235
1696.883665 4361.699212
1696.666177 4422.677800
1696.465991 4416.256896
1696.270213 4422.875043
1696.129421 4423.502214
1695.928826 4459.473830
1695.599159 4424.507897
1695.388366 4391.820609
1695.052995 4401.164867
1695.019577 4377.641702
1694.704880 4438.116630
1694.532467 4412.242480
1694.236568 4354.751595
1694.078023 4307.982731
1694.002685 4392.156551
1693.739933 4432.708752
1693.475965 4335.575746
1693.158429 4318.527832
1692.972709 4309.450806
1692.727579 4288.603632
1692.490852 4309.825928
1692.571488 4404.177712
1692.373952 4441.763369
1692.240482 4492.616362
1692.047954 4605.050793
1691.583647 4461.232972
1691.211472 4318.605667
1690.934583 4300.801741
1690.707154 4314.058465
1690.475467 4329.753276
1690.354995 4395.444280
1690.198937 4433.499060
1690.075499 4438.336637
1689.780321 4472.807567
1689.550334 4428.910802
1689.174009 4346.503531
1688.844615 4246.663871
1688.522116 4279.771419
1688.341962 4235.375950
1688.031245 4191.098602
1688.076008 4192.746810
1687.840339 4365.942243
1687.627396 4358.581265
1687.469341 4287.855165
1687.198244 4276.502523
1687.230617 4268.454471
1687.077313 4418.898608
1686.953295 4471.155660
1686.896111 4491.762465
1686.592994 4504.118214
1686.386648 4421.892613
1686.058989 4302.051511
1685.963352 4237.852697
1685.751107 4293.490674
1685.646310 4317.611290
1685.476242 4427.252472
1685.278053 4436.062233
1685.378303 4361.411945
1684.981660 4375.422914
1684.765501 4322.709414
1684.542521 4398.559439
1684.342522 4358.287210
1684.035253 4271.769408
1683.845272 4245.662542
1683.831967 4273.151508
1684.960484 4383.228958
1683.938765 4559.838218
1683.505379 4367.751887
1683.334992 4316.695938
1683.499578 4374.188815
1683.001657 4304.365531
1683.058286 4269.687807
1683.004874 4380.045824
1682.978544 4502.168942
1682.888350 4517.974419
1682.725050 4555.976508
1682.545138 4531.629406
1682.423397 4477.406735
1682.467828 4544.590609
1682.087210 4535.863161
1681.667246 4426.332055
1681.505235 4361.180482
1681.179397 4401.766067
1680.947447 4323.941245
1680.636466 4288.056691
1680.584349 4290.635612
1680.435636 4295.250981
1680.337889 4265.620213
1680.845162 4247.048094
1680.224277 4311.060092
1680.015014 4235.606377
1679.898947 4235.737826
1679.967387 4290.814031
1680.298211 4376.052455
1680.088032 4514.540383
1679.975899 4443.644558
1679.921839 4492.508192
1679.627989 4383.512010
1679.521480 4313.305235
1679.469106 4343.908294
1679.341818 4393.650123
1679.459992 4421.756252
1679.335110 4479.800300
1679.105533 4433.382684
1679.016332 4381.784457
1678.873900 4333.921546
1678.613292 4352.098974
1678.521926 4331.378281
1678.274164 4290.878495
1678.119891 4292.193190
1677.939409 4249.334882
1677.832690 4217.092779
1677.669266 4156.557921
1677.369868 4223.688841
1677.333551 4139.516963
1677.079109 4083.229070
1677.031712 4031.660828
1676.998885 4090.569672
1676.918619 4135.653570
1676.933748 4112.004012
1677.031851 4184.811767
1676.991615 4271.185451
1676.989291 4265.953286
1676.840805 4223.406749
1676.938858 4303.984086
1676.796297 4326.667055
1676.746180 4284.344460
1676.591864 4323.603243
1676.558960 4424.700611
1676.397411 4450.399680
1675.919561 4261.135183
1675.556708 4069.985764
1675.406012 4035.283031
1675.255581 4027.070230
1675.345890 4002.093607
1675.072735 4104.555091
1675.015044 4169.439572
1674.920754 4187.393709
1674.799857 4124.783490
1674.759073 4089.065636
1674.908036 4154.356098
1675.068252 4313.659798
1675.098898 4355.936825
1675.125104 4345.424376
1675.021030 4413.525257
1674.842331 4366.658410
1674.641310 4236.094726
1674.597578 4199.931897
1674.451781 4241.070091
1674.514278 4277.691326
1674.306765 4313.405654
1674.081322 4245.959972
1673.925580 4132.131418
1673.907880 4080.153525
1673.867439 4127.049816
1673.929839 4196.511734
1673.954172 4308.716336
1674.052312 4412.162550
1673.782790 4334.860764
1673.527623 4245.671639
1673.192203 4133.915407
1673.131377 4113.528168
1673.171244 4119.815691
1672.862382 4129.926843
1672.771510 4048.453278
1672.659526 4101.766953
1672.550730 4166.035768
1672.300963 4025.080270
1672.173213 3960.112659
1672.131549 4013.083877
1672.185559 4121.639438
1672.395589 4138.862953
1672.251117 4238.340585
1672.112435 4254.273665
1672.008772 4124.959311
1672.077916 4118.939417
1672.134820 4262.421063
1672.081542 4249.218370
1672.153979 4278.577382
1672.064095 4356.259749
1671.890886 4273.365197
1671.815183 4299.109799
1671.539629 4297.156215
1671.330838 4170.281204
1670.965157 4069.030177
1670.741000 3961.878675
1670.568586 3866.075102
1670.651758 3843.863940
1670.460173 3979.575829
1670.379913 4019.933078
1670.155281 4113.383875
1669.981362 4015.192173
1669.812464 4016.901593
1669.916738 4096.682562
1669.963259 4096.000145
1669.549174 4102.127085
1669.505436 4052.091589
1669.461011 4079.713178
1669.598864 4190.075626
1669.704296 4231.426440
1669.603766 4263.439781
1669.550282 4309.076754
1669.425053 4279.397620
1669.458585 4288.830509
1669.412592 4293.763790
1669.340656 4295.617954
1668.893642 4192.005814
1668.642990 4087.313736
1668.400690 4095.236122
1668.445899 4122.582750
1668.085660 4192.864966
1667.991711 4061.267272
1667.820006 4107.170175
1667.783228 4190.770465
1667.621215 4200.584087
1667.447173 4132.789668
1667.257676 4131.936751
1667.312729 4153.561741
1667.163179 4167.219342
1667.112418 4142.700544
1667.012345 4195.515262
1667.093887 4244.410219
1667.003727 4349.251060
1666.923542 4355.860503
1666.719538 4278.088217
1666.733013 4197.867038
1666.559393 4197.748561
1666.348592 4295.046824
1666.215004 4239.403798
1666.194658 4274.791888
1665.969494 4330.625186
1665.855185 4264.433967
1665.492781 4228.861536
1665.270016 4114.663724
1664.880823 4054.846266
1664.619650 4063.621608
1664.464583 4063.960630
1664.247741 4120.925294
1664.200593 4157.493033
1664.165360 4203.574611
1664.051636 4278.959398
1663.880570 4325.022247
1663.737296 4297.253355
1663.615822 4302.926569
1663.277160 4300.828021
1662.948447 4221.824617
1662.807380 4220.712371
1662.586308 4269.806037
1662.420218 4313.579742
1662.104104 4335.298909
1661.885962 4299.656744
1661.744462 4327.335676
1661.571227 4347.394768
1661.224000 4288.477526
1660.989010 4309.862538
1660.642614 4253.120296
1660.302991 4291.763814
1660.141620 4333.295615
1659.600539 4305.942860
1659.286079 4288.501828
1658.977257 4290.895729
1658.806182 4272.752448
1658.342083 4325.725577
1657.961089 4283.915970
1657.578609 4208.537043
1657.379726 4168.224772
1657.293471 4280.376616
1656.968570 4326.959641
1656.907026 4169.615260
1656.554105 4339.078885
1656.473618 4394.587000
1656.222819 4414.253508
1655.904870 4430.570582
1655.595840 4439.536520
1655.353007 4363.223296
1655.066835 4325.520528
1654.936064 4372.389620
1654.682800 4363.924167
1654.240445 4253.626175
1654.079090 4246.668075
1653.920089 4314.480164
1653.700997 4358.301551
1653.365596 4411.178368
1653.085453 4372.983432
1652.677544 4297.527094
1652.397349 4221.294588
1651.924952 4226.184969
1651.709599 4138.835918
1651.288508 4148.448498
1650.959359 4134.941344
1650.738818 4179.579774
1650.739361 4219.740625
1650.394597 4324.396208
1650.151294 4249.800545
1649.830823 4178.558176
1649.585767 4192.369541
1649.375380 4186.234099
1649.131879 4210.934312
1648.889075 4181.453686
1648.694380 4158.154876
1648.441137 4199.852411
1648.250218 4202.731158
1648.294121 4228.289881
1647.920670 4281.870456
1647.712937 4253.682228
1647.408243 4300.838164
1647.174333 4242.197115
1646.944756 4220.377392
1646.633433 4256.863342
1646.418231 4201.066471
1646.144881 4173.344707
1645.850243 4142.250556
1645.662199 4111.761963
1645.527676 4174.915158
1645.380572 4259.103413
1645.418929 4270.757339
1645.196054 4313.332644
1645.036199 4316.073742
1644.892540 4261.000185
1644.738357 4300.117001
1644.509330 4348.011012
1644.243343 4320.132594
1643.922167 4229.894513
1643.596169 4192.162421
1643.366920 4239.157750
1643.206697 4225.031300
1642.983366 4219.552726
1642.784862 4297.927117
1642.505701 4280.419874
1642.207090 4219.516503
1642.140877 4281.744825
1641.911455 4368.200588
1641.590244 4318.800975
1641.405594 4238.979864
1641.137821 4266.820266
1640.930677 4299.970394
1640.543038 4296.573092
1640.165063 4256.234503
1639.817035 4233.353062
1639.412192 4181.057102
1639.172493 4111.159120
1639.071978 4140.436310
1638.756756 4164.674073
1638.487562 4137.167076
1638.292569 4125.042372
1638.190502 4107.447739
1638.027056 4103.177730
1637.783860 4157.023562
1637.598413 4160.676745
1637.314275 4114.641473
1637.127258 4045.055031
1637.013959 4142.722587
1636.917310 4214.883811
1636.808853 4255.424180
1636.656809 4293.740369
1636.500820 4327.428848
1636.314484 4273.363669
1635.763670 4198.334348
1635.592871 4164.981841
1635.280953 4189.069418
1635.115797 4221.689306
1634.903253 4233.680928
1634.775332 4238.449572
1634.705502 4326.078075
1634.374912 4367.996752
1633.989184 4272.276179
1633.559342 4225.820474
1633.151006 4217.938029
1632.753709 4168.167553
1632.391473 4121.413789
1632.126856 4159.680615
1632.419983 4128.101396
1631.584336 4127.287000
1631.185171 3979.946697
1630.953054 3988.188888
1630.815806 4015.295653
1630.654315 4080.825676
1630.386528 4117.892781
1630.213036 4101.621504
1630.055300 4089.122063
1629.870834 4159.918445
1629.774357 4192.371196
1629.597890 4210.326634
1629.500100 4164.672585
1629.355822 4203.790260
1629.191165 4282.227783
1628.894292 4246.322790
1628.633426 4215.595999
1628.440872 4208.952205
1628.151427 4220.125380
1627.957056 4231.475885
1627.756403 4240.843037
1627.570141 4318.046543
1627.231412 4356.696431
1626.898328 4231.319237
1626.501162 4131.756780
1626.195663 4132.610654
1625.901782 4099.495079
1625.741811 4039.490572
1625.544954 4129.933925
1625.366110 4155.521827
1625.136355 4098.828466
1624.966366 4051.048594
1624.868650 4123.633779
1624.728090 4106.417429
1624.668408 4132.487308
1624.513702 4162.296500
1624.357921 4142.197717
1624.252048 4161.697587
1624.215248 4265.250547
1624.142304 4331.518961
1623.985753 4290.045521
1623.895175 4272.317696
1623.674767 4274.036534
1623.457926 4291.776727
1623.358333 4327.503728
1623.142318 4384.711242
1622.876292 4279.211755
1622.736778 4229.482939
1622.501638 4189.622117
1622.276030 4230.101599
1622.159470 4147.638694
1621.818933 4112.700692
1621.924604 4121.422198
1621.764459 4229.437998
1621.455218 4227.028646
1621.146403 4161.268011
1620.956519 4168.602859
1620.762909 4155.400638
1620.494996 4143.117791
1620.463321 4159.074362
1620.172772 4171.346330
1619.936189 4062.515816
1619.634013 4058.922342
1619.435279 4083.303103
1619.133810 4056.061335
1619.012242 3994.840495
1618.848031 4074.315455
1618.799381 4112.762931
1618.817928 4168.569957
1618.727698 4163.320697
1618.678573 4200.630033
1618.565469 4190.070256
1618.358467 4167.675801
1618.100116 4099.058505
1618.128097 4003.501517
1617.895544 4063.003271
1617.765764 4123.143191
1617.632987 4079.817499
1617.608837 4010.782101
1617.443491 4049.749159
1617.364708 4086.745256
1617.370855 4121.130807
1617.311091 4136.138421
1617.708917 4056.662121
1617.135990 4117.667053
1616.818189 4077.276033
1616.584772 4005.734474
1616.469998 3983.611887
1616.305143 4056.471542
1616.335610 4077.944860
1616.030350 4065.586722
1615.892339 4047.508686
1615.747327 4006.750259
1615.745561 4007.796447
1615.684790 4062.307269
1615.750403 4079.042421
1615.663411 4104.018474
1615.672386 4150.282838
1615.646028 4202.950154
1615.534102 4130.957349
1615.590629 4202.466097
1615.502940 4206.103202
1615.477073 4189.312623
1615.317860 4206.562030
1615.323286 4173.216824
1614.832409 4174.452581
1614.602820 4146.432849
1614.449261 4119.284112
1614.172108 4117.848712
1613.860122 4083.237030
1613.612984 4021.348389
1613.317187 4020.036055
1613.044195 3932.136780
1612.795937 3881.651292
1612.711787 3912.380636
1612.590091 3969.086151
1612.505482 4094.068429
1612.415266 4116.435236
1612.274965 4096.170644
1612.197821 4110.638595
1612.081056 4250.703307
1612.485264 4242.466809
1612.021345 4318.176558
1611.723371 4272.198225
1611.503238 4224.186017
1611.363340 4153.526266
1611.144704 4140.808577
1611.093358 4159.097248
1610.773679 4133.093982
1610.898493 4112.548073
1610.644672 4222.436207
1610.301440 4142.358356
1609.956073 4072.380723
1609.639605 4002.132087
1609.425503 3984.158051
1609.364363 4016.188750
1609.050636 4022.115873
1608.921442 3945.373378
1608.635363 3940.127613
1608.506098 3949.069863
1608.230555 3956.288121
1608.087913 3956.280027
1607.987989 4016.026251
1608.041378 4109.353457
1607.826280 4183.970898
1607.587502 4154.100927
1607.364477 4120.507843
1607.115313 4136.365537
1606.824533 4051.923125
1606.597468 4010.182925
1606.338652 4039.651418
1606.161026 4047.402622
1606.102814 4038.152040
1605.958852 4065.021963
1605.781887 4137.906554
1605.561789 4184.305880
1605.411739 4174.303468
1605.291136 4161.046252
1605.026747 4201.792936
1604.894348 4265.340662
1604.593606 4267.086628
1604.314939 4216.274457
1604.049370 4179.805073
1603.735941 4172.610984
1603.499253 4097.815913
1603.257351 4074.307971
1602.907930 4060.973366
1602.647401 4046.277075
1602.511019 4033.442651
1602.177247 4062.441457
1601.869258 4116.297925
1601.549010 4094.178451
1601.213475 4000.638036
1601.373302 3947.120798
1600.924387 4067.527131
1600.524168 4013.492746
1600.265346 4020.823493
1600.077922 4077.498662
1599.779529 4120.747153
1599.487476 4053.934918
1599.222454 4026.192576
1599.022338 4049.290303
1598.817493 4098.835671
1598.628752 4152.522003
1598.707048 4177.390076
1598.139285 4216.396053
1597.774341 4190.583959
1597.489291 4154.952408
1597.451034 4155.894659
1596.930868 4241.474679
1596.567057 4231.275268
1596.173424 4226.815169
1595.759478 4181.927905
1595.389505 4181.756241
1595.105485 4192.311633
1594.777228 4180.805301
1594.454104 4226.494611
1594.173420 4250.325836
1593.736670 4198.572530
1593.370533 4217.492003
1593.021507 4236.421783
1592.602025 4170.158587
1592.196354 4117.673031
1591.776557 4169.760547
1591.393039 4145.421098
1591.073040 4137.647257
1590.585466 4164.264983
1590.168556 4199.780639
1589.633276 4120.918571
1589.212978 4087.194424
1588.788785 4085.860172
1588.426647 4127.107069
1588.334481 4145.985694
1587.741594 4172.982553
1587.351383 4140.601110
1586.930310 4119.844295
1586.546497 4099.247822
1586.339486 4090.686218
1586.006232 4212.156873
1585.693390 4206.299389
1585.344714 4207.502763
1584.960433 4195.604503
1584.564634 4221.192870
1584.018815 4176.839851
1583.551713 4060.063218
1583.121846 4025.988097
1582.851122 4070.005958
1582.409819 4085.962270
1582.063142 4033.719281
1581.716589 4080.646337
1581.537466 4147.747588
1581.264173 4209.807385
1581.129452 4277.427609
1580.501148 4261.193909
1580.259439 4177.188471
1579.789499 4185.761693
1579.581589 4135.502331
1579.246227 4136.633529
1578.976390 4153.857008
1578.887945 4191.254380
1578.592028 4286.455937
1578.307162 4306.411147
1577.892081 4254.816732
1577.619479 4202.473335
1577.350750 4242.171024
1577.149241 4221.283284
1576.937931 4171.715634
1576.738284 4193.877791
1576.300782 4135.048776
1576.001822 4089.516653
1575.720429 4068.229307
1575.529500 4095.195497
1575.284094 4088.524736
1574.904634 4037.236407
1574.582926 3965.466858
1574.228338 3910.127075
1573.977717 3895.543642
1573.775484 3857.049171
1573.600554 3870.284694
1573.420818 3879.785098
1573.221846 3861.846475
1572.893835 3841.521691
1572.658762 3805.716720
1572.569780 3788.388032
1572.483941 3799.691160
1572.356271 3874.464528
1572.246546 3849.394751
1572.139476 3819.422767
1572.164191 3864.148510
1572.297662 3925.669352
1572.706825 3982.863394
1572.230639 4080.496101
1572.084831 4048.431278
1571.938741 4038.789226
1571.797063 4009.180647
1571.716378 3964.362299
1571.767639 3961.654630
1571.501649 3871.070207
1571.369011 3847.070708
1571.299902 3792.873192
1571.044054 3729.664093
1570.956280 3701.121212
1570.781377 3674.404197
1570.518033 3671.615771
1570.404257 3623.929403
1570.343043 3634.586969
1570.286917 3650.657285
1570.330122 3769.964260
1570.319914 3810.928581
1570.153488 3783.374260
1570.046324 3749.089027
1569.964532 3745.298743
1569.894746 3739.333129
1569.924013 3716.718627
1570.028326 3735.323381
1570.107594 3755.106031
1570.196096 3819.186461
1570.204682 3823.598413
1570.203863 3802.011888
1570.266091 3816.706015
1570.218374 3869.391475
1570.156773 3819.334076
1570.146779 3807.912118
1570.063683 3798.035068
1569.894165 3764.415456
1569.929858 3716.306217
1569.912706 3755.663522
1569.927012 3773.927062
1569.930864 3753.711815
1569.944567 3803.627612
1569.784039 3822.324068
1569.608176 3770.401673
1569.456627 3696.821219
1569.414365 3661.624091
1569.519737 3641.798803
1569.436809 3686.728865
1569.409338 3682.696107
1569.492529 3640.432839
1569.524401 3705.334583
1569.341026 3704.181391
1569.359950 3618.147856
1569.360466 3650.765231
1569.426722 3703.453958
1569.396153 3736.773326
1569.339388 3716.437835
1569.314522 3741.973121
1569.226016 3656.412341
1569.132882 3577.148628
1569.171028 3590.093733
1569.247033 3653.867133
1569.312833 3709.750411
1569.282625 3732.635348
1569.285376 3670.427365
1569.316924 3666.846922
1569.331789 3700.957366
1569.215978 3675.988076
1569.257259 3684.781934
1569.323841 3701.950436
1569.304436 3750.747860
1569.243807 3658.012802
1569.356846 3623.007615
1569.384658 3692.174384
1569.304909 3690.799866
1569.272172 3699.925316
1569.217385 3680.882556
1569.321033 3738.136621
1569.298626 3754.536483
1569.307084 3727.478979
1569.286980 3790.558002
1569.268458 3837.482530
1569.221236 3792.689082
1569.266408 3751.521091
1569.141214 3725.105957
1569.068619 3756.157316
1568.919990 3700.172604
1568.757979 3618.580580
1568.718788 3535.754474
1568.693441 3558.810985
1568.768336 3590.947041
1568.703353 3604.491022
1568.645770 3609.376363
1568.632563 3584.346259
1568.628674 3604.325379
1568.575715 3616.499670
1568.587763 3627.839165
1568.655998 3663.442779
1568.594488 3729.466557
1568.693464 3683.911953
1568.695446 3720.862915
1568.734750 3718.485135
1568.962361 3770.840907
1568.950944 3861.259699
1569.038307 3817.057486
1569.072111 3795.460701
1569.203927 3832.115173
1569.241986 3925.441612
1569.200900 3906.340334
1569.203703 3849.023384
1569.089223 3765.403897
1568.983173 3708.499731
1568.954705 3699.128477
1568.911726 3665.844983
1569.079874 3674.115646
1568.952215 3743.075163
1568.794701 3711.785945
1568.621205 3633.329401
1568.548837 3630.589786
1568.464230 3531.791929
1569.106613 3536.271498
1568.475186 3607.847561
1568.492756 3614.060466
1568.344419 3576.478169
1568.329545 3560.404424
1568.317739 3574.762031
1568.419800 3585.915213
1568.431439 3594.022148
1568.560148 3653.324590
1568.507531 3650.472257
1568.672569 3642.359193
1568.643475 3679.362589
1568.685291 3689.945691
1568.748342 3693.569691
1568.763286 3721.817036
1568.748814 3730.496537
1568.678025 3668.351608
1568.743042 3648.029056
1568.781086 3677.037759
1568.802178 3694.758174
1568.750748 3653.294354
1568.615262 3628.037187
1568.602031 3628.130231
1568.545962 3661.651888
1568.617926 3660.970861
1568.548272 3621.756162
1568.562887 3625.316190
1568.524118 3603.413163
1568.542135 3569.172024
1568.581941 3614.476447
1568.695901 3645.382922
1568.621521 3635.043979
1568.674799 3630.830976
1568.820038 3631.469488
1568.758633 3655.094733
1569.009876 3724.258502
1569.112938 3828.678648
1569.118140 3866.480002
1568.900668 3833.560326
1568.806591 3765.242345
1568.830115 3757.666044
1568.906176 3740.372512
1568.909497 3766.491625
1568.953786 3845.045122
1568.639219 3754.745728
1568.431194 3677.922821
1568.230052 3596.391990
1568.189031 3554.787401
1568.053980 3578.431767
1567.945436 3535.448179
1567.894471 3519.699110
1567.951115 3485.242734
1568.148735 3568.834014
1568.103934 3657.988688
1568.027913 3624.918154
1568.088190 3602.941485
1568.237454 3653.077870
1568.313535 3696.356752
1568.343983 3745.981734
1568.394355 3720.532903
1568.417053 3685.653622
1568.615082 3639.371934
1568.483375 3680.219250
1568.509353 3676.558257
1568.513390 3674.191972
1568.603324 3681.808304
1568.614122 3737.236518
1568.658270 3744.973695
1568.680861 3751.608068
1568.724160 3790.570250
1568.715520 3785.432350
1568.635399 3731.182902
1568.512068 3701.621515
1568.592845 3706.056667
1568.718160 3736.085483
1568.434898 3714.398747
1568.275679 3614.503566
1568.174624 3552.835381
1568.244154 3557.570252
1568.182281 3583.322197
1568.206597 3598.842278
1568.359569 3694.798368
1568.325756 3756.992180
1568.318247 3706.014885
1568.229612 3648.139515
1568.383929 3686.582349
1568.432381 3770.327784
1568.517352 3845.499451
1568.521973 3834.627153
1568.510333 3798.638978
1568.434349 3783.961477
1568.544002 3784.488170
1568.582486 3774.763796
1568.743875 3796.656624
1568.694912 3845.652058
1568.764055 3814.002378
1568.615906 3815.404494
1568.499910 3784.486535
1568.437720 3705.028815
1568.310581 3686.420138
1568.183461 3593.370918
1568.274424 3582.399646
1568.268147 3640.356946
1568.176785 3658.665385
1568.234357 3627.720502
1568.165484 3671.519508
1568.081930 3657.771972
1568.189943 3640.951698
1568.173372 3690.524457
1568.231801 3682.512876
1568.189597 3684.326282
1568.472284 3740.405568
1568.412276 3796.394810
1568.379002 3762.958740
1568.333743 3793.151438
1568.327505 3780.533010
1568.173994 3726.885304
1568.123632 3701.141019
1568.124814 3689.793809
1568.032599 3643.029964
1567.971819 3609.346567
1567.928819 3585.566806
1567.859034 3572.466012
1567.926722 3539.987630
1568.035644 3563.347567
1567.720927 3556.989524
1567.722448 3535.063006
1567.678138 3541.050723
1567.748121 3556.502224
1567.807011 3586.546104
1567.953614 3577.171434
1568.010207 3695.729045
1568.076141 3714.481702
1568.189090 3717.977806
1568.324239 3738.244162
1568.409931 3810.177053
1568.489440 3834.764881
1568.574217 3832.291215
1568.627755 3801.437575
1568.878759 3812.698985
1568.886683 3923.293251
1568.972305 3905.297654
1569.054080 3905.967651
1569.150577 3920.243436
1569.066044 3925.530095
1568.992155 3886.466811
1568.743713 3814.447509
1568.529960 3704.535947
1568.403381 3668.111648
1568.228121 3594.831710
1568.140197 3588.037107
1568.004806 3575.180069
1567.931968 3542.228512
1567.897496 3613.345388
1567.882347 3648.183342
1567.773928 3596.842688
1567.660987 3561.787171
1567.621919 3541.772294
1567.573597 3572.953131
1567.545057 3577.514391
1567.647439 3594.308649
1567.656523 3629.645788
1567.691530 3611.689598
1567.679631 3625.603042
1567.561312 3599.281548
1567.553014 3558.407353
1567.505648 3527.639545
1567.569118 3553.137738
1567.613061 3577.161310
1567.833667 3609.965888
1567.813355 3718.155199
1567.942369 3707.594917
1568.059587 3690.385737
1567.965181 3674.120171
1568.090646 3728.101648
1568.169517 3777.391697
1568.175556 3761.329364
1568.313162 3830.089725
1568.317353 3832.875131
1568.243723 3761.171008
1568.353815 3845.805392
1568.470732 3860.896259
1568.489944 3861.009490
1568.471569 3833.183093
1568.514073 3801.211286
1568.407106 3826.987056
1568.383844 3808.967292
1568.290146 3749.778608
1568.131386 3636.116627
1568.110868 3627.165339
1568.260125 3661.008839
1568.422152 3687.973677
1568.350629 3769.635033
1568.288284 3716.901453
1568.310014 3717.963474
1568.181471 3742.626492
1568.069688 3672.532367
1568.124073 3628.435591
1568.062864 3693.696400
1567.998226 3665.354778
1568.038640 3679.244689
1568.146338 3658.878222
1568.126630 3707.505070
1568.128194 3756.594414
1568.140716 3760.960131
1568.035139 3720.229799
1568.317691 3678.914137
1568.106522 3789.651473
1568.048208 3754.037783
1568.003775 3695.738753
1567.920548 3642.265978
1567.876753 3578.434780
1567.937953 3626.118860
1567.845501 3650.802343
1567.837443 3614.623046
1567.784803 3631.215059
1567.821289 3627.612505
1567.879459 3675.156429
1567.804561 3655.924755
1567.837103 3648.105709
1567.690964 3679.334850
1567.636772 3619.483588
1567.598266 3578.392204
1567.588125 3566.113593
1567.599072 3579.538658
1567.562646 3554.254746
1567.581950 3557.455673
1567.584051 3572.112368
1567.722582 3604.592081
1567.717985 3644.066518
1567.898308 3681.791771
1567.851404 3697.320637
1568.032828 3725.297670
1568.229890 3785.059190
1568.302967 3856.774416
1568.416377 3856.064868
1568.419904 3850.684668
1568.213043 3753.293815
1568.044543 3711.967116
1568.019972 3678.781305
1567.978825 3716.769368
1567.991817 3725.511301
1567.969079 3694.610408
1567.988094 3657.025993
1568.059392 3734.308263
1568.021413 3754.521338
1568.015168 3702.956276
1567.923016 3681.026644
1567.924804 3660.777080
1567.920276 3713.198963
1567.951720 3705.449674
1568.005855 3706.951428
1567.882007 3696.866146
1567.890199 3676.948714
1567.794140 3698.657489
1567.912119 3714.026602
1567.812177 3712.429485
1567.863940 3695.475557
1567.879888 3689.250056
1568.011872 3703.760361
1568.047027 3725.695746
1567.996021 3726.792357
1567.964218 3697.025507
1567.865170 3642.763396
1567.932577 3659.999823
1567.929142 3685.391430
1568.240003 3720.022527
1568.152916 3809.181709
1568.027046 3758.355195
1567.928325 3714.676890
1567.823947 3645.326136
1567.752027 3608.795881
1567.595996 3597.692788
1567.512564 3567.864332
1567.555222 3543.698310
1567.864053 3573.287958
1567.579295 3663.415600
1567.422782 3585.124519
1567.678495 3542.645101
1567.464424 3588.713763
1567.584621 3566.430012
1567.535758 3669.926054
1567.561099 3630.685417
1567.630070 3620.646922
1567.705696 3663.726898
1567.808127 3692.638398
1567.920593 3764.253429
1568.011381 3806.868303
1567.952641 3800.097718
1567.902234 3737.255918
1567.859236 3669.517210
1567.879148 3694.185550
1567.910159 3714.217766
1567.956600 3717.814929
1567.871503 3697.645707
1567.787625 3683.769815
1567.878287 3648.672180
1567.674473 3656.312649
1567.594777 3628.573099
1567.649705 3618.900855
1567.663954 3627.813589
1567.742762 3638.527350
1567.740983 3695.751480
1567.737657 3701.539445
1567.993406 3703.733772
1567.682337 3738.797210
1567.712277 3693.802589
1567.745368 3752.974918
1567.781945 3777.603200
1567.927793 3792.732277
1567.856914 3825.850435
1567.962311 3749.331188
1567.741028 3709.079526
1567.756677 3664.686548
1567.655423 3620.026485
1567.665531 3614.172599
1567.677930 3663.232254
1567.653226 3643.958788
1567.658054 3610.135593
1567.755826 3616.975249
1567.685664 3668.516108
1567.656103 3649.741956
1567.678924 3635.733961
1567.658560 3647.123689
1567.770447 3683.342626
1567.827094 3732.427863
1567.831787 3717.066661
1567.821232 3733.601510
1567.832679 3734.846210
1567.920011 3729.299067
1567.924207 3769.258275
1568.001149 3756.361929
1567.997580 3726.258688
1568.134568 3788.564733
1568.137219 3791.274408
1568.391101 3806.856532
1568.267180 3783.900725
1568.318559 3816.361470
1568.259506 3749.048629
1568.300951 3765.071807
1568.158740 3780.490113
1568.059148 3681.040001
1567.974781 3634.800597
1567.984318 3635.418087
1567.889257 3652.890398
1567.790890 3624.495123
1567.629774 3570.078180
1567.510872 3537.826134
1567.442541 3526.815454
1567.423137 3528.350328
1567.263950 3490.472032
1567.308919 3512.260744
1567.360785 3564.879591
1567.447480 3604.012883
1567.561071 3635.671693
1567.478708 3632.690688
1567.527795 3604.049970
1567.434642 3593.051317
1567.424273 3583.616542
1567.452822 3557.538079
1567.495221 3599.136174
1567.590752 3597.888166
1567.712972 3628.274778
1567.686413 3673.311535
1567.660666 3661.338551
1567.674400 3680.250231
1567.674513 3650.873495
1567.939141 3645.747423
1568.012522 3730.387513
1567.840432 3724.521464
1567.849208 3739.091192
1567.805251 3730.116324
1567.707616 3746.324732
1567.642456 3731.845157
1567.617888 3725.298631
1567.543063 3701.132165
1567.421093 3647.745764
1567.427589 3624.529936
1567.533340 3602.494211
1567.716958 3647.318820
1567.859366 3767.297698
1567.845536 3831.138784
1567.773331 3785.332197
1567.733975 3724.069495
1567.784472 3729.763770
1567.713700 3728.375506
1567.790289 3712.119764
1567.912662 3725.304193
1567.907000 3751.216070
1567.714888 3710.419703
1567.585655 3665.055808
1567.528891 3636.689513
1567.594702 3656.864109
1567.528479 3635.830845
1567.572521 3661.775263
1567.551932 3654.674896
1567.490629 3611.212225
1567.437279 3614.275895
1567.400602 3584.955441
1567.325005 3575.596556
1567.380400 3573.235864
1567.668755 3616.629584
1567.587387 3696.897571
1567.529480 3641.866242
1567.446486 3585.226204
1567.456073 3595.056280
1567.452317 3631.499112
1567.590523 3635.542068
1567.486598 3655.483656
1567.502838 3626.159983
1567.520984 3633.551647
1567.599043 3648.856567
1567.685452 3657.259124
1567.726837 3710.160734
1567.808964 3706.861962
1567.751571 3712.049445
1567.764308 3680.571461
1567.769462 3661.364658
1567.796778 3714.082705
1567.760708 3714.437220
1567.717290 3681.210812
1567.724030 3622.285937
1567.578028 3614.819723
1567.474500 3584.299067
1567.477151 3561.416325
1567.440557 3540.051678
1567.534075 3573.275232
1567.580159 3637.845682
1567.692570 3686.808342
1567.704536 3731.972299
1567.896622 3739.964743
1567.930658 3828.198385
1567.891641 3823.430743
1567.985299 3779.011467
1567.983565 3768.929760
1568.047433 3779.933989
1568.171905 3882.369716
1568.195429 3923.375922
1568.072651 3844.023677
1567.860663 3744.939826
1567.810414 3737.475411
1567.748651 3725.971911
1567.748121 3727.804642
1567.692546 3682.442659
1567.657667 3690.525749
1567.589916 3721.889969
1567.565669 3665.689184
1567.401394 3556.511898
1567.318711 3540.205587
1567.305702 3574.581891
1567.221677 3574.545687
1567.407396 3572.311379
1567.340086 3667.343125
1567.342013 3652.520638
1567.400763 3622.209418
1567.413634 3641.325371
1567.390804 3654.142985
1567.343955 3614.792959
1567.426813 3569.900551
1567.505372 3588.662737
1567.589768 3653.917828
1567.685752 3664.183177
1567.714225 3674.538573
1567.962943 3660.891066
1567.900910 3721.511239
1567.968041 3746.633633
1567.939809 3734.464001
1567.857014 3726.080830
1567.869708 3685.191192
1567.784881 3681.065854
1567.799888 3695.522150
1567.892808 3709.456708
1567.749400 3734.421671
1567.685765 3714.291387
1567.629294 3702.133953
1567.620938 3678.171613
1567.619162 3663.578720
1567.631671 3705.202638
1567.681191 3660.482916
1567.646761 3669.807931
1567.652467 3727.867333
1567.472381 3658.814688
1567.422251 3602.970124
1567.403420 3606.586854
1567.481642 3582.234547
1567.484673 3606.294469
1567.699264 3627.013261
1567.749788 3742.690108
1567.788646 3817.569659
1567.652594 3747.507843
1567.465208 3645.284753
1567.250363 3543.270252
1567.212030 3516.466713
1567.297819 3542.964940
1567.681343 3610.346409
1567.593481 3722.059875
1567.474695 3702.815460
1567.360315 3622.694661
1567.251581 3588.683740
1567.192371 3570.685903
1567.210674 3586.603510
1567.195575 3580.262533
1567.310131 3591.289809
1567.406894 3654.966173
1567.497308 3722.835512
1567.561489 3715.635557
1567.571296 3745.191706
1567.655917 3798.121833
1567.814747 3763.834573
1567.762703 3763.380079
1567.828948 3785.233055
1567.815184 3784.451550
1567.815691 3736.687781
1567.767532 3720.486192
1567.811086 3699.951717
1567.715369 3688.484989
1567.712018 3678.759409
1567.740517 3668.295044
1567.815166 3740.273059
1567.790930 3821.223961
1567.748563 3765.317317
1567.534663 3683.087503
1567.463414 3647.622213
1567.448818 3658.848118
1567.539627 3673.764451
1567.587046 3700.663754
1567.535221 3704.206987
1567.562807 3699.581850
1567.525864 3704.531762
1567.494837 3648.320623
1567.502787 3672.537651
1567.685729 3695.218044
1567.653096 3734.600560
1567.549014 3685.016111
1567.513135 3612.995049
1567.465811 3610.556327
1567.491432 3618.653476
1567.577799 3643.852241
1567.606509 3659.953949
1567.537667 3681.084504
1567.582084 3710.416695
1567.590547 3753.880790
1567.552014 3730.507576
1567.529331 3688.939464
1567.408617 3723.509858
1567.397614 3650.745241
1567.374385 3638.935443
1567.493368 3672.750625
1567.458104 3693.595120
1567.450989 3673.747279
1567.484496 3689.500024
1567.569794 3711.199237
1567.572877 3714.917932
1567.592880 3715.629222
1567.528149 3758.618642
1567.495568 3703.346590
1567.624116 3729.107546
1567.514224 3705.119222
1567.557903 3682.662530
1567.675624 3710.971021
1567.723710 3724.825040
1567.814025 3780.192459
1567.933764 3775.646834
1567.996231 3834.642251
1567.730638 3778.251084
1567.561086 3701.622392
1567.398980 3578.939956
1567.496747 3555.171969
1567.451047 3598.669649
1567.497724 3621.220832
1567.561637 3656.050138
1567.450757 3644.935317
1567.352339 3602.304672
1567.446969 3537.839944
1567.331448 3540.409264
1567.463805 3608.811529
1567.420760 3653.095969
1567.562479 3673.312477
1567.316714 3616.592031
1567.317244 3609.670496
1567.348898 3626.307213
1567.389744 3664.617295
1567.446431 3656.932734
1567.448153 3661.614026
1567.709594 3708.771037
1567.587995 3785.980738
1567.641787 3758.201170
1567.598080 3775.110429
1567.925319 3757.632881
1567.553792 3783.345093
1567.605580 3757.342414
1567.530054 3773.148979
1567.575485 3825.101386
1567.620327 3818.647510
1567.376890 3751.703594
1567.325577 3681.363855
1567.251320 3668.524574
1567.233846 3677.180876
1567.183262 3679.134583
1567.151641 3682.050162
1567.098372 3648.447344
1567.165269 3642.747167
1567.231118 3647.764596
1567.422612 3689.226278
1567.441607 3728.232477
1567.782434 3726.346686
1567.661209 3894.689834
1567.612480 3787.351023
1567.497534 3797.084531
1567.633201 3708.353821
1567.610349 3767.310745
1567.608492 3793.564663
1567.756049 3766.014512
1567.664857 3760.254644
1567.700609 3764.399329
1567.684312 3782.887411
1567.701688 3791.579122
1567.541603 3711.234389
1567.577038 3723.919312
1567.607310 3735.320777
1567.676440 3719.275319
1567.518334 3715.229312
1567.401076 3608.763800
1567.228884 3549.184524
1567.264516 3513.438700
1567.212838 3561.634538
1567.284963 3605.249319
1567.120057 3595.658035
1567.155998 3535.911771
1567.118080 3579.074194
1567.098741 3588.462351
1567.093029 3611.701610
1567.182595 3596.925050
1567.307603 3624.470248
1567.463403 3732.746506
1567.441288 3746.717930
1567.620140 3762.843962
1567.644759 3765.956527
1567.615664 3738.387380
1567.553270 3729.763604
1567.604402 3725.034504
1567.555567 3739.599795
1567.503203 3689.130735
1567.422397 3671.686092
1567.368615 3691.854101
1567.463763 3672.680195
1567.329317 3684.429478
1567.525044 3580.633566
1567.270769 3639.452629
1567.222203 3661.090539
1567.313911 3613.594942
1567.244414 3624.187522
1567.334221 3666.134468
1567.308487 3660.780220
1567.339959 3650.669733
1567.168333 3634.935250
1567.169658 3610.551759
1567.022906 3556.741877
1566.997819 3522.770217
1566.816549 3509.796650
1567.019396 3520.940955
1566.968116 3597.898328
1566.988765 3564.026104
1567.071013 3590.535424
1567.127264 3640.127209
1567.247658 3664.017977
1567.457505 3767.164735
1567.573744 3849.931937
1567.600672 3869.403996
1567.656260 3813.989732
1567.628757 3784.104490
1567.699589 3791.818028
1567.637236 3754.306165
1567.477610 3672.145475
1567.414411 3630.339457
1567.469822 3637.681692
1567.470866 3629.489656
1567.529240 3618.769537
1567.506395 3637.497797
1567.557180 3661.237562
1567.553862 3678.359080
1567.596399 3713.936867
1567.610930 3699.424987
1567.663331 3716.676756
1567.648436 3760.103431
1567.644944 3749.668172
1567.735128 3754.793984
1567.847702 3794.064154
1567.679986 3763.879520
1567.517498 3660.277811
1567.424598 3644.949317
1567.484604 3610.411445
1567.330162 3595.977391
1567.254198 3601.357413
1567.379927 3588.459222
1567.201075 3618.389353
1567.206555 3605.502765
1567.211479 3643.537040
1567.188081 3666.497441
1567.236210 3635.650055
1567.278560 3696.104119
1567.318276 3724.396504
1567.427151 3767.481278
1567.483950 3829.745628
1567.546307 3792.386652
1567.407452 3741.714378
1567.387792 3724.948669
1567.501908 3728.848949
1567.512189 3738.402703
1567.676986 3744.568426
1567.710757 3810.862161
1567.840746 3791.597670
1567.815165 3796.472617
1567.809536 3748.175143
1567.740469 3692.167657
1567.775720 3705.064680
1567.685132 3699.577832
1567.717508 3678.551778
1567.682087 3707.806375
1567.626155 3665.158855
1567.588012 3649.008990
1567.489122 3674.615945
1567.396069 3672.804486
1567.407625 3663.805452
1567.261214 3659.688054
1567.229524 3612.941721
1567.122809 3566.518791
1567.076604 3557.641978
1567.088419 3535.695648
1567.054031 3547.855290
1567.440412 3564.282502
1567.155525 3642.398917
1567.125678 3646.627242
1567.198443 3667.058773
1567.207805 3672.964492
1567.198989 3719.067077
1567.195984 3707.147862
1567.087167 3657.323116
1567.110177 3644.269641
1567.917709 3654.368969
1567.584739 3934.301700
1567.254832 3727.020515
1567.271381 3695.519653
1567.248899 3694.019725
1567.264136 3710.817288
1567.443691 3720.892889
1567.413171 3732.204685
1567.469860 3722.486010
1567.432914 3674.397943
1567.422028 3676.352960
1567.498617 3698.837169
1567.582739 3674.628382
1567.456080 3695.516516
1567.429665 3633.950412
1567.435742 3635.309709
1567.503867 3654.041442
1567.493481 3679.414445
1567.476630 3663.941045
1567.524933 3682.436017
1567.543204 3700.823483
1567.634667 3705.193433
1567.679729 3788.495622
1567.655624 3782.875395
1567.678105 3745.369941
1567.648563 3736.729022
1567.528626 3755.656731
1567.596073 3785.268707
1567.439286 3771.431884
1567.374631 3727.246393
1567.341145 3667.086782
1567.321969 3700.539063
1567.357104 3704.505316
1567.219558 3643.837854
1567.115744 3599.929146
1567.103606 3601.181470
1566.998304 3596.489106
1567.024569 3564.927055
1566.901886 3561.134983
1566.910604 3567.990005
1566.883419 3545.858983
1567.036264 3553.533904
1567.105420 3746.152452
1567.151552 3691.297003
1567.239846 3723.718892
1567.300298 3736.824475
1567.197871 3727.030529
1567.199187 3661.343435
1567.281373 3651.259241
1567.400811 3695.914550
1567.499224 3700.453223
1567.370287 3702.964221
1567.342236 3665.584355
1567.383990 3657.213532
1567.433796 3665.350380
1567.547783 3694.633421
1567.622652 3768.325515
1567.615389 3795.899265
1567.651990 3794.601314
1567.635184 3784.899651
1567.478038 3739.359159
1567.395210 3703.327629
1567.322117 3692.328435
1567.297181 3663.198451
1567.202489 3642.171392
1567.076719 3597.307218
1567.008552 3580.525745
1567.059669 3627.024703
1567.063346 3662.504232
1567.301753 3675.172795
1567.169838 3754.688618
1567.198856 3743.152156
1567.203477 3723.686741
1567.275380 3761.074685
1567.171234 3705.028855
1567.167880 3643.889947
1567.055156 3647.258511
1567.169212 3590.227100
1567.072989 3597.547808
1566.960181 3607.182933
1566.942025 3595.654891
1566.937894 3558.567608
1567.000268 3555.667140
1567.027152 3580.943688
1567.045469 3598.077311
1567.049649 3531.690901
1567.152065 3579.069321
1567.264240 3696.496750
1567.324156 3721.118592
1567.311104 3669.181208
1567.277451 3652.140692
1567.338549 3671.468275
1567.382929 3722.897800
1567.313661 3660.140199
1567.273137 3647.614621
1567.387134 3673.093149
1567.619465 3744.395654
1567.501461 3737.765909
1567.498109 3702.489452
1567.443129 3752.948537
1567.365178 3673.658841
1567.252719 3608.653319
1567.193542 3523.465919
1567.165476 3543.423636
1567.171797 3571.707365
1567.236810 3594.273440
1567.437464 3673.606221
1567.610964 3725.881584
1567.643378 3795.838822
1567.403584 3745.853411
1567.583490 3669.918076
1567.374483 3718.453379
1567.423280 3675.889533
1567.348977 3637.436662
1567.324046 3617.347502
1567.347837 3616.042302
1567.458460 3658.846840
1567.859338 3702.333487
1567.610722 3784.143757
1567.629618 3749.566785
1567.672988 3762.961392
1567.866393 3778.414378
1567.818329 3783.269716
1567.902372 3800.730136
1568.029621 3898.828471
1568.004543 3859.453085
1567.932877 3795.009665
1567.593145 3759.218102
1567.513180 3714.637832
1567.418817 3673.035535
1567.543660 3603.089540
1567.275932 3628.194465
1567.247986 3614.262275
1567.186667 3606.157744
1567.174619 3622.761084
1567.160870 3614.116449
1567.086435 3605.255834
1567.066132 3608.534555
1567.077040 3646.649702
1567.076189 3676.763698
1567.215095 3674.228952
1567.280052 3767.470569
1567.352906 3761.921067
1567.272796 3759.087416
1567.290286 3736.628934
1567.207769 3693.590814
1567.283753 3697.729984
1567.383948 3721.665458
1567.580826 3775.229587
1567.669271 3865.507214
1567.723472 3843.552286
1567.648022 3782.726901
1567.647205 3783.467273
1567.705922 3823.111467
1567.745828 3851.946234
1567.713234 3842.894682
1567.685643 3829.209801
1567.580161 3807.073998
1567.470016 3741.937011
1567.401822 3712.265546
1567.228574 3654.144620
1567.166840 3649.732777
1567.101324 3619.917240
1567.074327 3627.473861
1567.147479 3637.080178
1567.116645 3631.289004
1567.169013 3681.389662
1567.268561 3727.229951
1567.199885 3741.071172
1567.016603 3634.734042
1567.014022 3619.109814
1567.059535 3605.899165
1567.119463 3648.891891
1567.183236 3689.210235
1567.472109 3740.406966
1567.282513 3756.828130
1567.219850 3721.295715
1567.117778 3689.018961
1567.071984 3674.920445
1567.112978 3699.013537
1567.129218 3720.009748
1567.361379 3711.106414
1567.092817 3704.909124
1567.044241 3635.606893
1566.967375 3601.965372
1567.046605 3608.394443
1567.089777 3673.752846
1567.176972 3701.120709
1567.046158 3676.808638
1567.026436 3615.949473
1567.082955 3601.257160
1567.028520 3614.827845
1567.070872 3629.584020
1567.089698 3590.531937
1567.090569 3610.080176
1567.186363 3613.667832
1567.418112 3646.087148
1567.271750 3704.485677
1567.436314 3723.020922
1567.513737 3759.304359
1567.734404 3815.802006
1567.614518 3873.379009
1567.541725 3787.104263
1567.420869 3717.718260
1567.409069 3660.938181
1567.378743 3705.035705
1567.355841 3699.643277
1567.308134 3641.811679
1567.140609 3578.612088
1566.983110 3512.410855
1566.829379 3496.340632
1566.858330 3497.585656
1566.906921 3533.513471
1566.940596 3630.159888
1567.028951 3644.978908
1567.026836 3647.856984
1566.995669 3605.663753
1567.064522 3621.197573
1567.125979 3678.342211
1567.199999 3655.950567
1567.278412 3680.044550
1567.356738 3750.772688
1567.511120 3786.069557
1567.517263 3809.175114
1567.471723 3765.425868
1567.604824 3777.151915
1567.487148 3821.502361
1567.619444 3855.790678
1567.540317 3819.081485
1567.591374 3803.199858
1567.573446 3775.708946
1567.548066 3749.715920
1567.565201 3745.555588
1567.720411 3750.136726
1567.570207 3752.486142
1567.487891 3724.105511
1567.400761 3705.252170
1567.310822 3648.341810
1567.337823 3636.202879
1567.341467 3692.262907
1567.227668 3680.839199
1567.203209 3597.050553
1567.183577 3623.718289
1567.246376 3672.790302
1567.232848 3682.344112
1567.286802 3652.341229
1567.184449 3680.101856
1567.228727 3664.763453
1567.165939 3655.221044
1567.175809 3635.921426
1567.190686 3652.998697
1567.156716 3659.891587
1567.109180 3598.936116
1567.167087 3626.880057
1567.295290 3706.758860
1568.209164 3766.443738
1567.740729 3904.510419
1567.642573 3851.553506
1567.611623 3898.544421
1567.927396 3844.639582
1567.628992 3919.470854
1567.572300 3861.970688
1567.602566 3822.450838
1567.578051 3790.308941
1567.783513 3834.968722
1567.744736 3873.470339
1567.667636 3814.499688
1567.626203 3750.075487
1567.781000 3735.808203
1567.591753 3822.256682
1567.533256 3770.830846
1567.610579 3743.018565
1567.502006 3739.331571
1567.530318 3744.189948
1567.516455 3753.734626
1567.673188 3744.265046
1567.480415 3745.516989
1567.351420 3677.086637
1567.231191 3654.632779
1567.095995 3590.087270
1567.057172 3559.468648
1567.036159 3614.833079
1567.027560 3612.502728
1566.914369 3552.738146
1566.905676 3567.591741
1567.117121 3610.693738
1567.138703 3740.978244
1567.212522 3783.018443
1567.219144 3757.952372
1567.323244 3740.884488
1567.240238 3744.197647
1567.285070 3735.890038
1567.248081 3750.546079
1567.249040 3672.472772
1567.273319 3708.953087
1567.512018 3728.145896
1567.487895 3772.899288
1567.522732 3751.748257
1567.612527 3794.279724
1567.767851 3806.065508
1567.698462 3778.320921
1567.568790 3788.373687
1567.485317 3750.832518
1567.338766 3733.242434
1567.282643 3692.370825
1567.237496 3691.524485
1567.231255 3679.594980
1567.218740 3630.496497
1567.156033 3616.438687
1567.090751 3606.961528
1567.072768 3590.271304
1566.981887 3614.650584
1567.010811 3625.426669
1567.083647 3647.221129
1567.134447 3672.893391
1567.156329 3667.136452
1567.133245 3661.834092
1567.210635 3632.677836
1567.212590 3674.358809
1567.305032 3737.375097
1567.327388 3753.224938
1567.290624 3677.969790
1567.331140 3657.767429
1567.572947 3715.619297
1567.596814 3817.362970
1567.661460 3793.561534
1567.619296 3762.264227
1567.551149 3747.941371
1567.536285 3715.992101
1567.574105 3731.724749
1567.503232 3729.307042
1567.471941 3705.352039
1567.497660 3705.963245
1567.377401 3710.961058
1567.255994 3653.140392
1567.123437 3586.434426
1567.071878 3570.781669
1566.961748 3574.995700
1566.982495 3574.520048
1566.809154 3552.217176
1566.815055 3540.535307
1566.773691 3593.038219
1566.733489 3557.329654
1566.735208 3584.610538
1566.727225 3613.517428
1566.841703 3664.099773
1567.372128 3703.171140
1566.935231 3749.467391
1567.008036 3734.997492
1567.152455 3751.416984
1567.200539 3788.781498
1567.102136 3751.795021
1567.093356 3711.235677
1567.886715 3652.412578
1567.479984 3774.215873
1567.359821 3792.625542
1567.289289 3763.071749
1567.275460 3747.577537
1567.307096 3719.281904
1567.245511 3723.432196
1567.236625 3729.164747
1567.096523 3659.952324
1567.447369 3630.112333
1567.225324 3698.886750
1567.129475 3608.076167
1567.028502 3578.488048
1567.014681 3612.068117
1567.361364 3645.871197
1567.168817 3731.788275
1567.064990 3652.110294
1567.079442 3646.445681
1567.071067 3631.166849
1567.101612 3680.725105
1567.196300 3708.153892
1567.172086 3759.745627
1567.039580 3702.585123
1566.952474 3599.904661
1566.930023 3592.102028
1566.873897 3579.087075
1566.877083 3555.794947
1566.920828 3581.819292
1567.080808 3633.237228
1567.191998 3664.340006
1567.320048 3700.985122
1566.900256 3678.417832
1566.898956 3596.330101
1566.823309 3607.330333
1566.909671 3608.740092
1566.909488 3623.553824
1566.981732 3622.064135
1567.034516 3667.614380
1567.051385 3658.439337
1567.156393 3679.541251
1567.198672 3746.854604
1567.301007 3791.329096
1567.525484 3812.879726
1567.454393 3881.840380
1567.442767 3797.604111
1567.444311 3741.052279
1567.567383 3776.456347
1567.595790 3813.236596
1567.521466 3787.029490
1567.447041 3729.893712
1567.359817 3701.454587
1567.275121 3667.059265
1567.197716 3626.905115
1567.161006 3694.353396
1567.140193 3751.634126
1567.113372 3694.888924
1567.018998 3651.797498
1567.051506 3616.873305
1566.970595 3649.169490
1567.030996 3659.161137
1567.030321 3651.342368
1567.038345 3630.882024
1567.028744 3682.496832
1567.047473 3685.904828
1566.936215 3632.420168
1566.891802 3571.419026
1566.900466 3577.777300
1567.143130 3650.508433
1567.015665 3691.709974
1567.040407 3675.787053
1567.126691 3682.894297
1567.243756 3749.730605
1567.312573 3817.095714
1567.236341 3793.575311
1567.274860 3755.935068
1567.221273 3801.552282
1567.244514 3784.069862
1567.179168 3738.888864
1567.138777 3736.183436
1567.105560 3694.160446
1567.129884 3716.643916
1567.085468 3694.056847
1567.081205 3681.681986
1566.988567 3634.822845
1567.046352 3649.482931
1567.074901 3691.856570
1567.170490 3717.906923
1567.176170 3738.280733
1567.384686 3757.548945
1567.438045 3849.355503
1567.384239 3818.332462
1567.290017 3759.600760
1567.324081 3733.823425
1567.277728 3775.892854
1567.377036 3763.831693
1567.347043 3743.852206
1567.432421 3808.596844
1567.402128 3868.093821
1567.343903 3799.542684
1567.138837 3678.900498
1567.072833 3604.468343
1567.021408 3620.048226
1567.132148 3649.080712
1567.116638 3689.243666
1567.132945 3659.966928
1567.041022 3671.427897
1567.057192 3676.942277
1567.040852 3678.820020
1567.019018 3666.069248
1567.133099 3664.007445
1566.874196 3626.340423
1566.908284 3583.966735
1566.907923 3599.135877
1566.780493 3630.775489
1566.716125 3550.827480
1566.760501 3522.921912
1566.880224 3596.491643
1566.924750 3640.701915
1567.047640 3681.109093
1567.263776 3756.094517
1567.414774 3831.361936
1567.354000 3828.307499
1567.339480 3811.915313
1567.313847 3757.963883
1567.366264 3756.490296
1567.310652 3742.694189
1567.387134 3740.974383
1567.375200 3721.904753
1567.529871 3740.588867
1567.504201 3815.918388
1567.528646 3811.233966
1567.414469 3742.233254
1567.398306 3725.397907
1567.353923 3700.765794
1567.269132 3653.456329
1567.236687 3634.036577
1567.105345 3656.209612
1566.962886 3602.163173
1566.973085 3589.199588
1567.052433 3636.049755
1566.995171 3720.974221
1566.948662 3719.721843
1566.967562 3671.043615
1566.975187 3674.995638
1566.947470 3688.025442
1566.899631 3658.692892
1566.947345 3632.475186
1567.002046 3702.236092
1567.016145 3733.838117
1567.086674 3687.147449
1567.119634 3685.934066
1567.093251 3711.843820
1567.197872 3758.349801
1567.328206 3812.167784
1567.345157 3865.362222
1567.311880 3910.762226
1567.257486 3816.179343
1567.150472 3791.256550
1567.067934 3729.815806
1567.095952 3760.386054
1567.063221 3764.454992
1567.105815 3747.278097
1567.115190 3733.856887
1567.098167 3740.820385
1567.024308 3731.731288
1566.965995 3670.830859
1566.809906 3636.730136
1566.796240 3603.635206
1566.867340 3628.476826
1566.845580 3673.190945
1566.804797 3633.425738
1566.882610 3658.962830
1567.044114 3712.977677
1566.999215 3727.635972
1566.892439 3666.941520
1566.780517 3593.796307
1566.733796 3596.316847
1566.763758 3642.584665
1566.729139 3661.315194
1566.797024 3690.415668
1566.802964 3674.893416
1566.837311 3725.630377
1566.794710 3687.554960
1566.842433 3695.621523
1566.812631 3693.102034
1566.837694 3690.491578
1566.809419 3675.263208
1566.663398 3591.282566
1566.794107 3576.607312
1566.792363 3646.880529
1566.820729 3641.680594
1566.945851 3638.084017
1566.903194 3681.048265
1566.968359 3704.732302
1566.899862 3667.758470
1567.035565 3706.440359
1567.004391 3744.334752
1567.137829 3762.408869
1566.987920 3738.950235
1566.997776 3711.780571
1566.851827 3680.406014
1566.768611 3633.848997
1566.791122 3599.052156
1566.811542 3675.847811
1566.864337 3656.546844
1566.873283 3632.314773
1566.837440 3623.578046
1566.813040 3655.329239
1566.773471 3657.869596
1566.840676 3661.064342
1566.856763 3690.574899
1566.870833 3678.198959
1566.938868 3695.461095
1567.062966 3732.282876
1567.099337 3745.020857
1567.211257 3763.409992
1567.293450 3779.311944
1567.284174 3814.892471
1567.249730 3780.132910
1567.160420 3713.531854
1567.225668 3684.077202
1567.220427 3763.037523
1567.800148 3789.744477
1567.399805 3799.529989
1567.281436 3734.661998
1567.441021 3750.579697
1567.343179 3841.902218
1567.268124 3746.999245
1567.290857 3748.928609
1567.427465 3789.417409
1567.235045 3813.226848
1567.141312 3768.597436
1566.965149 3689.665383
1566.923613 3657.670376
1566.886036 3663.820951
1566.754946 3684.083498
1566.627077 3627.614248
1566.639757 3596.155662
1566.601133 3604.645192
1566.501672 3600.868698
1566.440269 3556.599732
1566.527592 3579.525085
1566.504649 3632.989418
1566.495238 3644.354440
1566.586875 3636.209300
1566.644988 3688.620033
1566.791673 3724.977369
1567.012323 3820.462962
1567.034713 3898.236252
1567.004541 3839.737157
1566.913492 3800.072990
1566.759443 3780.086537
1566.743629 3732.105921
1566.692142 3711.893125
1566.536562 3624.500363
1566.542083 3606.717688
1566.507797 3641.790310
1566.606002 3679.334471
1566.409397 3638.064880
1566.454722 3627.828156
1566.486491 3670.687316
1566.570879 3705.521812
1566.583788 3739.525603
1566.458913 3702.886135
1566.416384 3613.745916
1566.381603 3622.714276
1566.674095 3653.344342
1566.618960 3808.289854
1566.570407 3837.496417
1566.527628 3808.315369
1566.470047 3815.907182
1566.407819 3796.928595
1566.507063 3748.011797
1566.556107 3748.345255
1566.193558 3724.767187
1566.096487 3697.750099
1566.237065 3729.200936
1565.946045 3751.016137
1565.896297 3743.212832
1565.930355 3791.319931
1565.983000 3841.486364
1565.722646 3780.193698
1565.591551 3685.392990
1565.569389 3638.813029
1565.630261 3672.660239
1565.668079 3729.897721
1565.746620 3740.787279
1565.804325 3764.987961
1565.904344 3835.951751
1565.904535 3856.411561
1565.859973 3796.132883
1565.881874 3783.164409
1565.929015 3815.200067
1565.937634 3782.370015
1565.853523 3773.112401
1565.839622 3746.376155
1565.820258 3768.287964
1565.865517 3829.368452
1565.858400 3854.662971
1566.029164 3813.734063
1565.828915 3877.425111
1565.705194 3836.959339
1565.628312 3838.706643
1565.489267 3799.972259
1565.446986 3774.013390
1565.287649 3757.595645
1565.145870 3726.575902
1565.126775 3729.494752
1564.944682 3752.560463
1564.822537 3725.716481
1564.734632 3676.683566
1564.630122 3716.430401
1564.655737 3774.239992
1564.659925 3753.199095
1564.538744 3720.520667
1564.562078 3727.587670
1564.650683 3791.533598
1564.704809 3882.466519
1564.695641 3947.100507
1564.712511 3985.270320
1564.665133 4014.751930
1564.641078 4024.153086
1564.499580 3971.344309
1564.371785 3921.179619
1564.281374 3890.696011
1564.194504 3916.547300
1564.094291 3939.894437
1563.847288 3897.314349
1563.717863 3832.851710
1563.562275 3834.492987
1563.423530 3859.710522
1563.365027 3855.166682
1563.043531 3835.359846
1562.943792 3759.123750
1562.715802 3721.862471
1562.563463 3728.651027
1562.452057 3681.377844
1562.381587 3699.524072
1562.376681 3767.936410
1562.325607 3791.044312
1562.398837 3817.586730
1562.429932 3898.493195
1562.360808 3953.974435
1562.432712 3965.286330
1562.373526 3949.051031
1562.331738 3953.146392
1562.271094 3891.474847
1562.265703 3901.733551
1562.239162 3892.198518
1562.134431 3897.866218
1562.033547 3925.119093
1561.901944 3854.934861
1561.704694 3825.381365
1561.742832 3766.772642
1561.587084 3749.168253
1561.419545 3782.617098
1561.302951 3714.285897
1561.032767 3632.714745
1560.981833 3626.085359
1561.096203 3721.874326
1560.803441 3758.459782
1560.636471 3718.900623
1560.470720 3696.803124
1560.318805 3683.836270
1560.341324 3711.302128
1560.210272 3714.511433
1560.150679 3670.385678
1560.050701 3662.602991
1560.176322 3670.856390
1560.258412 3750.888800
1560.244986 3805.320969
1560.217963 3804.664101
1560.193551 3773.034369
1560.164203 3782.732326
1560.109050 3756.529446
1560.123085 3750.466283
1560.194913 3803.201376
1560.174748 3819.598704
1560.090127 3795.762570
1560.099338 3831.461806
1560.045693 3822.183392
1559.966559 3758.651016
1559.997529 3759.765804
1560.007699 3778.234488
1559.962429 3822.804223
1559.896535 3807.600649
1559.837936 3776.857172
1559.727884 3754.320291
1559.780736 3714.456952
1559.743671 3720.028229
1559.798817 3770.947827
1559.790145 3759.201123
1559.627830 3723.591233
1559.606409 3633.705288
1559.457208 3631.660897
1559.739365 3647.690157
1559.691476 3746.068868
1559.601577 3729.804650
1559.548317 3732.333947
1559.509214 3729.514212
1559.490712 3694.753705
1559.494965 3734.403874
1559.580089 3759.824622
1559.458798 3733.172268
1559.476045 3693.415441
1559.441629 3684.667744
1559.483162 3713.825850
1559.502653 3720.143805
1559.480049 3751.189697
1559.466384 3742.775627
1559.435572 3745.238179
1559.314888 3680.926553
1559.330757 3650.946022
1559.379393 3692.247660
1559.336186 3713.793012
1559.248235 3687.338060
1559.116646 3651.217895
1559.042519 3573.654760
1559.045313 3579.211875
1559.274443 3642.976853
1559.231106 3739.079133
1559.263239 3757.370817
1559.232568 3718.243472
1559.207957 3710.133348
1559.253206 3774.227451
1559.246901 3753.099505
1559.292635 3747.572577
1559.419014 3821.155760
1559.550083 3879.148312
1559.433775 3810.421960
1559.471189 3843.250142
1559.524963 3885.392534
1559.433060 3872.901147
1559.343535 3808.609458
1559.204283 3765.332380
1559.081521 3728.544949
1558.959539 3634.666844
1558.767256 3621.241147
1558.665692 3593.838048
1558.583227 3580.227353
1558.608122 3569.180455
1558.556987 3611.333820
1558.576999 3634.239187
1558.514167 3615.631601
1558.673494 3634.696219
1558.718150 3706.596353
1558.770842 3666.227364
1558.731195 3685.238033
1558.735124 3701.314004
1558.678509 3666.041405
1558.649037 3574.061403
1558.644899 3594.091170
1558.653370 3585.049126
1558.708499 3566.187617
1558.827837 3645.168611
1558.923482 3667.221638
1558.911104 3668.676164
1559.107170 3674.505095
1558.919871 3701.350986
1558.795271 3645.258901
1558.713315 3602.334532
1558.678817 3592.495120
1558.638666 3572.285713
1558.737694 3593.892107
1558.863075 3662.704629
1558.917416 3726.942674
1558.833294 3772.451730
1558.677104 3715.128658
1558.704012 3655.521938
1558.545147 3654.931744
1558.588811 3624.804752
1558.567558 3665.458386
1558.640624 3717.558413
1558.659538 3734.401456
1558.677241 3660.744605
1558.544340 3664.845350
1558.468670 3625.244944
1558.337879 3572.663209
1558.317307 3568.177729
1558.312409 3565.898661
1558.234555 3555.847502
1558.181201 3577.122349
1558.117304 3590.370759
1557.970538 3546.503092
1557.960503 3503.612303
1558.003268 3536.084446
1558.017283 3584.092190
1558.112005 3623.716514
1558.204763 3648.159125
1558.196484 3638.770445
1558.222480 3646.315323
1558.273173 3636.626782
1558.189853 3615.962545
1558.243324 3625.126323
1558.289297 3648.949528
1558.410848 3666.963205
1558.468066 3673.257513
1558.556527 3708.913825
1558.598241 3714.642043
1558.702485 3738.357745
1558.596387 3690.653975
1558.669385 3679.918016
1558.649399 3700.392158
1558.516809 3718.379282
1558.644707 3710.306371
1558.634983 3721.648651
1558.648841 3708.547901
1558.650953 3659.494834
1558.594202 3681.198891
1558.474338 3708.212513
1558.405506 3697.676977
1558.348500 3647.114831
1558.329908 3645.236117
1558.380176 3704.994561
1558.369331 3754.530288
1558.324774 3698.225328
1558.029465 3619.319816
1558.075201 3590.979291
1558.011851 3615.598616
1558.056076 3638.473484
1558.389597 3692.524036
1558.337955 3786.812216
1558.359303 3788.981918
1558.339445 3781.476576
1558.299766 3763.238405
1558.231238 3697.679782
1558.275455 3730.596675
1558.092866 3711.296714
1558.050459 3659.515179
1558.058424 3688.582465
1558.037708 3693.803124
1558.005466 3614.408055
1557.905730 3561.774345
1557.947065 3593.385632
1558.030741 3625.150221
1558.002950 3659.159509
1558.016067 3653.475500
1558.082440 3670.113677
1558.135667 3683.525576
1557.975652 3663.226724
1557.899019 3634.477820
1557.874908 3594.801947
1557.908940 3632.233514
1557.858795 3633.955246
1558.001766 3681.052373
1558.050552 3758.713703
1558.112038 3727.890304
1557.955430 3711.714299
1557.965233 3650.985834
1558.202553 3696.183675
1558.106567 3739.178960
1558.026426 3694.133554
1558.036720 3634.794959
1558.150506 3670.388729
1558.133106 3700.652619
1558.169943 3692.398764
1558.227884 3720.298537
1558.319542 3727.328072
1558.204589 3711.130698
1558.040365 3640.903193
1557.902764 3557.626667
1557.819173 3573.892777
1557.820182 3595.458274
1557.785391 3573.567170
1557.750642 3589.024254
1557.814948 3590.129751
1557.743418 3622.643636
1557.744431 3586.856171
1557.855164 3632.763480
1557.781848 3657.365621
1557.979490 3676.317443
1557.905054 3714.197026
1557.876147 3648.213456
1557.954299 3654.335904
1557.908988 3680.298232
1557.874993 3672.562250
1557.847219 3659.422101
1557.969163 3632.507796
1557.931585 3677.158479
1557.960090 3689.443101
1557.877105 3696.560387
1557.829680 3662.797137
1557.668565 3621.210229
1557.567909 3594.390089
1557.513951 3561.130714
1557.995677 3567.379190
1557.644399 3738.926947
1557.576052 3730.732822
1557.442609 3649.385797
1557.370509 3561.573373
1557.416837 3568.581141
1557.454075 3622.724693
1557.469557 3598.407603
1557.462626 3575.296105
1557.868414 3619.149563
1557.817812 3704.539202
1557.895237 3775.933723
1557.938052 3789.247475
1557.987331 3769.350713
1557.997714 3758.258857
1558.032433 3752.270141
1557.913398 3735.129085
1557.918031 3687.330959
1557.936269 3692.308924
1558.089475 3755.023835
1558.043324 3769.961296
1558.043684 3737.273316
1558.002034 3730.905440
1557.923496 3669.708399
1557.770463 3623.727833
1557.702861 3605.123972
1557.662169 3621.900563
1557.723787 3612.279972
1557.661734 3654.299149
1557.635235 3696.790461
1557.491755 3649.810166
1557.347955 3552.107147
1557.300362 3557.943934
1557.354859 3606.150885
1557.336480 3651.576658
1557.374204 3703.405700
1557.307812 3695.868519
1557.354585 3680.803052
1557.488310 3704.361641
1557.537575 3695.538534
1557.626096 3691.168659
1557.566620 3693.100298
1557.649036 3718.948217
1557.766144 3687.755813
1557.666678 3683.356247
1557.863986 3722.916023
1557.939668 3782.693307
1557.885449 3752.181646
1557.852037 3734.240387
1557.949059 3717.363901
1557.837583 3756.495723
1557.717139 3733.196144
1557.774303 3679.330177
1557.642354 3655.191286
1557.782358 3652.143382
1557.598212 3707.516224
1557.560550 3666.764333
1557.340278 3557.353837
1557.198201 3524.731936
1557.113412 3520.054738
1557.057537 3523.785365
1557.053826 3518.395374
1557.173025 3551.778371
1557.164167 3646.472233
1557.087363 3631.053796
1557.244960 3524.268347
1557.554666 3496.828430
1557.155470 3607.414717
1557.100150 3592.033241
1558.139558 3549.184981
1557.647315 3869.428972
1557.409245 3708.491182
1557.420808 3680.432964
1557.392356 3672.488148
1557.326968 3641.672548
1557.451657 3632.462268
1557.365371 3718.687851
1557.404878 3708.426141
1557.364984 3683.463045
1557.443638 3671.905688
1557.609023 3713.038428
1557.641451 3804.347942
1557.531970 3745.475500
1557.618514 3679.369951
1557.580176 3716.861762
1557.711948 3774.077999
1557.697153 3817.924694
1557.696960 3786.806929
1557.648498 3758.256140
1557.678183 3710.108082
1557.684010 3766.610530
1557.556354 3738.960963
1558.183007 3652.865204
1557.626515 3733.633968
1557.519966 3722.218098
1557.434364 3745.659834
1557.229095 3618.404058
1557.102729 3571.508614
1556.991544 3563.440475
1556.928740 3559.649297
1556.945223 3556.720250
1556.957623 3551.854065
1556.983168 3617.220856
1556.973166 3610.694125
1556.990671 3572.908525
1557.074147 3617.094265
1557.102256 3678.367311
1557.190648 3690.870852
1557.163258 3736.395767
1557.166870 3745.481209
1557.026004 3647.886056
1557.024993 3597.989196
1556.942292 3593.518379
1556.971566 3554.758862
1556.970467 3529.586561
1556.960955 3561.532177
1557.195929 3568.165064
1557.018841 3587.133841
1557.015591 3560.067582
1557.065713 3563.315121
1557.462082 3619.314419
1557.299826 3727.830784
1557.320056 3694.217945
1557.339759 3663.765256
1557.428021 3693.402083
1557.500117 3749.195000
1557.565439 3817.992487
1557.688897 3822.791587
1557.719576 3889.108399
1557.655772 3890.227463
1557.593396 3783.367764
1557.511323 3730.413486
1557.559705 3699.174802
1557.623593 3731.581148
1557.650135 3793.889252
1557.595084 3763.617257
1557.565473 3696.710283
1557.518936 3692.191386
1557.429896 3658.253547
1557.348482 3592.791710
1557.229384 3572.917298
1557.153659 3602.808215
1557.199123 3587.441288
1556.977308 3556.423439
1557.042378 3535.024997
1556.992647 3589.138040
1557.090415 3607.351911
1556.965000 3620.794960
1556.928563 3624.171174
1556.844027 3630.049302
1556.756818 3578.954920
1556.710268 3537.510300
1556.689725 3521.791546
1556.831180 3529.607892
1556.875978 3566.565410
1557.013984 3611.209319
1557.161675 3627.160193
1557.206612 3649.031767
1557.249134 3647.647132
1557.382641 3622.402683
1557.354719 3650.130031
1557.508398 3685.319492
1557.560623 3717.485686
1557.612770 3750.536681
1557.652737 3792.237529
1557.496678 3738.546307
1557.334301 3644.659480
1557.248235 3598.419880
1557.119682 3571.064916
1557.006458 3517.086152
1556.992824 3521.817282
1556.923981 3538.376659
1556.983467 3508.276508
1556.813981 3517.029981
1556.813994 3485.881957
1556.795394 3511.323012
1556.908481 3571.900783
1556.949049 3618.404240
1557.006135 3593.540884
1557.056541 3613.500361
1557.273803 3690.348557
1557.176874 3731.871593
1557.139406 3655.553390
1557.028018 3595.509455
1557.109524 3571.836489
1557.008388 3622.827234
1557.109815 3625.966735
1557.007048 3595.855738
1557.025168 3619.313405
1557.000772 3587.651351
1556.962894 3518.429324
1557.142863 3594.079833
1557.072368 3680.565797
1556.987572 3610.022674
1556.992158 3586.846657
1556.956956 3559.173336
1556.915432 3555.292938
1556.904990 3567.344182
1556.825189 3599.886408
1556.736725 3542.652878
1556.672121 3498.212881
1556.756316 3553.099840
1556.904482 3615.980592
1557.074073 3689.299889
1557.119991 3697.066561
1557.230263 3723.479660
1557.159621 3668.276524
1557.139559 3598.343192
1557.231187 3630.558026
1557.388618 3707.957019
1557.491218 3785.706981
1557.564104 3792.034660
1557.630089 3839.634222
1557.532390 3807.474372
1557.428774 3749.268583
1557.376306 3721.298782
1557.322670 3687.603298
1557.367257 3686.263711
1557.375501 3721.806124
1557.482297 3708.979009
1557.370560 3715.777495
1557.333689 3673.370098
1557.251917 3650.920342
1557.212238 3649.338292
1557.120035 3683.537409
1557.044796 3658.525873
1557.064811 3646.693062
1556.972990 3642.430966
1556.953668 3626.535423
1556.903643 3592.964695
1556.927896 3582.167546
1556.804589 3571.969252
1556.797458 3531.132313
1557.247328 3531.509947
1557.140434 3615.691329
1557.106601 3629.311125
1557.139822 3665.374274
1557.089120 3694.582968
1557.096737 3676.623572
1556.929044 3630.447396
1556.940373 3600.272147
1556.788156 3563.090413
1556.709406 3541.083397
1556.669633 3548.696856
1556.752890 3565.317376
1556.904836 3621.075130
1556.865167 3666.257888
1556.918781 3623.422121
1556.740198 3613.276614
1556.768210 3576.726129
1556.766280 3634.266956
1556.783782 3655.270994
1556.798194 3622.814659
1556.837413 3619.664282
1556.937312 3605.350424
1556.895862 3625.169422
1557.082032 3674.211839
1557.084728 3731.658974
1557.086205 3687.468484
1557.116525 3646.939417
1557.027197 3623.877173
1557.066754 3619.002577
1557.105384 3628.131402
1557.158818 3640.914183
1557.167777 3670.063977
1557.088895 3657.288045
1557.062502 3623.583558
1556.981106 3582.309053
1557.067319 3546.853134
1557.070275 3591.114863
1557.177892 3605.908107
1557.123954 3683.661291
1557.152321 3671.536540
1557.071407 3631.096356
1556.979842 3597.373354
1557.113496 3602.120061
1557.074112 3639.999580
1557.110682 3632.219658
1557.156481 3658.833456
1557.217444 3687.506940
1557.192378 3683.266853
1557.163934 3654.634818
1557.422502 3582.813969
1557.150641 3574.272807
1557.215459 3616.890365
1557.239184 3707.391265
1557.142936 3640.119024
1557.135605 3620.635512
1557.195171 3654.176355
1557.180259 3680.555402
1557.063387 3594.308535
1557.002382 3571.501664
1557.264575 3590.167010
1557.069350 3672.387745
1556.965047 3637.244977
1556.909342 3602.493255
1556.823001 3586.584192
1556.736625 3546.132538
1556.683822 3499.094290
1556.663223 3504.947052
1556.706177 3542.503521
1556.720630 3556.617583
1556.781983 3542.257041
1556.932097 3580.233150
1557.005505 3663.941998
1557.022863 3664.587037
1557.113275 3683.041963
1557.171537 3739.948503
1557.274072 3714.017595
1557.223067 3740.410030
1557.181189 3732.485795
1557.456869 3683.589982
1557.248423 3726.710915
1557.352115 3746.792447
1557.295985 3777.655931
1557.251475 3735.454766
1557.177832 3732.426517
1557.073917 3667.319602
1556.975848 3598.985167
1556.920115 3565.456738
1556.940688 3581.933992
1556.803798 3575.237816
1556.787353 3542.292766
1556.730777 3576.609956
1556.778453 3570.056996
1556.830193 3556.718851
1556.945111 3631.904829
1556.984641 3657.910009
1557.011315 3666.249032
1557.011178 3673.862216
1557.010248 3659.373292
1556.944344 3640.558970
1556.993388 3629.290776
1556.908890 3618.016206
1556.975976 3595.372712
1557.014504 3634.737805
1557.074799 3715.060257
1557.018790 3700.339549
1556.952516 3659.158490
1556.802645 3604.378721
1556.730887 3545.970665
1556.670711 3512.063096
1556.650178 3497.446871
1556.676328 3548.799104
1556.832317 3626.244994
1556.799522 3668.339933
1556.686846 3611.800678
1556.725020 3564.137670
1556.640108 3575.506981
1556.733508 3643.994537
1556.797429 3659.472943
1556.750636 3676.530880
1556.838697 3689.803645
1556.872904 3688.447441
1556.874145 3682.743682
1556.840304 3631.259516
1556.864889 3631.839035
1556.907763 3639.934138
1556.860397 3664.782719
1556.894887 3639.304407
1556.955298 3620.958250
1557.001925 3653.496391
1557.107300 3679.188971
1557.108572 3754.092652
1557.004705 3762.533958
1556.847427 3673.264264
1556.755489 3601.926470
1556.795418 3591.972849
1556.682111 3560.509320
1556.747486 3559.930772
1556.908568 3605.926660
1556.933728 3653.617705
1556.931225 3598.383124
1557.272123 3641.427201
1557.008579 3676.491362
1556.941389 3660.234333
1557.053433 3654.423785
1557.134521 3716.484145
1557.141833 3743.196493
1557.151921 3760.260890
1557.203092 3770.123458
1556.996486 3701.330716
1556.936894 3588.869748
1556.948521 3585.309732
1557.049741 3650.340030
1557.660851 3705.077021
1557.283757 3830.787761
1557.093790 3739.461561
1556.969413 3664.642940
1556.941154 3620.543696
1556.928210 3611.277316
1557.104825 3627.678378
1557.028199 3769.226379
1556.921614 3728.908600
1556.754563 3604.496033
1556.723228 3581.719725
1556.643816 3569.335152
1556.432360 3530.996923
1556.395999 3490.441334
1556.432319 3471.947488
1556.462377 3542.264984
1556.408171 3528.555934
1556.444479 3567.988179
1556.524953 3566.583832
1556.534031 3615.421214
1556.515616 3565.917964
1556.561257 3534.780083
1556.526735 3530.003793
1556.599390 3560.852350
1556.909860 3639.746643
1556.856338 3727.088645
1556.874148 3702.275726
1556.975709 3636.144193
1557.056518 3725.838842
1557.060942 3803.280110
1556.978182 3696.134585
1556.982464 3639.551206
1557.055920 3689.604726
1557.044278 3672.897073
1557.109553 3676.625947
1557.129963 3702.400365
1557.106997 3722.907563
1557.045634 3729.248328
1557.018494 3674.010357
1556.883848 3609.561980
1556.950175 3574.327305
1556.939713 3577.953878
1556.985042 3593.038797
1557.018271 3600.542873
1557.104578 3642.326696
1557.203249 3688.198907
1557.062969 3709.480372
1556.963140 3637.607965
1556.892545 3607.855921
1556.864717 3577.340804
1556.920895 3556.471954
1556.943533 3599.257890
1556.932111 3598.067271
1556.913563 3594.263213
1556.877618 3639.117362
1556.894359 3647.597768
1556.835163 3626.396186
1556.632261 3612.726771
1556.588730 3597.342347
1556.587133 3590.297737
1556.615810 3570.456457
1556.697102 3612.834188
1557.152536 3643.709249
1556.828033 3698.897853
1556.809043 3626.964932
1556.781118 3646.910465
1556.820669 3635.586399
1556.769733 3622.197157
1556.819522 3604.857579
1556.763576 3593.178689
1556.747830 3586.039726
1556.717452 3598.074913
1556.786610 3632.026985
1556.744292 3592.153338
1556.848244 3595.640361
1556.809508 3639.371079
1556.818269 3642.579168
1556.839231 3625.088072
1556.846656 3656.016967
1556.716011 3630.167370
1556.660772 3590.593034
1556.673326 3569.130811
1556.790621 3563.846820
1556.902887 3626.152539
1556.888799 3651.770381
1556.842891 3630.333214
1556.759955 3597.995405
1556.870428 3643.606217
1556.748163 3627.248640
1556.793840 3619.677659
1556.855908 3620.240841
1556.991869 3675.670622
1557.056604 3690.047413
1556.843102 3632.714230
1556.782327 3610.673795
1556.807817 3579.259403
1556.754913 3573.895716
1556.852291 3582.359312
1556.829400 3655.527922
1556.850475 3668.402835
1556.865484 3671.526137
1556.926476 3661.762988
1556.964021 3684.857784
1556.941115 3706.101120
1556.904368 3654.244303
1556.908127 3586.365919
1556.903463 3572.446689
1557.069684 3641.005614
1557.132283 3702.447024
1557.167070 3729.324625
1557.030128 3737.863532
1556.964656 3656.730185
1556.943649 3625.538851
1556.970965 3685.769437
1556.973673 3706.100552
1557.028696 3685.011150
1556.799914 3617.916785
1556.754745 3597.795120
1556.730272 3599.133590
1556.727316 3578.394474
1556.697259 3525.566639
1556.646175 3556.095425
1556.624013 3553.002777
1556.558815 3565.005847
1556.603784 3577.008402
1556.638454 3537.670111
1556.770023 3621.308797
1556.842453 3694.604757
1556.937853 3698.878939
1556.952023 3708.075248
1557.046858 3711.433445
1556.990599 3718.064532
1557.162383 3726.084419
1557.125488 3764.505126
1557.131592 3749.425927
1557.060264 3693.524725
1557.021747 3695.539480
1556.850248 3644.764700
1556.791041 3544.536287
1556.603935 3481.167524
1556.653212 3500.107650
1556.681275 3543.176744
1556.794475 3578.789630
1556.834709 3629.775515
1556.847188 3663.910415
1556.834769 3681.807553
1556.820571 3652.791495
1556.786339 3646.818913
1556.828381 3650.602917
1556.850317 3657.203471
1556.879607 3661.063372
1556.927212 3680.018621
1556.854752 3676.407106
1556.874367 3635.720981
1556.755861 3615.876566
1556.715591 3552.306865
1556.724411 3542.192895
1556.762621 3565.105665
1556.820281 3624.289356
1556.756845 3621.062181
