Vs+E_c p
80.193626 469.400170
77.389135 340.445716
73.363214 320.515008
68.515029 299.946314
64.753559 280.842500
60.355793 263.891129
57.339660 249.105033
53.793156 236.002508
51.331181 224.461668
48.459020 214.183211
46.429754 205.052021
44.074090 196.868288
42.378364 189.533312
40.421718 182.915188
38.988241 176.936563
37.344898 171.506315
36.120893 166.565561
34.727158 162.049316
33.672974 157.913804
32.481044 154.111983
31.566564 150.611787
30.540052 147.378465
29.741926 144.388821
28.852488 141.616345
28.152137 139.042995
27.377242 136.648027
26.759680 134.417011
26.081230 132.333217
25.534272 130.384758
24.937521 128.558057
24.451076 126.843321
23.923835 125.229024
23.489448 123.707662
23.021579 122.269781
22.632169 120.908852
22.215261 119.617697
21.864945 118.391204
21.492059 117.223652
21.175978 116.111310
20.841415 115.049934
20.555591 114.036841
20.254706 113.069328
19.995901 112.145480
19.724913 111.263363
19.490514 110.422512
19.246364 109.620945
19.034269 108.858345
18.814490 108.133468
18.623010 108.521490
18.425616 110.424011
18.253405 111.069674
18.076790 111.555570
17.922746 110.934028
17.765572 110.805377
17.628759 110.413402
17.489866 109.888398
17.369408 109.401355
17.247688 108.952004
17.142666 108.540123
17.036951 108.466789
16.946298 109.528660
16.855260 109.664360
16.777692 109.371334
16.699812 109.110541
16.633846 108.879969
16.567478 109.183471
16.511581 108.994397
16.455174 108.828204
16.408043 109.125350
16.360474 109.013107
16.321421 108.894563
16.282383 108.794362
16.251685 108.713457
16.221964 108.811811
16.201037 108.775932
16.182549 110.021949
16.173825 110.052594
16.169291 110.128101
16.175663 110.527327
16.187833 111.967231
16.211751 112.227860
16.242513 112.557947
16.285174 112.961369
16.334825 113.440571
16.395618 115.036949
16.462695 115.672132
16.539590 114.864805
16.621636 115.622383
16.711803 116.030393
16.805495 116.901236
16.905112 117.814834
17.006152 118.761096
17.110596 119.730062
17.214136 120.710545
17.318467 121.691484
17.419562 122.661645
17.518961 123.394694
17.612993 124.318639
17.703153 125.201148
17.786150 126.033396
17.863494 126.807989
17.932301 127.518316
17.994103 128.158484
18.046380 128.724089
18.090688 127.436976
18.124822 127.822595
18.150333 128.127358
18.165292 128.350428
18.171229 128.491199
18.166447 128.549657
18.152460 128.525949
18.127790 128.420872
18.093939 128.234936
18.049653 127.969014
17.996440 127.624059
17.933264 127.201275
17.861654 126.702187
17.780783 126.128606
17.692199 125.482978
17.595255 124.768327
17.491515 123.988135
17.380487 123.146369
17.263716 122.247330
17.140825 121.295495
17.013323 120.295787
16.880923 119.253188
16.745071 118.172686
16.605539 117.059742
16.463706 115.919215
16.319392 114.756518
16.173896 113.576597
16.027065 112.384489
15.880115 111.185206
15.732896 109.983342
15.586538 108.784034
15.440887 107.591730
15.296972 106.410803
15.154626 105.245965
15.014777 104.101354
14.877218 102.981093
14.742756 101.889149
14.611131 100.829136
14.483023 99.804279
14.358104 98.817389
14.236906 97.870555
14.119013 96.964874
14.004805 96.513585
13.893777 95.699456
13.786162 94.923434
13.681368 94.183067
13.579500 93.474897
13.479893 92.795268
13.382546 92.139713
13.286759 91.503918
13.192472 90.883146
13.098980 90.272413
13.006201 89.667224
12.913479 89.062337
12.820759 88.453427
12.727467 87.836406
12.633610 87.207279
12.538728 86.562959
12.442923 85.900910
12.345869 86.074910
12.247774 85.359349
12.148446 84.622545
12.048196 83.864153
11.946954 83.084501
11.845123 82.284526
11.742739 81.465837
11.640266 80.630451
11.537821 79.780793
11.435915 78.919534
11.334717 78.049702
11.234756 77.174893
11.136229 76.298216
11.039666 75.423712
10.945270 74.555441
10.853549 73.697644
10.764687 71.132093
10.679135 70.320309
10.597035 69.532014
10.518762 68.770381
10.444383 68.038360
10.374177 67.338698
10.308114 66.673624
10.246348 66.044820
10.188739 65.453723
10.135302 64.901188
10.085754 64.387497
10.039937 63.912217
9.997380 63.474162
9.957688 63.070972
9.920100 62.699490
9.883878 62.354029
9.847875 62.027762
9.810909 61.710510
9.771425 61.390034
9.727936 61.052480
9.678822 61.449328
9.622860 61.026659
9.559111 60.545722
9.487360 60.001369
9.407857 59.395555
9.321573 58.736085
9.229772 58.035584
9.134052 57.308602
9.035838 56.568736
8.936470 55.828325
8.836878 55.096973
8.737813 54.381092
8.639590 53.684363
8.542346 53.007350
8.445836 52.348603
8.349682 51.704138
8.253196 51.067063
8.155663 50.429468
8.056221 49.782887
7.954151 49.118711
7.848773 48.428520
7.739713 47.706314
7.626735 46.948329
7.509949 46.153155
7.389604 45.321710
7.266237 44.457180
7.140434 43.563915
7.012916 42.647509
6.884302 41.713330
6.755228 40.767044
6.626161 39.813534
6.497573 38.857322
6.369829 38.308652
6.243350 37.348104
6.118481 36.395947
5.995608 35.454788
5.874998 34.527047
5.756929 33.614473
5.641559 32.718428
5.529063 31.839893
5.419513 30.979461
5.313007 30.137910
5.209559 29.315005
5.109231 28.511075
5.012002 27.726189
4.917900 26.960371
4.826893 26.214081
4.738999 25.486990
4.654177 24.779669
4.572445 24.092780
4.493761 23.426453
4.418144 22.781821
4.345557 22.160065
4.276017 21.561917
4.209494 20.988337
4.146008 20.439924
4.085531 19.916441
4.028083 19.417313
3.973637 18.941890
3.922208 18.489208
3.873765 18.058389
3.828320 17.648949
3.785832 17.260429
3.746289 16.892306
3.709632 16.544996
3.675817 16.217863
3.644743 15.910784
3.616318 15.623801
3.590367 15.356683
3.566709 15.109023
3.545072 14.879936
3.525174 14.667695
3.506690 14.469385
3.489355 14.279938
3.472532 14.092141
3.453982 13.896207
3.430462 13.684260
3.401715 13.453609
3.369288 13.206313
3.334240 12.946218
3.297466 12.678379
3.259758 12.407597
3.221751 12.137894
3.183984 11.873128
3.146860 11.616113
3.110727 11.369472
3.075833 11.135181
3.042399 10.914841
3.010581 10.709877
2.980536 10.521155
2.952370 10.349715
2.926203 10.196387
2.902117 10.062040
2.880220 9.947236
2.860582 9.853158
2.843308 9.779963
2.828469 9.728782
2.816168 9.700620
2.806484 9.696419
2.799518 9.717297
2.795349 9.764239
2.794079 9.838178
2.795781 9.940441
2.800550 10.071916
2.808441 10.233592
2.819518 10.426294
2.833793 10.650908
2.851272 10.906987
2.871881 11.194521
2.895494 11.512330
2.921853 11.858712
2.950575 12.230147
2.981053 12.621609
3.012457 13.025628
3.043639 13.431692
3.073173 13.826028
3.099363 14.191726
3.120466 14.510670
3.134948 14.766285
3.141871 14.946723
3.140945 15.046721
3.132389 15.065553
3.116674 15.006612
3.094492 14.875430
3.066653 14.679559
3.034111 14.427694
2.997848 14.129630
2.958890 13.795381
2.918179 13.435044
2.876586 13.057843
2.834842 12.672282
2.793559 12.285663
2.753185 11.903733
2.714049 11.530852
2.676325 11.169940
2.640063 10.822644
2.605189 10.489390
2.571539 10.169764
2.538877 9.863050
2.506938 9.568409
2.475469 9.285018
2.444281 9.011205
2.413289 8.745010
2.382523 8.485966
2.352110 8.234459
2.322243 7.991446
2.293151 7.758414
2.265065 7.536862
2.238195 7.328191
2.212723 7.133671
2.188800 6.954612
2.166542 6.791995
2.146038 6.645596
2.127352 6.515385
2.110525 6.401258
2.095581 6.303262
2.082529 6.220808
2.071377 6.153736
2.062119 6.101941
2.054736 6.065493
2.049206 6.043744
2.045490 6.036381
2.043535 6.042882
2.043269 6.062616
2.044594 6.094849
2.047383 6.138648
2.051477 6.192707
2.056679 6.255359
2.062750 6.325389
2.069415 6.400521
2.076360 6.478272
2.083246 6.555847
2.089722 6.630543
2.095434 6.699262
2.100048 6.759222
2.103270 6.808043
2.104866 6.871636
2.104668 6.891126
2.102594 6.895209
2.098639 6.883828
2.092883 6.857165
2.085470 6.816031
2.076593 6.761505
2.066479 6.702942
2.055371 6.626804
2.043518 6.542274
2.031172 6.451280
2.018571 6.355854
2.005935 6.257630
1.993458 6.158574
1.981310 6.059860
1.969632 5.962847
1.958542 5.868207
1.948129 5.777024
1.938463 5.689876
1.929594 5.607211
1.921561 5.529361
1.914389 5.456545
1.908094 5.389424
1.902691 5.328688
1.898187 5.274597
1.894592 5.227330
1.891913 5.188121
1.890158 5.158086
1.889338 5.138552
1.889466 5.130686
1.890553 5.135303
1.892621 5.150255
1.895687 5.174019
1.899776 5.205717
1.904911 5.245036
1.911118 5.291329
1.918412 5.346705
1.926805 5.410555
1.936297 5.483089
1.946872 5.564956
1.958487 5.655981
1.971058 5.755858
1.984452 5.863832
1.998461 5.978047
2.012794 6.095885
2.027043 6.214204
2.040663 6.328780
2.052952 6.434891
2.063076 6.527028
2.070171 6.600367
2.073564 6.651341
2.073022 6.678848
2.068808 6.684054
2.061522 6.670168
2.051901 6.641435
2.040679 6.602225
2.028511 6.556553
2.015936 6.507819
2.003380 6.458847
1.991153 6.411634
1.979466 6.367535
1.968456 6.327336
1.958198 6.291797
1.948724 6.260968
1.940030 6.234973
1.932088 6.213626
1.924851 6.196365
1.918262 6.183381
1.912262 6.173882
1.906787 6.167698
1.901777 6.163970
1.897169 6.161946
1.892908 6.161158
1.888942 6.161655
1.885227 6.163270
1.881728 6.166252
1.878420 6.170371
1.875281 6.175377
1.872304 6.181210
1.869486 6.187799
1.866838 6.195475
1.864375 6.204108
1.862117 6.214338
1.860101 6.226127
1.858367 6.240004
1.856959 6.256498
1.855925 6.276534
1.855312 6.300309
1.855169 6.327951
1.855550 6.360257
1.856503 6.397137
1.858073 6.438913
1.860303 6.485787
1.863230 6.538180
1.866886 6.596313
1.871296 6.660494
1.876476 6.730833
1.882439 6.808252
1.889186 6.892301
1.896717 6.982547
1.905020 7.078903
1.914071 7.181129
1.923843 7.288492
1.934297 7.400469
1.945383 7.516451
1.957040 7.635727
1.969200 7.757419
1.981778 7.880653
1.994687 8.004308
2.007830 8.127330
2.021114 8.249022
2.034444 8.368180
2.047722 8.483675
2.060859 8.594721
2.073766 8.850756
2.086353 8.949872
2.098519 9.041572
2.110139 9.124733
2.121046 9.198630
2.131008 9.261308
2.139711 9.310420
2.146730 9.342673
2.151528 9.354024
2.153494 9.340289
2.152053 9.297878
2.146846 9.224909
2.137897 9.122388
2.125623 8.993220
2.110700 8.842420
2.093896 8.675873
2.075970 8.499318
2.057603 8.318311
2.039366 8.137565
2.021722 7.960881
2.005024 7.791209
1.989534 7.631000
1.975436 7.481929
1.962854 7.345023
1.951863 7.221098
1.942499 7.110627
1.934769 7.013488
1.928659 6.929671
1.924138 6.858629
1.921163 6.800387
1.919684 6.754745
1.919641 6.721610
1.920971 6.701346
1.923606 6.694486
1.927475 6.699455
1.932503 6.716059
1.938609 6.743559
1.945710 6.781351
1.953712 6.828878
1.962514 6.885064
1.972001 6.948959
1.982043 7.019117
1.992496 7.094213
2.003193 7.172621
2.013948 7.252519
2.024543 7.332307
2.034744 7.409435
2.044298 7.482075
2.052941 7.548143
2.060416 7.605232
2.066485 7.651673
2.070947 7.685819
2.073656 7.706235
2.074535 7.712359
2.073586 7.704006
2.070886 7.681761
2.066578 7.646743
2.060862 7.600669
2.053984 7.545300
2.046206 7.482839
2.037796 7.415323
2.029005 7.344719
2.020067 7.272956
2.011187 7.201593
2.002533 7.131998
1.994246 7.065331
1.986431 7.002372
1.979171 6.944189
1.972518 6.890941
1.966507 6.842869
1.961148 6.800101
1.956442 6.762496
1.952376 6.730099
1.948921 6.702742
1.946050 6.680012
1.943721 6.661801
1.941895 6.648005
1.940527 6.638073
1.939569 6.631832
1.938976 6.628983
1.938700 6.629236
1.938699 6.632243
1.938925 6.685032
1.939338 6.693487
1.939896 6.703753
1.940566 6.715790
1.941313 6.729209
1.942101 6.743790
1.942895 6.759259
1.943664 6.775123
1.944377 6.791456
1.945005 6.807788
1.945520 6.824052
1.945900 6.839962
1.946125 6.855307
1.946179 6.869897
1.946046 6.883474
1.945716 6.896156
1.945185 6.907493
1.944455 6.917491
1.943522 6.925950
1.942398 6.933052
1.941095 6.938576
1.939625 6.942663
1.938004 6.945197
1.936252 6.946205
1.934393 6.945516
1.932450 6.943295
1.930448 6.939528
1.928410 6.934381
1.926359 6.927752
1.924317 6.920039
1.922310 6.910802
1.920362 6.900728
1.918498 6.889593
1.916742 6.877661
1.915122 6.865008
1.913662 6.851710
1.912393 6.838186
1.911356 6.824632
1.910591 6.811212
1.910145 6.798193
1.910067 6.786153
1.910412 6.775450
1.911242 6.825147
1.912617 6.818886
1.914605 6.815471
1.917274 6.815513
1.920689 6.819540
1.924916 6.828085
1.930017 6.841689
1.936051 6.849037
1.943072 6.873913
1.951140 6.904689
1.960303 6.942112
1.970613 6.986442
1.982114 7.038162
1.994848 7.097601
2.008856 7.165080
2.024177 7.241081
2.040847 7.325920
2.058902 7.419926
2.078377 7.523575
2.099305 7.636744
2.121719 7.759748
2.145655 7.893237
2.171145 8.037370
2.198224 8.192977
2.226927 8.360130
2.257286 8.539435
2.289331 8.731024
2.323093 8.935729
2.358597 9.153928
2.395866 9.386037
2.434903 9.632713
2.475711 9.893918
2.518256 10.169913
2.562462 10.460265
2.608189 10.764378
2.655173 11.080301
2.702959 11.405197
2.750822 11.734563
2.797799 12.062468
2.842904 12.381821
2.885355 12.685743
2.924606 12.967453
2.960259 13.221671
2.991724 13.443167
3.017764 13.625928
3.036901 13.764237
3.048652 13.853704
3.053309 13.893418
3.051359 13.885468
3.043479 13.834006
3.030307 13.743527
3.012501 13.618946
2.990648 13.464800
2.965364 13.285900
2.937295 13.087021
2.907181 12.873332
2.875743 12.649704
2.843642 12.420598
2.811399 12.189588
2.779425 11.959620
2.748012 11.732870
2.717367 11.510760
2.687627 11.294244
2.658875 11.083905
2.631150 10.880010
2.604465 10.766410
2.578805 10.573940
2.554149 10.387644
2.530459 10.207469
2.507692 10.032854
2.485803 9.863716
2.464739 9.700153
2.444448 9.541174
2.424876 9.386945
2.405965 9.237038
2.387658 9.090674
2.369901 8.948141
2.352638 8.808890
2.335816 8.672658
2.319382 8.539207
2.303279 8.408133
2.287465 8.279640
2.271900 8.153436
2.256546 8.029388
2.241374 7.907506
2.226360 7.787930
2.211490 7.670940
2.196755 7.562436
2.182156 7.451154
2.167699 7.343206
2.153395 7.238789
2.139260 7.137910
2.125310 7.040471
2.111569 6.946219
2.098065 6.855133
2.084827 6.766954
2.071882 6.681632
2.059258 6.599200
2.046980 6.519759
2.035076 6.443415
2.023572 6.370284
2.012490 6.300500
2.001851 6.234486
1.991678 6.172095
1.981981 6.113560
1.972790 6.058881
1.964120 6.007634
1.955983 5.959811
1.948392 5.915617
1.941363 5.874690
1.934907 5.836962
1.929029 5.802614
1.923738 5.771282
1.919042 5.742970
1.914949 5.717590
1.911463 5.695023
1.908589 5.675136
1.906333 5.658007
1.904699 5.643489
1.903695 5.631371
1.903331 5.621875
1.903619 5.614879
1.904574 5.610652
1.906214 5.608906
1.908561 5.610154
1.911641 5.614856
1.915487 5.623327
1.920140 5.636087
1.925643 5.653725
1.932045 5.677219
1.939400 5.707465
1.947768 5.745596
1.957208 5.791920
1.967794 5.847028
1.979594 5.910950
1.992680 5.983993
2.007116 6.066297
2.022965 6.158411
2.040279 6.260344
2.059102 6.372757
2.079462 6.495682
2.101357 6.629186
2.124754 6.773086
2.149568 6.926565
2.175650 7.088902
2.202775 7.258540
2.230613 7.433304
2.258737 7.611145
2.286619 7.790186
2.313649 7.969201
2.339187 8.142253
2.362596 8.302527
2.383295 8.445163
2.400768 8.566195
2.414572 8.662491
2.424351 8.731771
2.429841 8.772309
2.430924 8.783627
2.427645 8.765414
2.420230 8.718971
2.409075 8.646442
2.394699 8.550957
2.377705 8.436314
2.358731 8.306995
2.338399 8.167370
2.317276 8.021538
2.295854 7.873025
2.274539 7.724755
2.253645 7.579022
2.233398 7.437466
2.213956 7.301397
2.195405 7.171448
2.177783 7.048225
2.161087 6.931799
2.145283 6.822094
2.130316 6.718881
2.116117 6.621735
2.102612 6.530247
2.089725 6.443771
2.077396 6.362169
2.065565 6.285154
2.054192 6.212863
2.043247 6.145471
2.032708 6.083263
2.022569 6.026566
2.012833 5.975259
2.003503 5.928819
1.994588 5.886574
1.986100 5.848099
1.978047 5.812454
1.970432 5.779789
1.963259 5.749516
1.956525 5.721540
1.950219 5.695811
1.944339 5.671574
1.938880 5.649189
1.933835 5.628516
1.929208 5.609507
1.925014 5.592218
1.921274 5.576907
1.918023 5.563920
1.915299 5.575663
1.913157 5.567870
1.911656 5.584314
1.910855 5.584365
1.910816 5.590001
1.911598 5.602073
1.913257 5.613063
1.915852 5.641004
1.919436 5.678180
1.924055 5.724972
1.929750 5.782101
1.936568 5.850359
1.944543 5.929537
1.953706 6.019421
1.964085 6.119897
1.975703 6.230558
1.988585 6.351234
2.002742 6.481728
2.018189 6.622189
2.034930 6.772507
2.052965 6.932230
2.072281 7.101254
2.092855 7.278985
2.114656 7.478559
2.137628 7.673329
2.161686 7.875620
2.186710 8.084434
2.212540 8.298644
2.238963 8.516576
2.265701 8.736125
2.292403 8.954700
2.318644 9.169145
2.343926 9.375851
2.367702 9.570786
2.389430 9.750751
2.408652 9.912930
2.425119 10.031677
2.438831 10.155779
2.450010 10.255122
2.459026 10.346722
2.466307 10.426583
2.472282 10.497369
2.477339 10.561631
2.481815 10.621605
2.485975 10.679068
2.490018 10.735323
2.494082 10.791177
2.498253 10.847258
2.502585 10.903873
2.507090 10.961059
2.511758 11.018478
2.516569 11.075935
2.521490 11.133162
2.526476 11.189701
2.531491 11.245212
2.536495 11.299537
2.541443 11.352170
2.546299 11.402552
2.551031 11.450838
2.555611 11.496731
2.560008 11.539837
2.564200 11.580301
2.568164 11.617930
2.571884 11.652563
2.575343 11.684021
2.578528 11.712386
2.581425 11.737445
2.584024 11.759270
2.586309 11.777587
2.588271 11.792337
2.589900 11.803111
2.591187 11.809952
2.592124 11.812771
2.592699 11.811314
2.592902 11.805705
2.592723 11.795822
2.592156 11.781555
2.591193 11.762922
2.589825 11.739974
2.588042 11.712782
2.585834 11.681050
2.583197 11.645275
2.580126 11.604893
2.576619 11.560345
2.572674 11.511734
2.568293 11.459497
2.563479 11.403455
2.558237 11.344254
2.552579 11.281969
2.546518 11.217246
2.540069 11.150105
2.533257 11.080816
2.526107 11.009211
2.518651 10.935511
2.510923 10.859817
2.502960 10.782193
2.494802 10.702587
2.486492 10.621192
2.478079 10.538405
2.469612 10.454327
2.461140 10.369025
2.452720 10.282955
2.444400 10.196212
2.436237 10.109229
2.428291 10.022357
2.420616 9.935938
2.413266 9.850145
2.406293 9.765344
2.399754 9.682318
2.393704 9.600946
2.388193 9.521813
2.383273 9.445070
2.378989 9.371094
2.375386 9.299950
2.372501 9.232232
2.370362 9.168131
2.368993 9.127298
2.368405 9.071097
2.368594 9.019549
2.369535 8.972957
2.371186 8.931798
2.373479 8.896303
2.376312 8.866698
2.379560 8.843006
2.383059 8.824755
2.386612 8.811200
2.389997 8.800922
2.392980 8.792492
2.395328 8.783922
2.396824 8.792395
2.397286 8.778408
2.396578 8.759603
2.394622 8.734831
2.391397 8.716537
2.386927 8.678070
2.381278 8.632757
2.374550 8.581022
2.366863 8.523074
2.358332 8.459675
2.349064 8.391435
2.339154 8.318447
2.328675 8.241492
2.317677 8.160467
2.306192 8.075641
2.294222 7.986884
2.281753 7.893754
2.268762 7.796315
2.255215 7.693763
2.241082 7.585880
2.226341 7.472574
2.210987 7.353325
2.195035 7.228334
2.178526 7.097916
2.161522 6.955663
2.144107 6.816919
2.126387 6.675447
2.108482 6.532355
2.090524 6.389262
2.072652 6.247571
2.055003 6.108376
2.037703 5.973058
2.020865 5.842611
2.004583 5.717739
1.988935 5.599156
1.973980 5.487227
1.959763 5.382128
1.946316 5.284072
1.933661 5.193064
1.921807 5.109303
1.910751 5.032864
1.900490 4.963590
1.891011 4.901530
1.882304 4.846755
1.874353 4.799181
1.867139 4.758855
1.860640 4.725772
1.854837 4.700122
1.849707 4.681411
1.845228 4.669385
1.841378 4.663590
1.838130 4.663233
1.835463 4.667556
1.833353 4.675790
1.831780 4.687675
1.830722 4.702880
1.830156 4.720750
1.830062 4.741128
1.830416 4.763910
1.831200 4.789001
1.832392 4.816478
1.833970 4.846349
1.835911 4.878743
1.838192 4.913708
1.840783 4.951073
1.843665 4.990567
1.846815 5.031905
1.850209 5.074709
1.853820 5.118752
1.857628 5.163567
1.861606 5.209185
1.865735 5.255284
1.869993 5.301716
1.874361 5.348746
1.878822 5.396228
1.883357 5.443946
1.887955 5.492168
1.892599 5.540715
1.897279 5.589842
1.901983 5.639468
1.906696 5.689369
1.911410 5.739647
1.916112 5.790293
1.920786 5.841247
1.925413 5.891823
1.929979 5.942207
1.934465 5.992122
1.938846 6.041330
1.943103 6.089439
1.947207 6.136138
1.951135 6.181334
1.954864 6.224731
1.958370 6.265874
1.961627 6.304800
1.964609 6.341084
1.967295 6.374496
1.969665 6.405005
1.971700 6.432092
1.973389 6.455899
1.974722 6.475828
1.975694 6.492187
1.976309 6.504739
1.976573 6.513634
1.976499 6.518729
1.976103 6.520135
1.975410 6.518086
1.974451 6.512868
1.973258 6.504799
1.971872 6.494151
1.970334 6.481211
1.968689 6.466418
1.966982 6.450220
1.965261 6.433077
1.963567 6.415240
1.961945 6.397421
1.960444 6.380108
1.959102 6.363224
1.957963 6.347133
1.957060 6.332514
1.956432 6.319368
1.956107 6.307623
1.956115 6.262625
1.956481 6.255387
1.957236 6.195670
1.958404 6.194261
1.960008 6.195901
1.962070 6.200975
1.964610 6.209506
1.967651 6.221803
1.971214 6.237888
1.975324 6.258021
1.980007 6.282568
1.985284 6.311655
1.991186 6.345429
1.997740 6.384312
2.004978 6.428647
2.012935 6.479063
2.021650 6.535719
2.031165 6.599321
2.041526 6.670517
2.052779 6.749811
2.064978 6.838064
2.078182 6.936082
2.092455 7.044911
2.107871 7.165000
2.124508 7.297476
2.142447 7.443098
2.161788 7.603168
2.182633 7.778195
2.205099 7.969773
2.229305 8.178841
2.255370 8.406361
2.283405 8.653433
2.313487 8.920788
2.345614 9.208603
2.379648 9.581306
2.415195 9.907647
2.451466 10.244916
2.487147 10.643325
2.520319 10.966317
2.548599 11.250392
2.569533 11.470475
2.581199 11.604743
2.582816 11.642111
2.575016 11.586923
2.559613 11.456848
2.539007 11.275486
2.515531 11.065090
2.491036 10.843560
2.466801 10.623115
2.443619 10.411563
2.421958 10.214161
2.402060 10.033037
2.384045 9.869292
2.367941 9.723799
2.353722 9.596051
2.341326 9.485638
2.330671 9.391742
2.321659 9.313677
2.314184 9.249849
2.308136 9.199768
2.303398 9.162162
2.299852 9.136000
2.297373 9.120142
2.295841 9.113699
2.295139 9.115525
2.295150 9.124861
2.295774 9.140574
2.296916 9.161922
2.298491 9.188308
2.300423 9.218727
2.302653 9.253033
2.305129 9.290781
2.307808 9.331580
2.310653 9.375151
2.313622 9.421074
2.316687 9.468828
2.319813 9.518126
2.322963 9.568671
2.326102 9.619836
2.329190 9.671661
2.332189 9.723265
2.335060 9.774308
2.337763 9.824373
2.340262 9.873157
2.342519 9.920245
2.344504 9.965029
2.346187 10.007581
2.347541 10.047058
2.348542 10.083448
2.349177 10.116590
2.349429 10.146195
2.349288 10.172187
2.348742 10.194454
2.347786 10.212918
2.346415 10.227662
2.344632 10.238792
2.342431 10.246086
2.339824 10.249814
2.336819 10.249818
2.333431 10.246407
2.329677 10.239783
2.325575 10.229874
2.321152 10.216880
2.316433 10.201081
2.311449 10.182517
2.306234 10.161704
2.300823 10.138680
2.295256 10.113804
2.289572 10.087283
2.283810 10.059464
2.278007 10.030660
2.272201 10.001236
2.266431 9.971567
2.260734 9.941703
2.255140 9.911944
2.249676 9.882423
2.244362 9.853914
2.239214 9.826181
2.234239 9.799288
2.229441 9.773007
2.224819 9.747253
2.220362 9.722106
2.216055 9.697304
2.211877 9.672631
2.207800 9.647640
2.203798 9.622370
2.199842 9.596361
2.195901 9.569340
2.191940 9.541201
2.187929 9.511165
2.183830 9.479267
2.179596 9.445012
2.175171 9.407903
2.170483 9.367286
2.165444 9.322513
2.159950 9.272900
2.153879 9.217561
2.147116 9.156638
2.139570 9.089383
2.131193 9.015964
2.122013 8.937066
2.112116 8.853403
2.101641 8.765972
2.090759 8.676084
2.079650 8.585239
2.068493 8.494718
2.057456 8.405565
2.046681 8.318525
2.036279 8.234282
2.026334 8.153300
2.016897 8.075581
2.007991 8.001043
1.999616 7.929286
1.991742 7.859769
1.984336 7.791542
1.977346 7.726241
1.970718 7.658367
1.964393 7.589296
1.958331 7.518457
1.952503 7.445268
1.946897 7.369422
1.941531 7.291117
1.936442 7.210585
1.931693 7.128770
1.927366 7.046271
1.923566 6.964493
1.920405 6.884943
1.918000 6.809063
1.916469 6.738011
1.915931 6.673161
1.916495 6.615940
1.918262 6.568328
1.921323 6.532698
1.925756 6.512248
1.931630 6.512083
1.939004 6.535931
1.947927 6.586089
1.958428 6.662536
1.970533 6.762684
1.984253 6.883654
1.999585 7.022876
2.016507 7.178746
2.034984 7.349355
2.054955 7.533783
2.076345 7.731122
2.099052 7.939670
2.122947 8.158004
2.147872 8.384456
2.173636 8.627292
2.200015 8.863816
2.226764 9.101858
2.253597 9.338678
2.280211 9.571273
2.306283 9.796947
2.331483 10.012307
2.355482 10.214946
2.377972 10.401838
2.398670 10.570714
2.417328 10.719470
2.433740 10.846601
2.447746 10.951139
2.459224 11.032590
2.468087 11.090773
2.474285 11.125916
2.477805 11.138600
2.478674 11.129384
2.476964 11.099328
2.472796 11.049993
2.466332 10.982887
2.457778 10.899811
2.447371 10.743377
2.435370 10.634080
2.422051 10.514936
2.407688 10.388076
2.392564 10.255363
2.376947 10.119077
2.361094 9.980710
2.345246 9.842049
2.329630 9.705036
2.314456 9.571148
2.299917 9.441887
2.286190 9.318900
2.273437 9.203477
2.261805 9.097102
2.251425 9.001022
2.242413 8.916486
2.234866 8.844317
2.228875 8.785818
2.224509 8.742075
2.221825 8.713545
2.220865 8.700965
2.221657 8.705245
2.224211 8.727390
2.228529 8.767557
2.234596 8.825617
2.242379 8.901310
2.251832 8.993928
2.262890 9.102467
2.275469 9.225964
2.289459 9.363081
2.304719 9.512533
2.321075 9.672759
2.338316 9.841709
2.356184 10.017022
2.374360 10.195570
2.392478 10.374285
2.410111 10.548899
2.426789 10.714555
2.442024 10.866539
2.455325 10.999941
2.466255 11.110030
2.474472 11.192766
2.479765 11.245941
2.482075 11.268569
2.481495 11.261152
2.478250 11.225663
2.472652 11.178044
2.465062 11.096571
2.455852 10.997513
2.445379 10.884765
2.433967 10.761706
2.421899 10.631848
2.409418 10.498149
2.396725 10.362936
2.383980 10.228451
2.371309 10.096827
2.358811 9.969336
2.346555 9.847509
2.334586 9.732438
2.322931 9.624832
2.311601 9.525113
2.300589 9.433602
2.289882 9.349964
2.279454 9.273873
2.269270 9.204203
2.259292 9.139924
2.249475 9.079777
2.239775 9.022663
2.230150 8.967491
2.220555 8.912986
2.210954 8.858279
2.201315 8.802707
2.191609 8.745613
2.181817 8.686598
2.171926 8.625415
2.161930 8.561837
2.151836 8.495616
2.141655 8.427322
2.131413 8.356971
2.121141 8.284764
2.110874 8.211180
2.100652 8.136615
2.090531 8.061762
2.080555 7.987145
2.070776 7.913788
2.061246 7.842183
2.052012 7.772886
2.043118 7.706291
2.034598 7.642793
2.026487 7.582949
2.018806 7.507303
2.011565 7.454972
2.004763 7.405762
1.998387 7.359720
1.992413 7.316092
1.986810 7.274531
1.981532 7.234697
1.976535 7.195712
1.971768 7.157268
1.967178 7.118993
1.962721 7.079757
1.958358 7.039405
1.954058 6.997604
1.949801 6.954142
1.945575 6.909080
1.941380 6.862335
1.937224 6.814160
1.933121 6.764938
1.929093 6.715526
1.925160 6.666182
1.921341 6.617496
1.917661 6.570163
1.914141 6.524582
1.910799 6.480853
1.907649 6.439667
1.904695 6.401139
1.901939 6.365678
1.899369 6.349625
1.896971 6.320438
1.894711 6.293808
1.892551 6.269070
1.890431 6.245616
1.888275 6.222584
1.885980 6.198638
1.883421 6.172748
1.880442 6.143717
1.876869 6.110517
1.872531 6.072187
1.867302 6.028212
1.861135 5.978577
1.854064 5.923289
1.846196 5.862634
1.837682 5.797560
1.828699 5.728638
1.819432 5.657746
1.810056 5.585595
1.800732 5.513548
1.791603 5.442550
1.782778 5.373580
1.774355 5.307176
1.766404 5.244157
1.758976 5.184939
1.752104 5.130003
1.745813 5.079546
1.740113 5.033874
1.735003 4.993088
1.730475 4.957119
1.726514 4.925680
1.723107 4.898506
1.720228 4.875287
1.717857 4.855606
1.715971 4.839459
1.714544 4.826476
1.713550 4.816590
1.712965 4.809539
1.712763 4.805176
1.712921 4.803135
1.713411 4.803484
1.714213 4.806088
1.715307 4.810475
1.716672 4.816606
1.718283 4.824328
1.720122 4.833394
1.722173 4.843809
1.724415 4.855364
1.726836 4.868033
1.729421 4.881615
1.732154 4.896119
1.735021 4.911237
1.738005 4.926925
1.741100 4.948129
1.744286 4.964699
1.747555 4.981577
1.750896 4.998757
1.754301 5.016082
1.757760 5.033542
1.761262 5.051094
1.764798 5.068738
1.768351 5.086162
1.771914 5.101531
1.775482 5.118688
1.779044 5.135838
1.782592 5.152702
1.786113 5.169195
1.789600 5.185578
1.793042 5.201704
1.796430 5.217389
1.799752 5.232635
1.803002 5.247447
1.806167 5.261549
1.809242 5.275158
1.812217 5.288059
1.815084 5.300197
1.817834 5.311464
1.820456 5.321743
1.822944 5.331057
1.825293 5.339441
1.827496 5.346658
1.829549 5.352796
1.831446 5.357690
1.833184 5.361403
1.834760 5.363866
1.836173 5.365126
1.837423 5.365081
1.838509 5.363762
1.839438 5.361126
1.840210 5.357204
1.840829 5.352073
1.841301 5.345713
1.841630 5.338085
1.841826 5.329422
1.841896 5.319799
1.841851 5.309122
1.841703 5.297443
1.841456 5.285051
1.841125 5.271998
1.840722 5.258087
1.840260 5.243920
1.839751 5.223573
1.839210 5.208550
1.838647 5.193712
1.838078 5.179236
1.837516 5.165310
1.836974 5.152318
1.836467 5.140611
1.836010 5.131178
1.835615 5.123036
1.835291 5.117329
1.835052 5.114301
1.834908 5.114301
1.834863 5.117484
1.834924 5.124268
1.835091 5.134548
1.835361 5.148125
1.835731 5.164582
1.836187 5.183683
1.836710 5.205013
1.837275 5.228058
1.837848 5.251973
1.838378 5.276156
1.838810 5.299460
1.839060 5.320839
1.839021 5.339292
1.838573 5.353177
1.837575 5.361637
1.835898 5.363588
1.833448 5.358975
1.830189 5.347164
1.826132 5.328052
1.821318 5.301874
1.815809 5.268977
1.809674 5.230090
1.802986 5.185002
1.795810 5.134393
1.788201 5.078757
1.780209 5.018590
1.771879 4.954538
1.763261 4.887064
1.754420 4.816999
1.745428 4.745017
1.736372 4.672042
1.727342 4.598871
1.718423 4.526316
1.709693 4.455156
1.701219 4.385968
1.693059 4.316002
1.685262 4.252867
1.677868 4.193309
1.670906 4.137493
1.664398 4.085672
1.658364 4.037983
1.652815 3.994463
1.647756 3.955218
1.643188 3.920058
1.639111 3.889070
1.635523 3.862302
1.632415 3.839738
1.629779 3.821316
1.627607 3.807041
1.625886 3.796913
1.624600 3.791089
1.623730 3.788951
1.623257 3.790573
1.623159 3.795989
1.623408 3.805329
1.623976 3.818911
1.624833 3.836579
1.625941 3.858152
1.627259 3.883059
1.628746 3.910407
1.630354 3.939272
1.632034 3.968963
1.633737 3.998601
1.635411 4.027509
1.637003 4.055165
1.638466 4.081286
1.639757 4.105059
1.640835 4.126123
1.641668 4.144450
1.642229 4.159708
1.642504 4.171645
1.642489 4.180450
1.642185 4.185919
1.641601 4.188148
1.640755 4.187171
1.639672 4.183042
1.638380 4.176432
1.636914 4.167739
1.635311 4.156992
1.633609 4.144541
1.631848 4.131098
1.630063 4.116717
1.628287 4.093477
1.626558 4.078839
1.624898 4.064553
1.623341 4.057470
1.621910 4.044572
1.620623 4.032766
1.619500 4.022142
1.618558 4.012713
1.617808 4.005058
1.617262 3.998659
1.616934 3.994019
1.616834 3.990871
1.616966 3.989632
1.617343 3.990085
1.617971 3.992376
1.618856 3.996289
1.620003 4.001979
1.621417 4.009264
1.623104 4.018430
1.625062 4.029102
1.627296 4.041681
1.629806 4.055947
1.632587 4.071749
1.635638 4.089132
1.638948 4.107909
1.642509 4.128162
1.646304 4.149557
1.650318 4.172279
1.654529 4.195930
1.658918 4.220560
1.663466 4.246090
1.668154 4.272210
1.672968 4.290019
1.677899 4.317070
1.682940 4.344435
1.688094 4.372287
1.693372 4.400563
1.698783 4.429151
1.704347 4.458311
1.710082 4.478041
1.715999 4.508292
1.722095 4.539020
1.728354 4.570077
1.734736 4.610016
1.741180 4.641539
1.747612 4.672909
1.753952 4.703742
1.760128 4.733676
1.766074 4.762553
1.771757 4.789737
1.777158 4.815282
1.782283 4.839295
1.787158 4.861709
1.791827 4.882775
1.796346 4.903155
1.800776 4.923276
1.805177 4.943195
1.809606 4.963591
1.814106 4.984541
1.818711 5.006280
1.823443 5.029230
1.828314 5.053452
1.833321 5.079793
1.838458 5.105572
1.843714 5.132531
1.849075 5.160713
1.854534 5.189921
1.860087 5.220135
1.865738 5.251306
1.871494 5.283484
1.877372 5.316687
1.883389 5.351131
1.889571 5.386888
1.895937 5.423976
1.902518 5.462846
1.909336 5.503607
1.916416 5.546237
1.923777 5.591243
1.931440 5.638786
1.939418 5.688895
1.947727 5.741838
1.956376 5.797781
1.965374 5.856741
1.974725 5.919010
1.984435 5.984709
1.994511 6.054048
2.004962 6.127368
2.015799 6.204710
2.027034 6.286626
2.038680 6.373375
2.050744 6.464956
2.063220 6.561323
2.076082 6.662411
2.089283 6.767426
2.102744 6.875627
2.116350 6.985739
2.129968 7.103570
2.143424 7.214592
2.156522 7.323488
2.169050 7.428213
2.180785 7.489068
2.191515 7.578932
2.201039 7.658688
2.209193 7.726788
2.215847 7.781595
2.220918 7.822670
2.224367 7.849069
2.226203 7.888895
2.226474 7.885907
2.225269 7.869229
2.222704 7.840203
2.218921 7.800154
2.214080 7.750822
2.208353 7.693887
2.201927 7.631099
2.194993 7.564162
2.187733 7.495125
2.180318 7.425381
2.172911 7.356496
2.165657 7.289843
2.158683 7.226602
2.152094 7.167858
2.145980 7.114266
2.140415 7.066407
2.135442 7.024883
2.131091 6.989736
2.127372 6.960050
2.124268 6.935834
2.121744 6.917949
2.119736 6.905476
2.118162 6.897893
2.116910 6.894447
2.115851 6.893625
2.114833 6.894355
2.113692 6.895009
2.112256 6.894083
2.110361 6.890235
2.107853 6.882193
2.104600 6.868430
2.100504 6.848301
2.095510 6.821451
2.089602 6.787523
2.082810 6.745913
2.075202 6.697869
2.066880 6.643607
2.057967 6.583909
2.048605 6.519694
2.038938 6.451984
2.029112 6.381705
2.019263 6.309891
2.009526 6.237419
2.000016 6.165000
1.990828 6.093701
1.982052 6.023804
1.973756 5.955842
1.965995 5.890478
1.958822 5.827678
1.952275 5.767936
1.946386 5.711446
1.941180 5.658413
1.936678 5.609020
1.932896 5.563451
1.929847 5.521861
1.927544 5.484545
1.925993 5.451871
1.925202 5.424224
1.925178 5.402031
1.925930 5.386375
1.927460 5.399443
1.929776 5.412917
1.932883 5.446478
1.936788 5.490652
1.941498 5.542081
1.947019 5.600139
1.953356 5.664255
1.960515 5.733873
1.968500 5.808592
1.977311 5.888080
1.986949 5.972644
1.997410 6.062066
2.008683 6.156187
2.020750 6.254931
2.033589 6.358303
2.047165 6.466202
2.061431 6.578148
2.076334 6.693588
2.091805 6.812522
2.107770 6.934544
2.124141 7.059012
2.140829 7.185654
2.157739 7.313983
2.174796 7.443647
2.191926 7.573949
2.209070 7.704595
2.226202 7.835631
2.243315 7.941726
2.260429 8.075046
2.277592 8.211228
2.294869 8.350807
2.312353 8.493941
2.330146 8.640847
2.348359 8.791916
2.367109 8.947554
2.386507 9.108340
2.406659 9.274811
2.427660 9.428212
2.449589 9.608642
2.472496 9.796483
2.496405 9.992076
2.521296 10.195028
2.547099 10.405076
2.573676 10.620833
2.600803 10.840778
2.628146 11.062069
2.655246 11.281710
2.681511 11.494766
2.706244 11.695634
2.728724 11.878506
2.748331 12.038425
2.764659 12.171846
2.777606 12.278361
2.787400 12.359926
2.794537 12.420671
2.799646 12.465534
2.803365 12.499841
2.806239 12.527429
2.808675 12.551930
2.810932 12.575279
2.813120 12.598183
2.815215 12.620339
2.817065 12.641077
2.818426 12.657736
2.819013 12.668493
2.818561 12.671391
2.816869 12.664660
2.813803 12.646867
2.809252 12.616959
2.803089 12.574189
2.795189 12.512998
2.785516 12.464300
2.774208 12.385499
2.761558 12.297372
2.747936 12.201998
2.733723 12.102164
2.719269 12.000080
2.704879 11.897957
2.690809 11.797568
2.677254 11.700396
2.664365 11.607262
2.652248 11.518891
2.640967 11.435512
2.630565 11.357539
2.621054 11.284817
2.612433 11.217425
2.604686 11.155158
2.597780 11.097762
2.591681 11.044865
2.586342 10.996089
2.581715 10.951341
2.577745 10.910037
2.574382 10.871977
2.571571 10.836918
2.569258 10.804189
2.567392 10.773873
2.565927 10.745264
2.564820 10.718277
2.564036 10.692921
2.563544 10.668854
2.563324 10.646276
2.563359 10.625057
2.563645 10.605370
2.564179 10.587048
2.564962 10.570017
2.565999 10.554253
2.567296 10.539902
2.568858 10.527059
2.570687 10.515852
2.572778 10.506318
2.575121 10.498556
2.577696 10.492213
2.580473 10.487121
2.583407 10.483122
2.586438 10.479737
2.589485 10.476656
2.592455 10.472954
2.595234 10.468055
2.597690 10.460905
2.599680 10.450588
2.601046 10.436040
2.601628 10.416694
2.601261 10.391209
2.599794 10.359090
2.597090 10.319289
2.593025 10.271144
2.587505 10.214182
2.580463 10.147984
2.571861 10.072222
2.561695 9.986727
2.549993 9.891822
2.536809 9.787674
2.522222 9.674841
2.506345 9.554156
2.489301 9.426175
2.471222 9.291952
2.452250 9.152347
2.432528 9.008203
2.412203 8.860736
2.391411 8.710712
2.370290 8.558405
2.348966 8.404816
2.327565 8.250591
2.306204 8.096449
2.285000 7.943132
2.264064 7.791487
2.243502 7.641953
2.223422 7.527893
2.203925 7.384211
2.185107 7.244774
2.167061 7.110938
2.149874 6.982760
2.133634 6.861379
2.118420 6.747470
2.104302 6.641771
2.091347 6.544897
2.079608 6.457480
2.069140 6.379837
2.059983 6.312424
2.052182 6.255759
2.045770 6.210333
2.040772 6.176677
2.037208 6.155313
2.035091 6.146935
2.034425 6.151678
2.035200 6.169929
2.037393 6.201766
2.040965 6.247266
2.045854 6.306161
2.051967 6.377742
2.059182 6.461304
2.067328 6.555889
2.076188 6.658980
2.085491 6.767596
2.094909 6.878377
2.104076 6.987370
2.112598 7.090239
2.120093 7.182727
2.126225 7.260667
2.130738 7.320903
2.133480 7.361250
2.134409 7.381130
2.133605 7.381554
2.131236 7.364847
2.127548 7.333489
2.122829 7.291259
2.117377 7.241779
2.111480 7.188378
2.105392 7.134059
2.099331 7.081508
2.093466 7.032320
2.087925 6.987822
2.082807 6.948587
2.078172 6.914747
2.074055 6.886736
2.070474 6.864507
2.067420 6.847463
2.064880 6.836061
2.062825 6.829525
2.061220 6.827404
2.060019 6.829299
2.059172 6.834647
2.058626 6.842736
2.058334 6.853278
2.058253 6.865455
2.058341 6.878739
2.058566 6.892659
2.058906 6.907168
2.059348 6.925665
2.059892 6.941992
2.060550 6.958332
2.061346 6.974801
2.062309 6.991749
2.063479 7.009296
2.064897 7.027682
2.066607 7.047483
2.068648 7.068993
2.071050 7.092178
2.073843 7.117769
2.077040 7.145400
2.080643 7.175317
2.084643 7.207405
2.089013 7.241372
2.093714 7.277015
2.098695 7.313984
2.103891 7.353161
2.109240 7.392041
2.114668 7.430563
2.120108 7.468240
2.125497 7.504648
2.130783 7.539360
2.135931 7.572347
2.140923 7.603196
2.145762 7.632436
2.150468 7.659875
2.155077 7.686188
2.159647 7.711678
2.164234 7.736666
2.168915 7.705977
2.173764 7.730942
2.178856 7.757761
2.184268 7.786780
2.190081 7.819223
2.196369 7.855842
2.203208 7.897455
2.210671 7.945118
2.218830 8.000053
2.227748 8.062794
2.237489 8.134367
2.248103 8.215335
2.259628 8.305631
2.272101 8.405928
2.285536 8.515967
2.299944 8.635959
2.315325 8.765347
2.331666 8.903483
2.348948 9.049935
2.367147 9.204169
2.386226 9.366309
2.406147 9.535470
2.426862 9.710382
2.448323 9.890416
2.470468 10.074632
2.493228 10.282753
2.516526 10.474116
2.540270 10.667487
2.564355 10.862228
2.588669 11.057345
2.613086 11.251970
2.637470 11.445299
2.661684 11.636460
2.685590 11.824340
2.709057 12.008129
2.731958 12.186855
2.754178 12.359623
2.775611 12.525734
2.796164 12.684314
2.815757 12.834814
2.834327 12.976769
2.851830 13.109551
2.868231 13.232712
2.883509 13.346337
2.897655 13.450239
2.910665 13.544358
2.922536 13.628700
2.933259 13.702995
2.942817 13.767024
2.951189 13.820812
2.958343 13.863994
2.964241 13.896159
2.968848 13.916948
2.972139 13.926178
2.974100 13.923680
2.974736 13.909490
2.974077 13.883859
2.972180 13.847280
2.969124 13.800602
2.965010 13.744291
2.959957 13.680228
2.954091 13.609256
2.947534 13.532685
2.940402 13.451786
2.932785 13.367505
2.924766 13.281020
2.916393 13.192361
2.907693 13.101791
2.898670 13.009438
2.889311 12.914935
2.879594 12.818301
2.869496 12.719296
2.859001 12.617714
2.848112 12.513703
2.836858 12.407350
2.825299 12.299137
2.813532 12.189558
2.801676 12.079605
2.789876 11.924544
2.778283 11.816271
2.767051 11.710148
2.756320 11.607391
2.746215 11.508904
2.736829 11.415398
2.728226 11.327458
2.720436 11.245452
2.713454 11.169780
2.707242 11.100457
2.701727 11.037190
2.696801 10.979347
2.692326 10.926250
2.688134 10.876733
2.684044 10.829224
2.679859 10.781762
2.675388 10.732501
2.670452 10.679368
2.664900 10.620663
2.658626 10.586712
2.651571 10.512676
2.643740 10.430889
2.635193 10.351230
2.626038 10.256021
2.616427 10.187506
2.606539 10.084182
2.596563 9.980574
2.586689 9.878632
2.577091 9.780255
2.567922 9.686911
2.559299 9.599873
2.551304 9.520013
2.543976 9.447683
2.537308 9.382485
2.531249 9.323960
2.525702 9.271093
2.520528 9.221731
2.515553 9.174251
2.510576 9.126637
2.505383 9.076722
2.499765 9.022432
2.493544 8.961973
2.486585 8.893842
2.478816 8.817267
2.470227 8.732152
2.460879 8.638913
2.450889 8.538445
2.440418 8.432380
2.429657 8.322000
2.418806 8.209439
2.408062 8.096480
2.397608 7.985108
2.387602 7.876888
2.378171 7.773605
2.369423 7.676067
2.361436 7.585538
2.354259 7.502975
2.347921 7.428961
2.342428 7.363864
2.337767 7.307766
2.333907 7.258339
2.330797 7.220160
2.328377 7.190087
2.326568 7.167355
2.325272 7.151021
2.324389 7.140056
2.323803 7.133182
2.323386 7.129169
2.323006 7.126429
2.322530 7.123535
2.321827 7.119225
2.320780 7.112342
2.319286 7.101765
2.317268 7.086636
2.314679 7.066461
2.311499 7.041148
2.307738 7.010541
2.303432 6.974849
2.298635 6.934369
2.293415 6.889951
2.287853 6.842209
2.282037 6.791956
2.276050 6.739997
2.269984 6.687213
2.263926 6.634855
2.257957 6.583709
2.252150 6.535035
2.246570 6.489981
2.241276 6.447690
2.236322 6.412975
2.231751 6.383784
2.227595 6.360406
2.223880 6.343141
2.220627 6.331909
2.217846 6.327000
2.215546 6.327610
2.213728 6.333566
2.212392 6.344981
2.211536 6.361753
2.211157 6.383621
2.211248 6.410354
2.211801 6.442094
2.212814 6.478607
2.214278 6.519461
2.216180 6.564515
2.218503 6.613585
2.221221 6.666258
2.224298 6.722202
2.227697 6.780772
2.231362 6.841565
2.235220 6.903253
2.239176 6.964786
2.243109 7.024619
2.246873 7.081006
2.250295 7.132367
2.253200 7.177226
2.255442 7.214022
2.256920 7.241641
2.257566 7.259131
2.257315 7.265623
2.256049 7.260542
2.253597 7.243465
2.249782 7.214064
2.244526 7.172961
2.237891 7.120725
2.230029 7.058714
2.221116 6.988225
2.211310 6.910166
2.200740 6.825511
2.189505 6.735169
2.177676 6.639507
2.165304 6.538709
2.152429 6.433064
2.139094 6.322793
2.125343 6.208130
2.111237 6.089697
2.096841 5.968242
2.082236 5.844313
2.067508 5.718485
2.052741 5.591527
2.038013 5.464054
2.023396 5.336621
2.008949 5.210118
1.994728 5.085219
1.980777 4.962355
1.967135 4.841983
1.953834 4.724574
1.940909 4.610731
1.928393 4.501011
1.916322 4.395681
1.904730 4.295375
1.893648 4.200536
1.883104 4.111357
1.873121 4.028355
1.863722 3.957515
1.854925 3.887365
1.846741 3.818511
1.839176 3.762818
1.832231 3.714094
1.825901 3.671919
1.820176 3.636521
1.815052 3.607182
1.810519 3.583526
1.806561 3.565216
1.803166 3.551862
1.800321 3.543025
1.798015 3.538255
1.796237 3.537128
1.794977 3.539792
1.794227 3.545736
1.793980 3.555043
1.794227 3.567308
1.794968 3.582357
1.796198 3.600194
1.797918 3.620811
1.800131 3.643823
1.802840 3.669478
1.806051 3.697681
1.809771 3.728329
1.814008 3.761631
1.818778 3.797533
1.824097 3.835998
1.829985 3.877417
1.836466 3.921898
1.843570 3.969716
1.851328 4.021264
1.859771 4.076698
1.868942 4.136566
1.878885 4.201320
1.889646 4.271350
1.901278 4.347293
1.913832 4.429693
1.927367 4.519166
1.941940 4.616235
1.957609 4.707745
1.974432 4.821269
1.992467 4.944307
2.011765 5.077492
2.032372 5.221275
2.054323 5.375874
2.077643 5.542108
2.102348 5.719822
2.128423 5.908969
2.155835 6.109697
2.184530 6.321535
2.214410 6.543854
2.245346 6.776031
2.277161 7.016913
2.309642 7.265188
2.342535 7.518925
2.375540 7.776275
2.408319 8.034949
2.440496 8.292347
2.471658 8.545531
2.501350 8.791184
2.529066 9.025544
2.554261 9.244481
2.576359 9.443245
2.594816 9.617299
2.609160 9.761950
2.619053 9.873324
2.624332 9.948911
2.625016 9.987932
2.621287 9.995425
2.613437 9.965873
2.601780 9.905740
2.586573 9.817237
2.567973 9.701579
2.546064 9.558607
2.520944 9.388542
2.492791 9.191894
2.461921 8.970803
2.428805 8.728830
2.394034 8.471649
2.358260 8.204975
2.322133 7.935162
2.286246 7.666876
2.251083 7.404444
2.217014 7.150613
2.184297 6.907465
2.153102 6.676474
2.123534 6.458285
2.095648 6.253296
2.069468 6.061671
2.044989 5.883193
2.022192 5.717908
2.001044 5.565430
1.981505 5.425419
1.963526 5.297538
1.947053 5.182420
1.932034 5.075823
1.918414 4.984720
1.906134 4.899623
1.895136 4.824508
1.885361 4.758696
1.876750 4.702138
1.869250 4.654040
1.862805 4.614495
1.857357 4.582380
1.852855 4.557776
1.849247 4.539931
1.846478 4.528322
1.844495 4.522679
1.843247 4.522621
1.842683 4.527763
1.842756 4.537817
1.843417 4.552449
1.844617 4.571337
1.846309 4.594368
1.848448 4.620867
1.850990 4.650527
1.853890 4.682879
1.857108 4.717690
1.860601 4.754514
1.864335 4.793062
1.868274 4.832976
1.872385 4.873902
1.876637 4.915374
1.880995 4.957413
1.885440 4.999472
1.889947 5.041273
1.894490 5.082844
1.899051 5.124009
1.903609 5.183145
1.908139 5.222876
1.912625 5.261334
1.917051 5.298961
1.921399 5.335394
1.925648 5.370542
1.929776 5.404267
1.933762 5.436532
1.937588 5.467091
1.941231 5.495987
1.944669 5.522703
1.947878 5.547355
1.950832 5.569863
1.953516 5.589541
1.955913 5.606762
1.958009 5.621238
1.959790 5.632968
1.961249 5.641858
1.962375 5.647572
1.963167 5.650498
1.963630 5.650687
1.963769 5.648163
1.963587 5.643114
1.963101 5.635506
1.962323 5.625479
1.961270 5.613138
1.959956 5.598625
1.958399 5.582007
1.956622 5.563453
1.954644 5.542980
1.952485 5.520949
1.950161 5.497614
1.947695 5.472847
1.945107 5.446986
1.942418 5.420095
1.939642 5.392376
1.936798 5.363985
1.933900 5.335079
1.930963 5.305826
1.928001 5.276389
1.925026 5.246880
1.922049 5.217569
1.919081 5.188391
1.916129 5.159682
1.913203 5.131529
1.910313 5.103987
1.907468 5.076866
1.904676 5.050325
1.901946 5.024357
1.899285 4.999010
1.896701 4.974144
1.894202 4.949832
1.891797 4.926197
1.889492 4.903171
1.887299 4.880990
1.885226 4.859429
1.883284 4.838828
1.881479 4.819096
1.879821 4.800397
1.878319 4.782891
1.876980 4.766107
1.875813 4.750639
1.874831 4.736440
1.874041 4.723558
1.873453 4.712103
1.873073 4.702158
1.872909 4.714344
1.872963 4.707206
1.873244 4.701849
1.873755 4.698479
1.874497 4.697032
1.875473 4.697616
1.876686 4.700448
1.878136 4.705196
1.879826 4.712013
1.881751 4.720972
1.883911 4.732252
1.886303 4.745704
1.888923 4.761220
1.891768 4.778790
1.894834 4.798303
1.898113 4.819662
1.901599 4.842753
1.905282 4.867446
1.909153 4.893481
1.913196 4.921018
1.917404 4.950009
1.921766 4.979870
1.926268 5.010669
1.930897 5.042343
1.935637 5.074731
1.940473 5.107621
1.945388 5.140903
1.950361 5.174160
1.955377 5.207813
1.960411 5.241280
1.965447 5.274464
1.970460 5.307314
1.975434 5.339642
1.980348 5.371366
1.985184 5.402229
1.989921 5.432815
1.994550 5.462609
1.999059 5.491724
2.003440 5.520329
2.007687 5.548375
2.011804 5.576043
2.015797 5.603466
2.019682 5.630962
2.023472 5.657957
2.027192 5.685124
2.030871 5.712388
2.034539 5.739884
2.038226 5.767662
2.041970 5.796074
2.045802 5.825352
2.049758 5.855358
2.053873 5.886731
2.058178 5.919234
2.062706 5.953221
2.067476 5.988874
2.072513 6.026180
2.077829 6.065321
2.083432 6.106245
2.089327 6.148962
2.095511 6.193399
2.101974 6.239581
2.108694 6.287067
2.115655 6.335816
2.122826 6.385587
2.130166 6.435954
2.137632 6.486946
2.145175 6.537928
2.152735 6.588522
2.160247 6.638154
2.167635 6.686283
2.174815 6.732442
2.181703 6.775974
2.188201 6.816368
2.194209 6.852732
2.199620 6.884436
2.204331 6.910270
2.208231 6.929838
2.211220 6.942058
2.213198 6.946606
2.214070 6.942771
2.213760 6.929880
2.212201 6.907512
2.209341 6.875603
2.205147 6.833785
2.199609 6.782044
2.192737 6.720631
2.184563 6.649844
2.175142 6.570198
2.164553 6.482161
2.152896 6.386538
2.140283 6.284270
2.126845 6.176360
2.112722 6.063799
2.098064 5.947916
2.083017 5.830144
2.067728 5.712099
2.052337 5.595629
2.036975 5.482828
2.021764 5.374899
2.006813 5.272405
1.992220 5.174801
1.978067 5.081724
1.964424 4.992919
1.951356 4.908291
1.938910 4.827955
1.927131 4.747418
1.916055 4.676703
1.905702 4.610675
1.896099 4.550010
1.887260 4.494282
1.879199 4.443964
1.871930 4.399096
1.865457 4.359708
1.859787 4.326291
1.854927 4.298822
1.850880 4.277408
1.847647 4.262095
1.845231 4.253001
1.843630 4.250346
1.842843 4.254317
1.842871 4.264420
1.843711 4.280979
1.845361 4.304343
1.847812 4.334102
1.851060 4.370480
1.855095 4.412878
1.859906 4.461254
1.865475 4.515475
1.871784 4.575640
1.878806 4.641241
1.886510 4.712092
1.894857 4.787740
1.903796 4.867932
1.913278 4.952234
1.923237 5.040082
1.933606 5.130733
1.944308 5.223533
1.955251 5.317722
1.966343 5.412411
1.977482 5.506884
1.988563 5.600426
1.999479 5.691835
2.010123 5.780162
2.020382 5.864615
2.030163 5.944281
2.039367 6.018227
2.047917 6.085842
2.055749 6.146306
2.062820 6.199183
2.069105 6.244395
2.074610 6.281792
2.079366 6.311683
2.083434 6.334498
2.086890 6.351040
2.089833 6.357465
2.092374 6.364741
2.094626 6.368760
2.096705 6.370519
2.098715 6.371216
2.100756 6.371676
2.102914 6.372561
2.105256 6.374728
2.107840 6.378788
2.110705 6.385308
2.113876 6.394436
2.117362 6.405933
2.121164 6.419596
2.125266 6.435731
2.129649 6.453864
2.134280 6.473787
2.139117 6.495359
2.144115 6.517909
2.149225 6.541215
2.154386 6.564871
2.159539 6.594915
2.164616 6.618152
2.169542 6.640241
2.174251 6.661160
2.178665 6.680058
2.182714 6.696675
2.186324 6.710588
2.189425 6.721224
2.191951 6.728260
2.193840 6.731335
2.195038 6.730128
2.195501 6.724368
2.195192 6.713715
2.194083 6.698255
2.192166 6.677675
2.189438 6.652207
2.185909 6.621590
2.181591 6.585955
2.176518 6.545573
2.170722 6.500311
2.164243 6.450925
2.157132 6.397424
2.149438 6.339966
2.141209 6.278922
2.132498 6.214574
2.123358 6.147233
2.113840 6.077200
2.103991 6.004805
2.093855 5.930321
2.083481 5.853926
2.072908 5.775867
2.062179 5.696601
2.051328 5.616252
2.040386 5.535142
2.029390 5.453333
2.018370 5.371203
2.007352 5.288708
1.996363 5.206248
1.985430 5.123922
1.974577 5.041802
1.963831 4.960302
1.953216 4.879457
1.942753 4.799429
1.932469 4.720645
1.922389 4.643084
1.912540 4.567046
1.902946 4.492524
1.893631 4.420010
1.884616 4.349830
1.875930 4.281737
1.867596 4.216277
1.859637 4.153649
1.852071 4.094349
1.844924 4.038198
1.838217 3.985601
1.831964 3.936754
1.826184 3.891859
1.820893 3.851169
1.816105 3.814917
1.811830 3.783310
1.808080 3.756942
1.804864 3.735319
1.802194 3.719166
1.800074 3.708462
1.798513 3.703457
1.797517 3.704041
1.797090 3.709887
1.797240 3.721254
1.797976 3.738019
1.799299 3.759842
1.801215 3.786934
1.803725 3.818589
1.806837 3.854995
1.810550 3.897153
1.814870 3.942842
1.819797 3.993171
1.825333 4.048060
1.831474 4.107648
1.838218 4.171635
1.845557 4.240145
1.853482 4.313358
1.861973 4.391068
1.871011 4.468487
1.880569 4.553932
1.890615 4.643456
1.901107 4.736646
1.911997 4.833063
1.923227 4.932617
1.934730 5.034579
1.946441 5.138602
1.958284 5.244056
1.970178 5.350127
1.982043 5.456736
1.993791 5.562695
2.005336 5.667364
2.016593 5.769908
2.027473 5.869672
2.037892 5.965764
2.047764 6.057659
2.057014 6.144692
2.065572 6.226280
2.073378 6.302029
2.080391 6.371732
2.086572 6.435015
2.091872 6.491116
2.096222 6.539614
2.099501 6.579277
2.101542 6.608448
2.102102 6.625252
2.100876 6.627226
2.097520 6.611366
2.091703 6.574949
2.083164 6.515983
2.071774 6.433218
2.057576 6.327045
2.040802 6.199406
2.021877 6.053672
2.001357 5.894615
1.979834 5.726542
1.957865 5.554002
1.935944 5.381046
1.914473 5.211094
1.893768 5.046804
1.874066 4.890242
1.855536 4.742911
1.838290 4.605612
1.822392 4.479035
1.807867 4.363474
1.794712 4.258859
1.782897 4.179332
1.772383 4.095839
1.763119 4.022377
1.755041 3.958473
1.748078 3.903351
1.742151 3.856725
1.737183 3.828149
1.733094 3.785841
1.729803 3.758832
1.727231 3.727568
1.725297 3.712167
1.723926 3.700891
1.723045 3.692877
1.722581 3.687698
1.722472 3.684591
1.722659 3.691138
1.723082 3.690691
1.723695 3.690852
1.724450 3.691361
1.725310 3.691787
1.726239 3.691741
1.727211 3.691883
1.728211 3.685663
1.729228 3.685934
1.730257 3.686828
1.731310 3.689226
1.732394 3.693542
1.733537 3.707327
1.734765 3.712277
1.736114 3.717598
1.737629 3.723177
1.739354 3.729368
1.741340 3.736503
1.743635 3.745014
1.746291 3.755407
1.749357 3.768318
1.752878 3.783929
1.756902 3.802881
1.761472 3.825563
1.766626 3.852430
1.772403 3.883874
1.778833 3.920303
1.785942 3.972185
1.793760 4.020251
1.802308 4.074615
1.811602 4.135778
1.821655 4.203635
1.832478 4.278435
1.844079 4.359964
1.856462 4.448032
1.869627 4.542567
1.883567 4.643632
1.898273 4.751211
1.913726 4.864858
1.929900 4.984983
1.946767 5.110838
1.964282 5.242138
1.982390 5.378420
2.001014 5.518683
2.020060 5.662295
2.039413 5.808067
2.058930 5.954530
2.078445 6.099653
2.097764 6.241899
2.116679 6.378843
2.134976 6.508130
2.152448 6.627627
2.168920 6.735117
2.184260 6.829042
2.198408 6.908408
2.211373 6.973006
2.223242 7.023459
2.234167 7.061170
2.244358 7.088213
2.254060 7.107114
2.263542 7.120773
2.273072 7.132100
2.282908 7.144092
2.293286 7.159570
2.304415 7.181630
2.316472 7.238857
2.329600 7.285643
2.343901 7.348629
2.359431 7.431037
2.376189 7.534778
2.394097 7.660036
2.413001 7.804509
2.432643 7.964363
2.452642 8.109534
2.472480 8.282150
2.491502 8.452543
2.508940 8.614047
2.523971 8.759628
2.535826 8.882691
2.543871 8.977350
2.547684 9.039416
2.547087 9.066516
2.542137 9.058131
2.533085 9.015623
2.520310 8.941783
2.504270 8.840009
2.485458 8.714461
2.464359 8.568985
2.441420 8.407174
2.417039 8.231762
2.391546 8.045479
2.365228 7.850098
2.338344 7.647986
2.311138 7.440947
2.283847 7.231198
2.256703 7.020903
2.229925 6.812425
2.203708 6.607419
2.178220 6.407449
2.153596 6.214512
2.129926 6.029320
2.107264 5.852371
2.085628 5.683886
2.065009 5.524005
2.045371 5.372457
2.026661 5.229330
2.008819 5.094047
1.991776 4.950630
1.975465 4.830705
1.959826 4.717003
1.944805 4.609015
1.930356 4.501564
1.916452 4.404320
1.903076 4.312696
1.890225 4.226483
1.877905 4.145792
1.866134 4.070745
1.854938 4.020792
1.844345 3.957630
1.834389 3.900550
1.825104 3.850082
1.816526 3.806195
1.808686 3.768906
1.801613 3.738530
1.795334 3.715071
1.789870 3.697989
1.785242 3.687632
1.781465 3.683716
1.778554 3.685340
1.776517 3.694649
1.775356 3.710669
1.775070 3.732644
1.775661 3.760691
1.777126 3.794501
1.779456 3.834346
1.782634 3.879849
1.786643 3.931019
1.791468 3.987463
1.797080 4.048970
1.803447 4.115252
1.810528 4.185931
1.818276 4.260575
1.826632 4.338854
1.835532 4.419861
1.844899 4.502987
1.854648 4.587724
1.864678 4.673323
1.874880 4.758420
1.885129 4.842343
1.895279 4.924058
1.905185 5.002275
1.914687 5.076297
1.923624 5.145116
1.931845 5.207347
1.939222 5.262473
1.945651 5.309699
1.951063 5.348728
1.955423 5.379463
1.958737 5.401781
1.961049 5.416146
1.962425 5.423220
1.962960 5.423523
1.962766 5.418016
1.961968 5.407848
1.960698 5.393441
1.959088 5.376339
1.957271 5.357230
1.955375 5.337695
1.953526 5.318486
1.951835 5.300402
1.950399 5.284200
1.949309 5.270994
1.948639 5.261213
1.948445 5.255365
1.948772 5.253845
1.949645 5.262681
1.951077 5.271084
1.953063 5.284499
1.955594 5.302419
1.958641 5.324767
1.962165 5.350970
1.966115 5.380618
1.970432 5.413111
1.975045 5.447684
1.979877 5.484100
1.984849 5.521683
1.989873 5.559693
1.994859 5.597454
1.999725 5.634483
2.004384 5.669911
2.008752 5.703185
2.012753 5.733799
2.016315 5.761219
2.019370 5.785055
2.021856 5.804711
2.023715 5.820054
2.024901 5.830297
2.025373 5.835287
2.025095 5.834683
2.024039 5.828187
2.022179 5.815292
2.019504 5.796368
2.016010 5.770863
2.011705 5.738846
2.006607 5.700118
2.000755 5.655133
1.994195 5.604059
1.986991 5.547152
1.979217 5.484926
1.970955 5.418044
1.962295 5.346990
1.953339 5.272534
1.944185 5.195671
1.934933 5.117144
1.925679 5.060335
1.916519 4.980425
1.907538 4.901666
1.898815 4.824788
1.890416 4.750909
1.882402 4.681069
1.874827 4.616094
1.867732 4.556696
1.861156 4.503541
1.855128 4.456981
1.849669 4.417318
1.844793 4.384635
1.840515 4.359209
1.836842 4.340841
1.833773 4.329383
1.831303 4.324537
1.829426 4.326496
1.828130 4.335144
1.827400 4.349720
1.827214 4.369572
1.827548 4.394651
1.828370 4.423909
1.829648 4.457269
1.831340 4.493992
1.833401 4.533609
1.835780 4.575453
1.838418 4.619216
1.841252 4.664236
1.844210 4.709725
1.847224 4.755045
1.850218 4.799425
1.853116 4.842005
1.855843 4.881958
1.858326 4.918621
1.860499 4.951241
1.862302 4.979279
1.863689 5.002314
1.864628 5.019909
1.865095 5.032442
1.865084 5.039146
1.864601 5.040199
1.863669 5.048598
1.862322 5.038980
1.860603 5.024871
1.858561 5.006880
1.856250 4.985699
1.853727 4.961892
1.851044 4.936211
1.848251 4.908994
1.845392 4.881047
1.842509 4.852860
1.839644 4.824680
1.836828 4.796969
1.834090 4.770030
1.831451 4.743983
1.828928 4.719277
1.826541 4.696089
1.824304 4.674134
1.822239 4.654224
1.820359 4.636258
1.818681 4.620349
1.817218 4.606796
1.815992 4.602669
1.815024 4.593521
1.814340 4.587173
1.813964 4.583746
1.813923 4.583527
1.814246 4.586435
1.814963 4.593021
1.816105 4.603187
1.817705 4.617126
1.819796 4.635067
1.822411 4.657089
1.825580 4.683393
1.829332 4.714148
1.833692 4.749348
1.838680 4.789772
1.844312 4.835343
1.850596 4.886354
1.857533 4.942828
1.865114 5.004983
1.873316 5.072695
1.882109 5.145640
1.891447 5.222530
1.901278 5.302878
1.911536 5.385973
1.922145 5.471133
1.933019 5.557744
1.944072 5.645042
1.955225 5.732702
1.966408 5.820291
1.977573 5.907517
1.988700 5.994009
1.999806 6.080881
2.010944 6.167955
2.022197 6.256088
2.033671 6.327434
2.045484 6.421221
2.057756 6.519458
2.070598 6.622757
2.084101 6.731411
2.098337 6.846283
2.113356 6.968010
2.129168 7.096591
2.145749 7.231855
2.163033 7.373238
2.180927 7.520047
2.199292 7.671091
2.217947 7.824975
2.236677 7.979922
2.255231 8.133929
2.273339 8.284603
2.290717 8.429720
2.307083 8.567148
2.322173 8.694399
2.335753 8.809700
2.347625 8.911300
2.357625 8.997706
2.365630 9.067660
2.371540 9.120111
2.375287 9.154587
2.376821 9.170295
2.376113 9.167050
2.373171 9.145181
2.368042 9.105221
2.360833 9.048353
2.351724 8.955647
2.340947 8.870686
2.328766 8.774545
2.315442 8.669571
2.301222 8.557851
2.286322 8.441322
2.270932 8.321697
2.255206 8.200498
2.239272 8.078784
2.223238 7.957821
2.207203 7.838401
2.191265 7.721492
2.175524 7.607873
2.160099 7.498551
2.145116 7.394422
2.130710 7.296485
2.117021 7.206167
2.104189 7.123756
2.092346 7.050734
2.081609 6.987764
2.072078 6.935652
2.063833 6.894666
2.056928 6.864799
2.051396 6.845876
2.047237 6.837311
2.044427 6.838752
2.042914 6.849421
2.042607 6.868448
2.043383 6.894652
2.045084 6.926441
2.047515 6.962224
2.050442 7.000158
2.053607 7.038169
2.056741 7.074192
2.059578 7.106210
2.061881 7.132462
2.063458 7.151531
2.064177 7.162671
2.063968 7.165029
2.062831 7.159038
2.060819 7.145065
2.058030 7.124072
2.054581 7.097235
2.050611 7.065527
2.046252 7.030160
2.041622 6.992536
2.036826 6.953512
2.031936 6.913713
2.027010 6.873782
2.022075 6.833727
2.017140 6.794052
2.012195 6.754480
2.007207 6.714868
2.002142 6.674649
1.996953 6.633486
1.991586 6.590996
1.985988 6.546524
1.980114 6.499625
1.973923 6.450001
1.967387 6.397269
1.960490 6.341224
1.953234 6.281783
1.945633 6.218830
1.937720 6.152656
1.929548 6.083790
1.921175 6.011979
1.912679 5.938033
1.904141 5.862615
1.895647 5.786528
1.887287 5.710460
1.879142 5.635045
1.871296 5.560594
1.863827 5.488209
1.856799 5.418452
1.850273 5.352459
1.844298 5.291374
1.838912 5.237800
1.834141 5.197139
1.830009 5.174834
1.826525 5.168165
1.823690 5.171646
1.821493 5.182389
1.819916 5.198952
1.818930 5.220333
1.818498 5.245781
1.818571 5.274544
1.819096 5.306026
1.820007 5.339270
1.821225 5.373526
1.822662 5.408067
1.824216 5.441735
1.825785 5.473437
1.827251 5.502184
1.828491 5.526938
1.829382 5.546693
1.829798 5.560154
1.829621 5.566517
1.828744 5.564498
1.827078 5.553589
1.824548 5.533433
1.821117 5.503681
1.816774 5.464276
1.811545 5.415629
1.805481 5.358611
1.798669 5.294162
1.791217 5.223433
1.783252 5.148099
1.774912 5.069791
1.766334 4.989346
1.757660 4.908640
1.749010 4.828650
1.740507 4.750703
1.732249 4.675750
1.724316 4.604803
1.716776 4.538337
1.709680 4.477164
1.703072 4.421826
1.696984 4.372900
1.691435 4.330353
1.686447 4.294919
1.682033 4.266363
1.678201 4.244659
1.674955 4.229709
1.672300 4.220811
1.670238 4.217805
1.668772 4.220142
1.667900 4.227429
1.667623 4.239437
1.667946 4.255825
1.668867 4.276387
1.670391 4.300913
1.672520 4.329251
1.675255 4.361471
1.678601 4.397473
1.682560 4.437192
1.687137 4.480617
1.692332 4.527698
1.698148 4.578638
1.704595 4.633625
1.711677 4.692519
1.719396 4.755535
1.727760 4.822684
1.736776 4.894130
1.746448 4.970075
1.756785 5.050273
1.767797 5.135012
1.779479 5.224647
1.791842 5.319149
1.804892 5.418668
1.818633 5.523266
1.833064 5.632913
1.848187 5.747696
1.863995 5.867509
1.880480 5.992464
1.897629 6.122299
1.915428 6.256886
1.933855 6.395976
1.952882 6.539431
1.972473 6.686853
1.992590 6.837958
2.013182 6.992250
2.034190 7.143760
2.055548 7.302743
2.077175 7.463318
2.098977 7.624620
2.120847 7.785948
2.142665 7.946184
2.164284 8.104216
2.185531 8.258708
2.206201 8.408189
2.226053 8.550933
2.244813 8.684864
2.262182 8.808189
2.277847 8.918409
2.291510 9.013425
2.302908 9.090819
2.311845 9.149154
2.318221 9.187295
2.322034 9.204895
2.323389 9.202497
2.322482 9.181459
2.319580 9.143784
2.314984 9.092010
2.309014 9.028508
2.301976 8.955868
2.294145 8.876381
2.285762 8.792427
2.277026 8.705419
2.268099 8.616983
2.259107 8.528151
2.250146 8.439964
2.241288 8.352976
2.232585 8.267741
2.224071 8.184435
2.215771 8.103523
2.207699 8.024925
2.199855 7.948771
2.192244 7.874936
2.184863 7.803207
2.177707 7.733703
2.170768 7.666190
2.164037 7.600397
2.157502 7.536594
2.151152 7.474549
2.144983 7.413725
2.138984 7.354221
2.133148 7.295898
2.127466 7.238725
2.121929 7.182472
2.116533 7.127204
2.111269 7.084404
2.106135 7.029893
2.101131 6.976070
2.096256 6.922962
2.091507 6.870114
2.086885 6.818042
2.082391 6.766490
2.078028 6.715494
2.073794 6.665064
2.069686 6.615296
2.065709 6.566239
2.061865 6.517808
2.058152 6.470069
2.054569 6.423380
2.051114 6.377472
2.047790 6.332758
2.044593 6.288883
2.041515 6.246285
2.038559 6.204853
2.035721 6.164682
2.032995 6.125843
2.030378 6.088475
2.027863 6.052814
2.025452 6.018507
2.023141 5.988022
2.020929 5.956970
2.018822 5.927920
2.016821 5.901041
2.014934 5.876604
2.013175 5.854549
2.011558 5.835122
2.010101 5.818332
2.008822 5.804577
2.007747 5.794009
2.006907 5.786594
2.006332 5.782589
2.006056 5.782121
2.006113 5.785311
2.006537 5.792254
2.007365 5.803063
2.008631 5.818011
2.010372 5.836764
2.012625 5.859672
2.015428 5.886797
2.018811 5.918249
2.022807 5.954301
2.027446 5.994644
2.032756 6.039715
2.038764 6.089548
2.045491 6.144008
2.052961 6.203466
2.061193 6.267798
2.070203 6.337047
2.080006 6.411356
2.090611 6.490700
2.102029 6.575288
2.114263 6.665132
2.127316 6.760183
2.141188 6.860745
2.155874 6.966412
2.171363 7.060387
2.187644 7.176058
2.204704 7.296921
2.222522 7.422921
2.241074 7.554080
2.260332 7.689973
2.280266 7.830585
2.300841 7.975674
2.322015 8.125145
2.343746 8.278695
2.365991 8.436244
2.388700 8.620957
2.411829 8.786038
2.435326 8.954234
2.459136 9.147825
2.483207 9.321299
2.507484 9.496880
2.531915 9.673935
2.556458 9.852265
2.581064 10.031531
2.605688 10.211327
2.630290 10.391364
2.654834 10.571428
2.679287 10.751085
2.703623 10.930476
2.727823 11.109299
2.751866 11.287392
2.775738 11.464672
2.799424 11.641041
2.822904 11.816431
2.846156 11.990469
2.869143 12.163150
2.891823 12.334055
2.914125 12.502904
2.935958 12.668614
2.957203 12.830353
2.977722 12.987066
2.997352 13.137358
3.015918 13.279822
3.033252 13.413402
3.049216 13.536615
3.063737 13.649759
3.076821 13.753011
3.088573 13.847106
3.099166 13.933696
3.108824 14.014669
3.117790 14.092098
3.126306 14.168089
3.134597 14.244819
3.142867 14.323767
3.151288 14.406808
3.159996 14.495256
3.169091 14.589596
3.178624 14.690481
3.188604 14.798130
3.198990 14.912246
3.209701 15.044472
3.220626 15.169621
3.231644 15.298860
3.242625 15.430818
3.253403 15.563915
3.263735 15.695348
3.273250 15.820902
3.281389 15.934475
3.287374 16.027684
3.290222 16.089591
3.288830 16.109196
3.282188 16.075788
3.269701 15.983985
3.251509 15.834281
3.228430 15.633811
3.201612 15.393601
3.172243 15.125854
3.141401 14.842719
3.109967 14.554212
3.078604 14.267800
3.047764 13.989285
3.017703 13.721562
2.988506 13.465969
2.960126 13.222092
2.932395 12.988795
2.905069 12.763724
2.877842 12.544058
2.850384 12.327183
2.822398 12.109611
2.793656 11.888859
2.764035 11.663006
2.733530 11.431428
2.702232 11.193857
2.670322 10.951503
2.638024 10.705842
2.605588 10.458875
2.573264 10.212776
2.541280 9.969513
2.509836 9.722701
2.479098 9.491455
2.449198 9.268521
2.420233 9.055013
2.392274 8.851289
2.365363 8.657599
2.339524 8.474052
2.314762 8.300525
2.291071 8.136944
2.268433 8.002210
2.246821 7.857204
2.226209 7.721263
2.206568 7.593978
2.187864 7.474992
2.170061 7.363532
2.153130 7.259332
2.137043 7.161846
2.121776 7.070632
2.107309 6.985388
2.093632 6.905765
2.080744 6.831779
2.068653 6.763436
2.057371 6.701109
2.046921 6.644694
2.037334 6.594756
2.028636 6.551846
2.020858 6.516462
2.014023 6.488976
2.008148 6.469530
2.003246 6.458002
1.999320 6.454314
1.996360 6.458370
1.994346 6.469931
1.993242 6.488635
1.993003 6.514083
1.993567 6.545617
1.994858 6.582540
1.996778 6.623998
1.999221 6.668913
2.002066 6.716501
2.005192 6.765611
2.008463 6.815043
2.011753 6.864026
2.014943 6.911574
2.017938 6.957082
2.020670 6.999785
2.023109 7.039177
2.025262 7.075511
2.027169 7.108935
2.028904 7.139790
2.030574 7.168962
2.032291 7.197600
2.034173 7.226355
2.036338 7.256300
2.038883 7.288195
2.041881 7.322813
2.045370 7.360451
2.049338 7.401012
2.053711 7.443929
2.058345 7.488008
2.063005 7.531515
2.067387 7.571900
2.071105 7.606203
2.073719 7.630534
2.074780 7.641470
2.073879 7.635383
2.070737 7.610133
2.065242 7.564574
2.057477 7.498889
2.047711 7.415233
2.036340 7.305804
2.023835 7.196940
2.010676 7.081081
1.997316 6.961909
1.984149 6.843124
1.971511 6.727891
1.959680 6.622230
1.948866 6.520570
1.939226 6.428231
1.930872 6.346154
1.923886 6.275443
1.918316 6.216047
1.914194 6.168944
1.911528 6.133706
1.910321 6.110955
1.910567 6.100224
1.912251 6.101396
1.915359 6.114229
1.919878 6.138636
1.925787 6.174346
1.933066 6.221095
1.941697 6.278505
1.951661 6.346546
1.962936 6.424934
1.975505 6.513551
1.989354 6.612008
2.004460 6.720152
2.020807 6.837979
2.038376 6.965129
2.057149 7.101183
2.077094 7.245706
2.098192 7.398820
2.120420 7.560181
2.143742 7.729286
2.168117 7.906249
2.193511 8.090626
2.219881 8.281993
2.247175 8.479952
2.275333 8.683781
2.304291 8.892698
2.333972 9.106395
2.364294 9.323951
2.395170 9.544904
2.426507 9.768139
2.458202 9.993150
2.490152 10.219139
2.522245 10.445347
2.554371 10.670725
2.586420 10.894585
2.618280 11.116201
2.649848 11.334886
2.681024 11.549856
2.711708 11.760475
2.741812 11.965955
2.771258 12.165943
2.799963 12.293106
2.827863 12.479365
2.854901 12.658639
2.881028 12.830833
2.906198 12.995237
2.930379 13.151930
2.953544 13.300539
2.975674 13.441169
2.996744 13.573609
3.016739 13.697799
3.035634 13.813956
3.053402 13.921834
3.070009 14.020714
3.085406 14.110501
3.099548 14.190686
3.112374 14.260885
3.123816 14.320666
3.133808 14.369423
3.142283 14.407037
3.149175 14.433032
3.154423 14.447089
3.157969 14.448888
3.159759 14.438318
3.159758 14.415185
3.157936 14.379366
3.154284 14.330965
3.148805 14.269993
3.141527 14.196935
3.132498 14.112300
3.121789 14.016620
3.109494 13.910627
3.095730 13.795107
3.080629 13.671239
3.064343 13.540020
3.047024 13.402451
3.028825 13.259837
3.009901 13.112948
2.990390 12.962651
2.970428 12.810045
2.950132 12.655972
2.929601 12.501014
2.908927 12.338306
2.888181 12.183937
2.867425 12.030067
2.846705 11.877163
2.826061 11.725372
2.805523 11.575347
2.785118 11.427025
2.764867 11.280834
2.744788 11.136744
2.724895 11.006777
2.705203 10.866806
2.685725 10.729415
2.666475 10.594208
2.647463 10.461045
2.628699 10.329932
2.610192 10.201024
2.591951 10.073953
2.573988 9.948895
2.556311 9.825802
2.538926 9.704705
2.521842 9.585630
2.505062 9.468422
2.488596 9.353243
2.472447 9.240177
2.456619 9.129330
2.441110 9.020257
2.425930 8.913597
2.411082 8.809056
2.396567 8.706735
2.382386 8.606636
2.368536 8.508918
2.355018 8.413504
2.341832 8.320483
2.328972 8.229793
2.316433 8.141497
2.304209 8.055423
2.292297 7.971622
2.280688 7.890089
2.269375 7.810719
2.258351 7.733316
2.247605 7.658031
2.237127 7.584732
2.226909 7.513205
2.216944 7.443412
2.207219 7.395298
2.197728 7.327780
2.188464 7.261911
2.179419 7.197680
2.170584 7.135092
2.161951 7.073987
2.153515 7.014352
2.145272 6.956775
2.137225 6.900742
2.129370 6.846267
2.121704 6.809095
2.114229 6.758338
2.106943 6.709296
2.099847 6.662355
2.092942 6.617359
2.086230 6.574147
2.079716 6.532865
2.073401 6.493504
2.067283 6.456132
2.061365 6.420504
2.055649 6.386805
2.050133 6.355010
2.044818 6.325067
2.039699 6.296660
2.034772 6.270194
2.030031 6.250633
2.025469 6.226972
2.021072 6.204984
2.016832 6.184497
2.012732 6.165238
2.008756 6.147152
2.004884 6.129995
2.001096 6.113818
1.997370 6.098216
1.993683 6.083059
1.990005 6.068099
1.986313 6.053025
1.982585 6.037447
1.978795 6.021429
1.974921 6.004708
1.970941 5.987054
1.966838 5.982259
1.962595 5.962231
1.958202 5.940878
1.953650 5.918638
1.948935 5.894256
1.944056 5.868396
1.939015 5.840879
1.933820 5.816159
1.928490 5.785509
1.923051 5.753604
1.917524 5.720638
1.911937 5.686585
1.906319 5.651735
1.900702 5.616442
1.895120 5.580881
1.889602 5.545664
1.884189 5.510591
1.878916 5.476175
1.873818 5.442719
1.868926 5.410542
1.864274 5.380017
1.859890 5.351337
1.855803 5.325104
1.852041 5.301416
1.848619 5.280614
1.845564 5.262925
1.842897 5.248490
1.840630 5.237431
1.838777 5.230050
1.837342 5.226038
1.836327 5.225860
1.835736 5.229235
1.835563 5.236423
1.835798 5.247102
1.836426 5.261340
1.837427 5.278829
1.838773 5.303596
1.840429 5.326829
1.842360 5.352380
1.844521 5.379981
1.846862 5.408788
1.849329 5.438272
1.851865 5.468032
1.854411 5.497394
1.856904 5.525901
1.859285 5.552754
1.861490 5.577350
1.863468 5.599580
1.865169 5.618808
1.866551 5.634649
1.867581 5.646600
1.868228 5.654892
1.868480 5.658839
1.868333 5.658695
1.867799 5.654340
1.866903 5.645849
1.865681 5.633748
1.864187 5.618156
1.862483 5.599750
1.860645 5.579209
1.858752 5.557127
1.856888 5.534107
1.855146 5.511286
1.853612 5.489233
1.852369 5.468703
1.851490 5.450329
1.851047 5.434603
1.851098 5.421984
1.851690 5.413013
1.852868 5.408121
1.854666 5.407603
1.857108 5.411688
1.860210 5.420527
1.863982 5.434222
1.868426 5.452819
1.873540 5.476221
1.879316 5.504673
1.885743 5.537854
1.892806 5.575676
1.900484 5.617974
1.908762 5.664603
1.917621 5.715378
1.927040 5.770528
1.937002 5.829978
1.947488 5.893605
1.958485 5.961363
1.969981 6.033259
1.981966 6.109361
1.994436 6.189576
2.007389 6.274080
2.020826 6.362662
2.034754 6.455668
2.049179 6.553022
2.064112 6.654787
2.079564 6.760904
2.095544 6.871571
2.112064 6.985964
2.129140 7.104954
2.146782 7.228281
2.165003 7.355695
2.183814 7.487408
2.203229 7.622954
2.223256 7.762425
2.243913 7.905904
2.265207 8.053102
2.287154 8.204253
2.309769 8.359192
2.333065 8.517914
2.357058 8.680261
2.381766 8.846737
2.407212 9.016889
2.433422 9.191173
2.460426 9.369528
2.488255 9.552095
2.516948 9.739065
2.546547 9.930648
2.577094 10.127018
2.608636 10.328594
2.641219 10.535767
2.674890 10.748476
2.709686 10.967157
2.745634 11.192171
2.782749 11.423515
2.821010 11.661527
2.860372 11.905751
2.900743 12.155927
2.941987 12.411679
2.983917 12.672067
3.026306 12.936041
3.068895 13.202709
3.111412 13.470172
3.153592 13.737199
3.195192 14.002406
3.235999 14.264424
3.275848 14.522392
3.314615 14.714594
3.352208 14.959030
3.388565 15.197134
3.423640 15.428295
3.457405 15.651963
3.489835 15.867850
3.520904 16.075315
3.550592 16.274267
3.578867 16.463996
3.605703 16.535514
3.631071 16.702528
3.654933 16.859116
3.677250 17.005253
3.697985 17.140884
3.717092 17.266249
3.734533 17.381506
3.750263 17.486792
3.764243 17.581948
3.776444 17.666234
3.786838 17.739089
3.795406 17.799899
3.802141 17.848382
3.807041 17.884380
3.810114 17.907872
3.811377 17.918939
3.810852 17.917488
3.808567 17.903277
3.804551 17.876442
3.798837 17.837058
3.791454 17.785337
3.782434 17.721374
3.771807 17.645507
3.759605 17.558075
3.745852 17.317745
3.730592 17.208794
3.713868 17.089399
3.695730 16.959999
3.676238 16.821007
3.655461 16.673085
3.633472 16.516559
3.610350 16.352029
3.586179 16.179874
3.561043 16.000762
3.535029 15.815121
3.508230 15.623798
3.480748 15.427355
3.452685 15.226706
3.424146 15.022619
3.395232 14.815711
3.366042 14.606720
3.336668 14.396184
3.307195 14.184524
3.277706 13.972419
3.248276 13.760260
3.218970 13.548440
3.189847 13.337268
3.160965 13.127083
3.132376 12.918265
3.104131 12.711048
3.076283 12.505880
3.048886 12.303073
3.021989 12.103253
2.995641 11.906733
2.969895 11.714211
2.944799 11.526336
2.920400 11.343773
2.896744 11.167417
2.873876 10.997883
2.851843 10.836321
2.830686 10.697659
2.810443 10.553222
2.791150 10.418450
2.772838 10.293705
2.755531 10.179467
2.739248 10.075747
2.724007 9.983012
2.709808 9.901077
2.696647 9.829348
2.684503 9.767068
2.673340 9.712949
2.663106 9.665884
2.653722 9.624813
2.645085 9.588481
2.637064 9.555310
2.629499 9.523880
2.622201 9.492286
2.614955 9.458398
2.607543 9.420404
2.599751 9.376270
2.591395 9.324491
2.582352 9.263687
2.572569 9.193517
2.562087 9.114299
2.551023 9.026460
2.539557 8.931906
2.527907 8.832571
2.516311 8.730446
2.505003 8.627721
2.494198 8.527138
2.484080 8.431708
2.474796 8.344551
2.466459 8.267481
2.459141 8.200624
2.452878 8.143111
2.447681 8.093981
2.443528 8.052799
2.440386 8.020302
2.438204 7.996994
2.436924 7.982054
2.436482 7.975710
2.436810 7.978731
2.437845 7.987352
2.439515 8.012558
2.441745 8.049021
2.444453 8.096175
2.447542 8.151601
2.450913 8.212840
2.454448 8.277994
2.458019 8.344860
2.461488 8.411399
2.464708 8.475564
2.467523 8.536224
2.469774 8.591637
2.471305 8.640564
2.471966 8.681376
2.471622 8.712651
2.470162 8.733234
2.467497 8.742259
2.463572 8.738622
2.458359 8.721961
2.451861 8.692256
2.444108 8.649739
2.435168 8.594737
2.425137 8.528157
2.414131 8.451016
2.402288 8.365684
2.389760 8.271802
2.376705 8.171662
2.363288 8.067181
2.349679 7.960110
2.336036 7.851906
2.322513 7.744453
2.309233 7.638820
2.296292 7.535909
2.283748 7.436594
2.271622 7.341244
2.259909 7.249534
2.248575 7.161498
2.237563 7.076805
2.226798 6.994764
2.216195 6.914687
2.205658 6.835736
2.195098 6.756863
2.184427 6.677474
2.173565 6.597061
2.162453 6.515018
2.151052 6.430715
2.139341 6.344137
2.127333 6.255503
2.115057 6.165022
2.102562 6.073119
2.089913 5.980533
2.077187 5.887986
2.064465 5.796361
2.051830 5.706259
2.039364 5.618155
2.027141 5.533223
2.015224 5.451648
2.003669 5.374004
1.992516 5.300572
1.981796 5.231521
1.971532 5.166657
1.961736 5.105564
1.952411 5.048250
