Vs+E_c p
143338.421059 3166327.328289
1959.673356 9980.788486
1026.377588 4478.685512
777.685182 3128.440175
646.890912 2416.864655
565.062401 1967.875685
508.872299 1655.915651
467.909026 1425.974567
436.775061 1249.709388
412.333486 1110.846152
392.661424 999.305295
376.477514 908.464517
362.923526 833.796208
351.377487 772.058080
341.396767 720.855235
332.643338 678.379867
324.929958 643.268460
317.906604 614.266260
311.465578 590.374730
305.653218 570.408772
300.113318 554.547314
294.777894 540.296113
289.739166 527.675353
284.832960 516.649220
279.953245 506.126326
275.218433 495.483053
270.586117 485.049268
266.049671 474.683715
261.679633 465.135203
257.462316 456.099183
253.368642 447.728288
249.443334 439.738500
245.586721 432.470399
241.916647 425.214450
238.272953 418.826933
234.757683 412.132016
231.337710 405.803533
227.998341 399.510420
224.747619 393.415803
221.585087 387.540571
218.508962 381.914031
215.517212 376.536697
212.607360 371.403841
209.777984 366.503351
207.029366 361.825383
204.365395 357.363710
201.788089 353.121797
199.270855 349.094490
196.806866 345.212785
194.402665 341.463662
192.058297 337.862914
189.771401 334.415428
187.538678 331.117783
185.357948 327.963674
183.226292 324.945943
181.142168 322.053892
179.103028 319.276063
177.107611 316.605306
175.153377 314.040982
173.239139 311.581476
171.362202 309.222308
169.520984 306.953306
167.712826 304.756868
165.936237 302.615705
164.190073 300.512738
162.473535 298.441762
160.787969 296.401742
159.132109 294.403941
157.508887 292.448068
155.914424 290.537371
154.351653 288.653009
152.814713 286.790487
151.306545 284.931612
149.822104 283.081130
148.364135 281.230330
146.928004 279.387377
145.517411 277.546796
144.126427 275.725971
142.762292 273.926127
141.418967 272.172853
140.106023 270.474495
138.818283 268.866244
137.563780 267.355575
136.335078 265.966104
135.137485 264.684251
133.963091 263.518669
132.816659 262.445704
131.690911 261.471757
130.589339 260.570282
129.505675 259.741990
128.441319 258.960759
127.391531 258.220915
126.355694 257.499910
125.331006 256.786630
124.316367 256.065855
123.310958 255.328998
122.314911 254.574004
121.328913 253.804576
120.353410 253.030311
119.387400 252.257667
118.428142 251.483839
117.474298 250.695809
116.527103 249.889763
115.588395 249.071948
114.659518 248.251299
113.741283 247.435073
112.834201 246.627578
111.938713 245.832725
111.055424 245.054731
110.185531 244.297780
109.331864 243.567754
108.498732 242.875439
107.676526 242.230776
106.859851 241.598545
106.054109 240.971875
105.261808 240.369474
104.483997 239.800257
103.720677 239.268901
102.970666 238.776313
102.234122 238.320719
101.514686 237.904761
100.824968 237.541401
100.151120 237.263449
99.503450 237.033829
98.854617 236.883101
98.214519 236.735212
97.577040 236.609564
96.945142 236.489659
96.317496 236.376923
95.692919 236.262755
95.070270 236.139400
94.448534 235.999430
93.826823 235.836418
93.204383 235.643829
92.580594 235.415546
91.954986 235.145743
91.327265 234.828884
90.697356 234.460735
90.065416 234.040694
89.431820 233.570466
88.797121 233.055975
88.161989 232.504337
87.527122 231.924585
86.893153 231.324702
86.260590 230.710434
85.629812 230.085789
85.001073 229.451773
84.374481 228.805699
83.750003 228.145859
83.127791 227.474580
82.508525 226.798750
81.893144 226.130149
81.282331 225.478792
80.676415 224.852381
80.075504 224.255035
79.479564 223.689157
78.888465 223.155860
78.302010 222.654800
77.719932 222.185606
77.141877 221.746862
76.567367 221.335920
75.995775 220.945412
75.426335 220.564850
74.858239 220.179784
74.290813 219.775774
73.723735 219.340686
73.157178 218.868604
72.591744 218.361312
72.028172 217.824430
71.467077 217.265991
70.909079 216.694347
70.355314 216.118043
69.809231 215.546489
69.288242 214.995335
68.753615 214.510112
68.228770 213.994279
67.702931 213.503344
67.181370 213.016083
66.662933 212.543903
66.147814 212.084767
65.635782 211.638612
65.126709 211.203701
64.620451 210.778761
64.116875 210.362035
63.615838 209.952086
63.117169 209.546186
62.620641 209.140729
62.125957 208.731677
61.632738 208.313636
61.140557 207.880301
60.649019 207.425148
60.157876 206.942498
59.667150 206.428310
59.177175 205.883299
58.688540 205.310868
58.201951 204.717642
57.718067 204.111186
57.237401 203.497615
56.760283 202.882425
56.286869 202.268710
55.817159 201.658015
55.351008 201.049934
54.888128 200.443360
54.428067 199.836086
53.970230 199.224540
53.513990 198.604286
53.058800 197.970192
52.604288 197.317059
52.150290 196.641363
51.696843 195.940464
51.244166 195.213965
50.792611 194.462105
50.342603 193.685310
49.894567 192.884299
49.448919 192.060913
49.006059 191.217429
48.566379 190.356451
48.130261 189.481554
47.698058 188.595668
47.270075 187.702326
46.846525 186.804344
46.427489 185.902158
46.012872 184.995781
45.602360 184.083539
45.195384 183.161979
44.791119 182.225574
44.388524 181.266382
43.986455 180.274610
43.583883 179.240263
43.180160 178.154973
42.775268 177.015236
42.369880 175.825177
41.965203 174.595060
41.562737 173.339302
41.164037 172.073717
40.770464 170.813163
40.383040 169.569761
40.002410 168.352339
39.628887 167.167130
39.262527 166.016518
38.903243 164.902560
38.550879 163.825701
38.205286 162.784301
37.866288 161.776163
37.533606 160.798218
37.206791 159.846995
36.885234 158.917083
36.568257 158.002855
36.255239 157.099278
35.945795 156.201850
35.639954 155.309250
35.338167 154.421095
35.040561 153.539504
34.745652 152.666194
34.451765 151.799854
34.159162 150.938385
33.868581 150.080944
33.580435 149.227853
33.295183 148.378892
33.013313 147.535190
32.735267 146.697602
32.461400 145.867908
32.191994 145.047692
31.927271 144.240296
31.667401 143.447775
31.412467 142.672673
31.162433 141.916689
30.917153 141.181144
30.676382 140.465281
30.439798 139.768260
30.207028 139.089162
29.977662 138.425780
29.751263 137.775906
29.527368 137.137107
29.305485 136.506943
29.085094 135.880548
28.865637 135.252840
28.646509 134.618491
28.427065 133.970440
28.206637 133.301192
27.984615 132.602346
27.760562 131.865579
27.534373 131.084939
27.306383 130.258999
27.077321 129.390314
26.848137 128.486887
26.619831 127.558843
26.393317 126.615743
26.169361 125.667744
25.948549 124.721248
25.731313 123.782384
25.517948 122.854960
25.308657 121.941735
25.103572 121.044665
24.902779 120.164921
24.706331 119.302640
24.514259 118.458501
24.326572 117.632451
24.143268 116.824888
23.964323 116.036140
23.789686 115.265960
23.619264 114.514773
23.452886 113.782078
23.290280 113.067287
23.131077 112.369053
22.974873 111.685912
22.821290 111.016626
22.670009 110.359114
22.520769 109.712211
22.373375 109.074519
22.227683 108.444860
22.083601 107.822659
21.941056 107.207569
21.799993 106.599913
21.660349 105.998508
21.522075 105.403498
21.385125 104.814793
21.249491 104.232292
21.115199 103.656632
20.982341 103.088981
20.851050 102.530862
20.721519 101.984139
20.593950 101.450980
20.468549 100.933623
20.345466 100.433940
20.224804 99.953135
20.106583 99.491636
19.990755 99.049217
19.877183 98.625447
19.765658 98.218768
19.655895 97.826979
19.547575 97.447170
19.440350 97.076376
19.333891 96.711051
19.227920 96.348750
19.122249 95.987284
19.016789 95.625672
18.911562 95.263896
18.806667 94.902995
18.702277 94.544141
18.598583 94.189833
18.495792 93.842779
18.394093 93.504843
18.293676 93.177480
18.194697 92.862367
18.097313 92.560631
18.001641 92.272878
17.907797 91.999822
17.815850 91.741935
17.725835 91.499008
17.637715 91.269523
17.551391 91.051994
17.466685 90.843218
17.383379 90.639323
17.301236 90.436172
17.220086 90.229435
17.139873 90.016402
17.060675 89.796215
16.982581 89.569993
16.905647 89.339056
16.829841 89.105251
16.755057 88.869935
16.681105 88.633656
16.607783 88.397248
16.534864 88.160304
16.462168 87.923591
16.389527 87.686918
16.316826 87.450974
16.243952 87.216074
16.170832 86.983452
16.097369 86.753581
16.023485 86.526790
15.949075 86.303323
15.874057 86.083649
15.798339 85.866425
15.721895 85.651133
15.644711 85.437541
15.566840 85.225771
15.488336 85.015358
15.409284 84.804744
15.329757 84.593611
15.249836 84.381250
15.169565 84.167443
15.088996 83.952340
15.008143 83.734357
14.927030 83.513155
14.845649 83.287487
14.764003 83.056461
14.682077 82.819843
14.599857 82.576878
14.517323 82.326446
14.434461 82.068127
14.351241 81.801553
14.267642 81.525886
14.183632 81.240220
14.099195 80.944109
14.014313 80.636459
13.929001 80.317173
13.843278 79.986284
13.757206 79.643811
13.670868 79.290551
13.584393 78.927838
13.497930 78.557111
13.411669 78.180180
13.325804 77.799550
13.240547 77.417565
13.156085 77.036796
13.072618 76.659808
12.990305 76.288541
12.909309 75.925230
12.829750 75.571771
12.751756 75.229198
12.675415 74.898992
12.600832 74.582145
12.528066 74.279330
12.457203 73.991940
12.388277 73.720623
12.321360 73.465155
12.256464 73.226538
12.193646 73.005124
12.132905 72.801116
12.074293 72.615346
12.017803 72.447587
11.963493 72.299198
11.911352 72.171127
11.861452 72.063345
11.813780 71.977139
11.768415 71.912738
11.725329 71.871025
11.684582 71.852176
11.646076 71.856756
11.609780 71.883843
11.575429 71.932635
11.542750 72.000236
11.511097 72.082521
11.479707 72.171645
11.447413 72.254718
11.413104 72.316234
11.375772 72.343479
11.335633 72.334257
11.293123 72.293661
11.248625 72.226922
11.202035 72.138764
11.153232 72.027904
11.101607 71.892489
11.046779 71.726639
10.988194 71.524173
10.925968 71.282242
10.860326 71.001939
10.792160 70.689654
10.721981 70.353612
10.650588 70.001641
10.578191 69.640176
10.505356 69.273969
10.432028 68.906251
10.358619 68.539810
10.284885 68.175789
10.211180 67.815265
10.137140 67.458251
10.063132 67.104871
9.988719 66.754768
9.914332 66.407713
9.839453 66.063276
9.764568 65.721419
9.689042 65.380967
9.613396 65.041617
9.536869 64.702296
9.460041 64.361597
9.382075 64.018753
9.303660 63.672179
9.223914 63.320057
9.143624 62.960904
9.061905 62.593411
8.979632 62.216459
8.895984 61.829403
8.811926 61.432070
8.726772 61.025352
8.641518 60.610197
8.555628 60.188339
8.470041 59.761703
8.384355 59.332761
8.299371 58.903464
8.214810 58.475647
8.131305 58.051613
8.048682 57.632937
7.967409 57.221437
7.887391 56.818494
7.808949 56.425485
7.732037 56.043431
7.656854 55.673760
7.583371 55.317119
7.511692 54.973460
7.441787 54.643159
7.373684 54.326265
7.307336 54.022659
7.242718 53.731888
7.179766 53.453474
7.118418 53.186694
7.058594 52.931098
7.000208 52.685742
6.943163 52.449764
6.887361 52.222217
6.832701 52.001987
6.779079 51.787680
6.726390 51.578424
6.674537 51.373491
6.623425 51.171596
6.572963 50.971389
6.523074 50.772320
6.473694 50.573044
6.424773 50.372949
6.376271 50.171736
6.328166 49.968932
6.280444 49.764228
6.233103 49.557537
6.186146 49.349353
6.139577 49.139706
6.093404 48.928769
6.047628 48.716800
6.002246 48.503806
5.957245 48.290318
5.912604 48.076091
5.868295 47.861372
5.824280 47.645801
5.780513 47.430073
5.736946 47.213452
5.693525 46.996365
5.650205 46.778942
5.606946 46.561216
5.563725 46.343729
5.520524 46.126692
5.477339 45.910691
5.434169 45.696299
5.391010 45.483788
5.347855 45.273478
5.304691 45.065316
5.261487 44.859683
5.218202 44.656388
5.174769 44.455176
5.131102 44.254717
5.087085 44.054524
5.042584 43.852799
4.997448 43.648638
4.951536 43.439445
4.904728 43.224114
4.856938 43.001142
4.808132 42.769672
4.758327 42.593557
4.707593 42.343999
4.656039 42.086237
4.603801 41.821306
4.551025 41.550373
4.497868 41.335698
4.444480 41.056534
4.391007 40.775480
4.337584 40.493807
4.284334 40.212387
4.231369 39.932355
4.178785 39.738480
4.126672 39.463242
4.075104 39.191483
4.024145 38.924145
3.973849 38.661334
3.924259 38.403785
3.875405 38.151331
3.827319 37.904851
3.780012 37.663833
3.733501 37.429041
3.687786 37.200107
3.642865 36.977343
3.598725 36.760488
3.555358 36.549593
3.512737 36.344659
3.470843 36.145445
3.429639 35.996892
3.389101 35.808121
3.349184 35.624303
3.309855 35.445505
3.271067 35.271146
3.232783 35.100948
3.194952 34.934331
3.157537 34.771459
3.120484 34.611825
3.083755 34.454932
3.047294 34.300563
3.011064 34.148796
2.975005 33.998918
2.939084 33.851048
2.903239 33.704452
2.867439 33.558775
2.831621 33.413573
2.795758 33.268246
2.759794 33.122534
2.723714 32.975555
2.687477 32.826881
2.651096 32.676173
2.614557 32.522868
2.577909 32.367245
2.541172 32.208967
2.504421 32.048735
2.467682 31.963884
2.431030 31.825723
2.394482 31.677610
2.358101 31.511988
2.321888 31.346625
2.285891 31.181562
2.250092 31.017166
2.214526 30.853667
2.179162 30.691134
2.144032 30.529806
2.109092 30.369591
2.074366 30.210538
2.039810 30.123509
2.005445 29.966005
1.971223 29.879292
1.937171 29.722862
1.903236 29.567576
1.869446 29.412672
1.835752 29.258589
1.802192 29.104940
1.768719 29.017248
1.735381 28.863796
1.702132 28.711045
1.669033 28.558765
1.636044 28.469654
1.603233 28.318049
1.570565 28.167687
1.538117 28.018436
1.505856 27.870446
1.473867 27.724434
1.442118 27.580077
1.410701 27.437855
1.379578 27.297807
1.348847 27.160404
1.318466 27.025612
1.288536 26.893749
1.259008 26.764977
1.229984 26.639541
1.201410 26.517712
1.173390 26.399153
1.145864 26.284217
1.118935 26.173296
1.092536 26.066194
1.066769 25.963197
1.041561 25.864640
1.017010 25.770000
0.993042 25.699475
0.969747 25.627420
0.947048 25.545757
0.925025 25.468628
0.903604 25.396104
0.882855 25.327983
0.862707 25.264121
0.843211 25.204275
0.824307 25.148828
0.806029 25.097366
0.788327 25.049962
0.771220 25.006400
0.754669 24.966363
0.738679 24.930136
0.723221 24.897414
0.708287 24.868040
0.693860 24.841969
0.679933 24.818720
0.666491 24.798399
0.653527 24.781552
0.641034 24.801029
0.629005 24.790070
0.617437 24.782213
0.606321 24.777753
0.595652 24.776366
0.585418 24.778228
0.575602 24.783304
0.566178 24.791207
0.557110 24.801505
0.548349 24.842992
0.539826 24.855494
0.531463 24.867853
0.523170 24.879010
0.514852 24.887327
0.506416 24.892387
0.497792 24.892024
0.488929 24.886105
0.479804 24.874172
0.470420 24.856557
0.460807 24.833571
0.451011 24.806592
0.441097 24.776794
0.431127 24.745591
0.421162 24.713966
0.411254 24.683002
0.401450 24.653517
0.391777 24.626055
0.382254 24.601272
0.372890 24.560067
0.363679 24.541038
0.354599 24.525102
0.345616 24.511789
0.336676 24.499999
0.327717 24.488903
0.318665 24.477804
0.309450 24.465094
0.300010 24.450262
0.290305 24.431872
0.280315 24.409497
0.270045 24.383143
0.259527 24.352996
0.248803 24.319322
0.237936 24.283288
0.226988 24.245498
0.216020 24.206933
0.205084 24.168138
0.194223 24.129807
0.183463 24.092321
0.172812 24.055618
0.162264 24.019803
0.151796 23.984431
0.141369 23.948755
0.130925 23.923261
0.120398 23.882305
0.109712 23.862233
0.098789 23.813366
0.087554 23.759004
0.075945 23.719179
0.063927 23.650709
0.051489 23.574253
0.038645 23.490277
0.025420 23.398851
0.011864 23.300672
-0.001971 23.196450
-0.016023 23.086973
-0.030231 22.973513
-0.044537 22.856884
-0.058884 22.738439
-0.073223 22.618886
-0.087508 22.499146
-0.101697 22.380050
-0.115758 22.262260
-0.129659 22.146509
-0.143376 22.032975
-0.156892 21.922478
-0.170187 21.814858
-0.183250 21.710680
-0.196071 21.610015
-0.208640 21.512932
-0.220952 21.419689
-0.233003 21.330119
-0.244787 21.244479
-0.256293 21.162777
-0.267517 21.085012
-0.278442 21.011678
-0.289055 20.942873
-0.299342 20.879213
-0.309286 20.820466
-0.318865 20.780714
-0.328056 20.733088
-0.336838 20.691017
-0.345190 20.654828
-0.353090 20.624372
-0.360520 20.599650
-0.367463 20.565445
-0.373906 20.550525
-0.379836 20.540389
-0.385245 20.534969
-0.390129 20.533846
-0.394487 20.536638
-0.398316 20.542946
-0.401621 20.552775
-0.404402 20.565732
-0.406666 20.581563
-0.408415 20.604134
-0.409652 20.624841
-0.410382 20.648342
-0.410606 20.674448
-0.410325 20.703247
-0.409537 20.734647
-0.408238 20.768973
-0.406421 20.806742
-0.404075 20.848349
-0.401188 20.893998
-0.397748 20.944545
-0.393737 21.000537
-0.389143 21.062277
-0.383951 21.130385
-0.378148 21.205522
-0.371723 21.287920
-0.364671 21.378086
-0.356989 21.476219
-0.348683 21.582559
-0.339767 21.696373
-0.330256 21.817910
-0.320179 21.946164
-0.309569 22.081176
-0.298469 22.221568
-0.286926 22.367311
-0.274993 22.517320
-0.262730 22.670424
-0.250197 22.825835
-0.237457 22.982197
-0.224572 23.138676
-0.211607 23.294003
-0.198635 23.447211
-0.185729 23.597074
-0.172976 23.741937
-0.160477 23.880226
-0.148350 24.010141
-0.136730 24.129393
-0.125767 24.235957
-0.115609 24.327434
-0.106389 24.401931
-0.098203 24.458524
-0.091098 24.496405
-0.085056 24.516245
-0.080010 24.519549
-0.075853 24.508093
-0.072440 24.484234
-0.069620 24.461255
-0.067237 24.421376
-0.065150 24.377193
-0.063228 24.331530
-0.061365 24.286361
-0.059469 24.243461
-0.057474 24.204731
-0.055322 24.171329
-0.052979 24.144937
-0.050417 24.126153
-0.047629 24.116270
-0.044608 24.115400
-0.041370 24.123866
-0.037924 24.141326
-0.034301 24.166649
-0.030524 24.198790
-0.026635 24.236046
-0.022669 24.279233
-0.018674 24.328671
-0.014689 24.370764
-0.010762 24.412014
-0.006938 24.451272
-0.003259 24.487427
0.000232 24.519504
0.003505 24.546640
0.006530 24.568529
0.009280 24.584638
0.011739 24.594418
0.013892 24.597691
0.015725 24.594671
0.017234 24.585247
0.018417 24.569661
0.019276 24.548102
0.019817 24.520906
0.020050 24.488325
0.019994 24.450901
0.019673 24.409142
0.019122 24.364288
0.018383 24.317003
0.017500 24.268741
0.016529 24.220300
0.015537 24.173242
0.014587 24.128217
0.013749 24.106346
0.013090 24.069413
0.012672 24.037632
0.012553 24.012388
0.012784 23.994416
0.013404 23.984372
0.014447 23.982203
0.015940 23.988205
0.017900 24.002555
0.020334 24.025227
0.023245 24.055556
0.026634 24.093276
0.030490 24.137901
0.034799 24.189063
0.039541 24.246133
0.044695 24.308695
0.050233 24.375578
0.056125 24.445758
0.062336 24.518546
0.068829 24.592923
0.075568 24.667859
0.082522 24.742495
0.089665 24.816640
0.096983 24.889797
0.104468 24.961477
0.112126 25.031866
0.119971 25.100775
0.128027 25.168421
0.136320 25.235434
0.144880 25.302558
0.153736 25.370184
0.162915 25.439378
0.172438 25.510496
0.182316 25.584383
0.192553 25.661144
0.203136 25.741553
0.214039 25.825472
0.225230 25.912996
0.236669 26.004001
0.248312 26.098220
0.260119 26.195491
0.272056 26.295681
0.284096 26.398543
0.296215 26.503860
0.308395 26.612167
0.320617 26.722628
0.332864 26.835001
0.345114 26.949437
0.357331 27.065285
0.369472 27.182458
0.381473 27.299288
0.393257 27.414682
0.404725 27.526934
0.415757 27.633686
0.426217 27.732569
0.435953 27.820927
0.444817 27.896016
0.452676 27.955619
0.459430 27.997675
0.465025 28.020861
0.469463 28.024691
0.472780 28.009521
0.475048 27.976105
0.476364 27.925569
0.476834 27.885316
0.476575 27.804607
0.475701 27.711689
0.474322 27.608325
0.472541 27.496431
0.470446 27.377893
0.468116 27.253933
0.465614 27.125827
0.462997 26.994857
0.460311 26.862421
0.457596 26.729331
0.454885 26.596591
0.452216 26.465284
0.449622 26.336219
0.447134 26.209467
0.444792 26.086184
0.442631 25.966635
0.440688 25.851583
0.439000 25.741659
0.437597 25.637670
0.436507 25.540246
0.435748 25.450370
0.435335 25.367286
0.435274 25.291273
0.435564 25.221759
0.436196 25.158849
0.437156 25.102545
0.438430 25.052302
0.439997 25.008146
0.441837 24.969865
0.443925 24.937467
0.446241 24.910505
0.448767 24.889249
0.451491 24.873658
0.454405 24.863707
0.457510 24.858945
0.460810 24.859693
0.464311 24.866086
0.468016 24.878035
0.471924 24.895655
0.476031 24.918356
0.480318 24.945181
0.484761 24.976234
0.489324 25.050809
0.493965 25.086139
0.498630 25.121742
0.503272 25.156967
0.507840 25.190572
0.512294 25.222111
0.516603 25.250315
0.520754 25.275141
0.524748 25.296618
0.528606 25.315355
0.532361 25.331261
0.536059 25.345452
0.539753 25.358706
0.543501 25.372270
0.547360 25.387198
0.551383 25.404321
0.555624 25.425500
0.560133 25.451489
0.564958 25.504069
0.570139 25.542958
0.575718 25.590124
0.581735 25.628302
0.588227 25.694011
0.595240 25.802542
0.602816 25.888789
0.611003 25.985621
0.619847 26.123315
0.629395 26.243344
0.639686 26.400740
0.650754 26.548806
0.662613 26.711981
0.675253 26.890514
0.688631 27.083658
0.702675 27.290275
0.717294 27.509030
0.732393 27.738614
0.747870 27.976543
0.763629 28.221508
0.779578 28.471253
0.795628 28.723813
0.811695 28.977263
0.827690 29.229409
0.843518 29.478199
0.859062 29.721885
0.874179 29.958690
0.888694 30.186085
0.902413 30.402227
0.915122 30.603771
0.926604 30.787396
0.936632 30.950622
0.944982 31.089357
0.951425 31.199923
0.955754 31.278971
0.957784 31.322499
0.957397 31.328580
0.954564 31.296035
0.949357 31.225258
0.941936 31.118824
0.932529 30.980141
0.921423 30.814141
0.908938 30.626601
0.895399 30.423657
0.881117 30.209717
0.866361 29.990023
0.851342 29.768415
0.836219 29.547864
0.821101 29.329564
0.806058 29.114865
0.791143 28.903782
0.776411 28.696988
0.761937 28.495513
0.747825 28.300724
0.734193 28.114445
0.721150 27.938620
0.708791 27.774988
0.697186 27.624465
0.686383 27.488217
0.676400 27.336017
0.667239 27.229249
0.658872 27.136829
0.651258 27.058085
0.644332 26.991760
0.638016 26.935790
0.632219 26.888208
0.626840 26.847310
0.621770 26.811170
0.616903 26.777434
0.612141 26.744425
0.607400 26.710612
0.602610 26.674473
0.597732 26.635004
0.592754 26.591532
0.587684 26.543942
0.582559 26.493435
0.577430 26.440657
0.572365 26.386220
0.567433 26.331531
0.562710 26.277407
0.558268 26.225195
0.554179 26.176392
0.550511 26.131392
0.547325 26.091295
0.544685 26.056359
0.542646 26.027355
0.541245 26.004158
0.540496 25.986734
0.540370 25.974805
0.540823 25.968463
0.541835 25.967492
0.543442 25.972411
0.545723 25.984025
0.548768 26.003122
0.552671 26.031215
0.557509 26.069849
0.563340 26.120371
0.570198 26.183566
0.578087 26.260145
0.586979 26.350090
0.596818 26.453187
0.607520 26.568013
0.618981 26.693488
0.631072 26.828151
0.643644 26.969869
0.656520 27.116143
0.669499 27.264658
0.682349 27.412115
0.694834 27.555854
0.706731 27.692924
0.717865 27.821029
0.728130 27.938599
0.737485 28.044870
0.745940 28.139385
0.753538 28.182457
0.760344 28.253850
0.766430 28.314900
0.771870 28.366302
0.776728 28.408843
0.781054 28.442920
0.784891 28.469549
0.788268 28.488967
0.791205 28.502113
0.793720 28.509627
0.795829 28.512192
0.797557 28.510807
0.798935 28.505845
0.800004 28.498280
0.800816 28.488752
0.801437 28.478809
0.801938 28.469365
0.802394 28.462276
0.802874 28.505085
0.803449 28.504774
0.804177 28.510615
0.805102 28.523941
0.806252 28.545819
0.807642 28.577128
0.809267 28.617957
0.811107 28.668359
0.813128 28.727804
0.815276 28.795913
0.817487 28.871380
0.819680 28.953134
0.821758 29.040129
0.823622 29.129646
0.825178 29.220596
0.826337 29.311028
0.827038 29.399885
0.827239 29.485995
0.826914 29.568711
0.826045 29.647707
0.824618 29.722730
0.822615 29.793608
0.820010 29.859771
0.816780 29.919943
0.812897 29.972446
0.808332 30.015962
0.803051 30.049261
0.797026 30.070386
0.790226 30.077781
0.782622 30.070056
0.774199 30.045961
0.764966 30.004495
0.754959 29.945464
0.744241 29.869474
0.732885 29.777530
0.720957 29.670925
0.708498 29.562572
0.695529 29.432108
0.682056 29.291577
0.668089 29.142112
0.653653 28.984784
0.638787 28.820541
0.623538 28.650618
0.607961 28.476500
0.592118 28.298882
0.576071 28.119003
0.559882 27.937381
0.543606 27.755051
0.527293 27.572555
0.510987 27.390745
0.494726 27.210182
0.478541 27.030784
0.462456 26.852870
0.446495 26.676892
0.430675 26.503173
0.415015 26.331332
0.399536 26.161695
0.384264 25.993877
0.369229 25.828168
0.354461 25.664671
0.340004 25.503800
0.325901 25.346174
0.312200 25.192128
0.298953 25.042325
0.286215 24.897327
0.274042 24.757784
0.262491 24.624403
0.251618 24.497823
0.241480 24.378873
0.232130 24.268614
0.223618 24.167219
0.215994 24.075747
0.209301 23.994859
0.203578 23.925342
0.198863 23.867466
0.195183 23.821717
0.192563 23.788236
0.191021 23.767601
0.190567 23.759934
0.191202 23.765462
0.192919 23.784241
0.195699 23.816291
0.199507 23.861827
0.204292 23.920150
0.209984 23.990291
0.216492 24.072111
0.223709 24.162506
0.231508 24.260527
0.239759 24.364518
0.248341 24.471569
0.257148 24.580108
0.266098 24.718587
0.275128 24.825261
0.284184 24.929879
0.293223 25.031180
0.302199 25.128644
0.311065 25.221626
0.319778 25.309228
0.328301 25.391188
0.336615 25.467176
0.344725 25.537712
0.352651 25.603530
0.360424 25.665070
0.368079 25.723361
0.375650 25.779631
0.383170 25.834766
0.390672 25.890178
0.398183 25.946522
0.405730 26.004643
0.413335 26.036106
0.421016 26.096937
0.428779 26.159745
0.436622 26.224096
0.444526 26.290092
0.452453 26.357258
0.460357 26.425161
0.468177 26.492873
0.475839 26.559475
0.483262 26.628998
0.490361 26.650741
0.497045 26.705265
0.503216 26.754221
0.508780 26.796755
0.513640 26.831429
0.517713 26.857884
0.520931 26.875729
0.523253 26.884437
0.524666 26.884001
0.525190 26.874013
0.524870 26.854411
0.523777 26.825216
0.521998 26.787515
0.519627 26.742078
0.516762 26.689456
0.513493 26.630857
0.509900 26.567177
0.506045 26.499181
0.501973 26.427219
0.497705 26.351761
0.493242 26.272128
0.488567 26.188149
0.483650 26.098944
0.478462 26.004381
0.472971 25.903625
0.467163 25.796521
0.461043 25.683621
0.454637 25.564679
0.447991 25.440710
0.441167 25.312471
0.434229 25.181543
0.427243 25.049078
0.420276 24.916170
0.413385 24.784258
0.406627 24.654898
0.400050 24.529037
0.393705 24.407669
0.387635 24.292062
0.381884 24.183170
0.376493 24.082461
0.371506 23.990304
0.366960 23.907019
0.362894 23.833783
0.359344 23.770803
0.356337 23.717978
0.353902 23.661471
0.352059 23.629633
0.350824 23.607011
0.350211 23.594093
0.350233 23.590520
0.350900 23.596649
0.352230 23.612275
0.354245 23.638086
0.356975 23.674451
0.360455 23.721712
0.364729 23.781215
0.369844 23.853123
0.375847 23.937864
0.382785 24.036564
0.390691 24.149554
0.399586 24.277182
0.409473 24.418589
0.420330 24.573805
0.432103 24.741714
0.444705 24.920740
0.458005 25.151272
0.471834 25.346630
0.485990 25.545716
0.500251 25.745153
0.514394 25.941797
0.528215 26.132821
0.541550 26.315852
0.554284 26.489834
0.566353 26.654396
0.577738 26.809738
0.588433 26.955811
0.598428 27.092395
0.607695 27.219178
0.616176 27.335383
0.623793 27.440301
0.630458 27.531982
0.636073 27.609904
0.640548 27.671818
0.643801 27.716877
0.645769 27.744109
0.646417 27.752630
0.645734 27.742020
0.643735 27.712030
0.640452 27.663086
0.635931 27.595413
0.630224 27.509794
0.623385 27.406829
0.615467 27.287499
0.606528 27.152548
0.596628 27.002625
0.585833 26.839633
0.574223 26.664446
0.561885 26.479664
0.548917 26.287329
0.535426 26.091077
0.521523 25.896290
0.507320 25.711607
0.492922 25.545813
0.478427 25.396535
0.463913 25.258044
0.449432 25.127921
0.435019 25.004679
0.420673 24.887123
0.406360 24.774171
0.392013 24.669004
0.377528 24.560005
0.362778 24.449579
0.347615 24.336148
0.331890 24.214689
0.315477 24.084194
0.298300 23.942682
0.280353 23.789492
0.261687 23.624517
0.242408 23.449167
0.222660 23.265182
0.202600 23.075221
0.182384 22.881524
0.162161 22.686793
0.142062 22.493244
0.122204 22.302724
0.102684 22.117152
0.083582 21.937614
0.064966 21.766273
0.046887 21.603930
0.029386 21.451745
0.012497 21.309739
-0.003755 21.178511
-0.019350 21.058176
-0.034277 20.949738
-0.048525 20.853823
-0.062087 20.771686
-0.074957 20.703671
-0.087129 20.649093
-0.098602 20.606236
-0.109371 20.572942
-0.119432 20.546981
-0.128785 20.527521
-0.137431 20.513944
-0.145367 20.505317
-0.152596 20.501431
-0.159120 20.501951
-0.164944 20.506573
-0.170067 20.515592
-0.174491 20.528751
-0.178219 20.546126
-0.181249 20.567234
-0.183580 20.591902
-0.185209 20.620120
-0.186134 20.651904
-0.186351 20.687352
-0.185858 20.726463
-0.184651 20.769102
-0.182728 20.811767
-0.180095 20.862076
-0.176758 20.915823
-0.172731 20.973181
-0.168028 21.034372
-0.162676 21.099722
-0.156701 21.168112
-0.150139 21.240241
-0.143031 21.315770
-0.135423 21.394613
-0.127368 21.476221
-0.118926 21.560853
-0.110160 21.647530
-0.101142 21.735746
-0.091943 21.824893
-0.082631 21.914970
-0.073270 22.005073
-0.063911 22.094798
-0.054604 22.183780
-0.045397 22.271336
-0.036343 22.357357
-0.027503 22.441017
-0.018965 22.521684
-0.010826 22.597851
-0.003213 22.668847
0.003745 22.732949
0.009904 22.788666
0.015139 22.833867
0.019350 22.867634
0.022492 22.889886
0.024570 22.900247
0.025647 22.899683
0.025823 22.889752
0.025233 22.872233
0.024028 22.849468
0.022370 22.823291
0.020423 22.796457
0.018340 22.770689
0.016261 22.747824
0.014311 22.729791
0.012600 22.718584
0.011223 22.715322
0.010262 22.721242
0.009790 22.736659
0.009874 22.762909
0.010576 22.799854
0.011953 22.847915
0.014065 22.908316
0.016966 22.980847
0.020709 23.066021
0.025345 23.125249
0.030917 23.235659
0.037461 23.359919
0.045005 23.498532
0.053567 23.651141
0.063145 23.817761
0.073726 23.997439
0.085270 24.190348
0.097710 24.395105
0.110924 24.610678
0.124705 24.750745
0.138682 24.974653
0.152259 25.193356
0.164573 25.392220
0.174352 25.660743
0.179795 25.756527
0.180504 25.784783
0.177262 25.747651
0.170113 25.641885
0.158877 25.468571
0.144444 25.244364
0.128533 24.992394
0.112219 24.728949
0.096128 24.465112
0.080676 24.208241
0.066112 23.962949
0.052583 23.732192
0.040159 23.516820
0.028861 23.317354
0.018682 23.134113
0.009588 22.966793
0.001528 22.815268
-0.005548 22.679029
-0.011699 22.557725
-0.016981 22.451000
-0.021452 22.359186
-0.025163 22.281104
-0.028160 22.216348
-0.030483 22.164875
-0.032173 22.127698
-0.033260 22.105855
-0.033779 22.100573
-0.033767 22.113579
-0.033263 22.142740
-0.032311 22.184918
-0.030969 22.236542
-0.029298 22.295222
-0.027376 22.358454
-0.025289 22.424668
-0.023133 22.491706
-0.021008 22.557462
-0.019011 22.620395
-0.017239 22.678823
-0.015773 22.730984
-0.014677 22.775442
-0.013996 22.811828
-0.013753 22.839265
-0.013952 22.857291
-0.014573 22.866006
-0.015583 22.865470
-0.016939 22.856415
-0.018589 22.839808
-0.020477 22.815380
-0.022547 22.784316
-0.024747 22.746666
-0.027029 22.703195
-0.029353 22.654773
-0.031685 22.601131
-0.034000 22.543334
-0.036279 22.480909
-0.038506 22.414374
-0.040667 22.344013
-0.042749 22.269921
-0.044741 22.192939
-0.046628 22.113509
-0.048393 22.032555
-0.050002 21.951648
-0.051400 21.872741
-0.052500 21.797291
-0.053204 21.727461
-0.053411 21.665646
-0.053039 21.613418
-0.052022 21.573572
-0.050323 21.547321
-0.047943 21.535371
-0.044916 21.537101
-0.041315 21.551972
-0.037237 21.577627
-0.032795 21.612575
-0.028097 21.655260
-0.023222 21.705044
-0.018216 21.761415
-0.013079 21.824155
-0.007773 21.894013
-0.002225 21.972483
0.003645 22.060728
0.009923 22.159875
0.016675 22.270652
0.023945 22.393661
0.031749 22.528629
0.040082 22.674730
0.048921 22.867211
0.058227 23.055049
0.067947 23.226124
0.078026 23.402487
0.088405 23.582920
0.099021 23.808230
0.109815 23.992862
0.120729 24.177658
0.131708 24.361603
0.142703 24.544067
0.153670 24.723955
0.164571 24.900655
0.175382 25.073581
0.186085 25.259559
0.196678 25.425111
0.207167 25.587286
0.217572 25.746759
0.227922 25.903518
0.238249 26.058590
0.248596 26.212610
0.259000 26.366673
0.269502 26.521006
0.280130 26.676259
0.290902 26.833127
0.301825 26.991969
0.312881 27.152331
0.324032 27.314338
0.335217 27.476802
0.346355 27.639206
0.357371 27.800043
0.368193 27.957653
0.378781 28.110572
0.389119 28.257971
0.399225 28.399089
0.409137 28.534225
0.418905 28.663843
0.428577 28.788799
0.438190 28.909715
0.447764 29.027301
0.457299 29.140874
0.466784 29.250766
0.476199 29.356821
0.485533 29.458234
0.494789 29.555622
0.503993 29.648863
0.513185 29.738956
0.522419 29.825978
0.531746 29.911331
0.541214 29.995455
0.550849 30.079284
0.560666 30.162722
0.570657 30.246942
0.580798 30.332020
0.591045 30.418766
0.601332 30.507260
0.611556 30.597935
0.621582 30.690835
0.631233 30.785246
0.640302 30.879389
0.648554 30.969513
0.655756 31.051585
0.661685 31.121398
0.666156 31.175192
0.669034 31.210276
0.670247 31.224889
0.669786 31.246926
0.667690 31.481090
0.664041 31.428833
0.658947 31.356293
0.652547 31.264327
0.645006 31.155124
0.636509 31.030445
0.627269 30.893235
0.617504 30.746293
0.607445 30.591972
0.597311 30.433341
0.587311 30.273348
0.577638 30.114403
0.568459 29.964475
0.559918 29.814895
0.552132 29.672968
0.545192 29.539946
0.539163 29.417192
0.534087 29.306228
0.529985 29.183943
0.526861 29.098560
0.524705 29.027038
0.523493 28.968903
0.523185 28.921941
0.523738 28.886174
0.525102 28.859891
0.527221 28.842248
0.530036 28.827755
0.533485 28.825368
0.537509 28.829129
0.542048 28.838322
0.547039 28.852188
0.552427 28.869968
0.558152 28.890789
0.564159 28.914549
0.570395 28.940817
0.576807 28.968142
0.583351 28.996754
0.589986 29.025974
0.596677 29.095652
0.603389 29.124008
0.610098 29.151657
0.616779 29.178174
0.623413 29.203010
0.629986 29.226290
0.636490 29.248247
0.642923 29.268745
0.649289 29.288097
0.655598 29.306780
0.661868 29.325265
0.668114 29.343478
0.674356 29.362826
0.680609 29.383068
0.686882 29.404858
0.693175 29.427964
0.699476 29.452479
0.705762 29.478203
0.712004 29.504719
0.718161 29.531463
0.724188 29.557830
0.730044 29.583480
0.735696 29.607613
0.741124 29.630475
0.746312 29.652190
0.751255 29.673121
0.755952 29.693803
0.760408 29.715044
0.764630 29.736515
0.768612 29.758491
0.772332 29.779869
0.775749 29.799936
0.778797 29.817520
0.781394 29.830786
0.783447 29.838579
0.784855 29.838593
0.785522 29.829395
0.785367 29.808834
0.784326 29.775974
0.782364 29.770428
0.779483 29.710873
0.775716 29.637286
0.771132 29.551118
0.765830 29.453145
0.759928 29.352769
0.753559 29.236429
0.746853 29.114042
0.739939 28.986817
0.732930 28.856727
0.725930 28.725186
0.719023 28.593059
0.712278 28.462061
0.705753 28.332588
0.699491 28.205564
0.693529 28.105719
0.687894 27.985352
0.682613 27.868907
0.677710 27.757235
0.673211 27.650952
0.669135 27.550162
0.665506 27.455591
0.662339 27.367587
0.659645 27.286679
0.657428 27.213543
0.655681 27.148320
0.654388 27.091713
0.653527 27.043927
0.653064 27.005287
0.652950 26.975057
0.653127 26.953835
0.653520 26.940394
0.654041 26.933953
0.654587 26.933717
0.655032 26.938040
0.655238 26.944774
0.655055 26.951321
0.654329 26.955175
0.652925 26.954124
0.650753 26.946075
0.647771 26.929943
0.643963 26.904641
0.639349 26.869761
0.633944 26.804391
0.627787 26.748730
0.620879 26.682542
0.613257 26.605495
0.604893 26.517234
0.595800 26.417364
0.585919 26.305473
0.575235 26.180991
0.563684 26.043650
0.551243 25.893642
0.537936 25.731952
0.523878 25.524727
0.509247 25.346685
0.494235 25.164144
0.479019 24.979567
0.463747 24.795322
0.448538 24.613117
0.433483 24.434118
0.418653 24.259556
0.404099 24.089829
0.389858 23.925108
0.375958 23.765741
0.362418 23.611743
0.349252 23.463480
0.336473 23.320908
0.324091 23.183724
0.312114 23.051467
0.300549 22.924325
0.289403 22.802369
0.278681 22.685462
0.268384 22.573992
0.258510 22.469049
0.249062 22.371393
0.240037 22.284284
0.231427 22.208699
0.223223 22.143474
0.215416 22.085477
0.207996 22.033544
0.200947 21.986279
0.194256 21.943020
0.187912 21.903427
0.181900 21.880344
0.176210 21.847095
0.170836 21.817001
0.165774 21.790092
0.161025 21.766281
0.156592 21.745464
0.152486 21.728131
0.148719 21.714432
0.145307 21.704529
0.142272 21.699413
0.139631 21.698987
0.137401 21.703950
0.135589 21.714510
0.134195 21.730752
0.133197 21.752678
0.132550 21.780074
0.132176 21.812337
0.131948 21.847632
0.131678 21.883528
0.131111 21.916660
0.129936 21.943225
0.127849 21.958772
0.124618 21.959332
0.120062 21.942118
0.114029 21.905687
0.106541 21.851566
0.097859 21.783034
0.088316 21.703777
0.078174 21.616955
0.067625 21.525736
0.056799 21.431875
0.045764 21.336081
0.034559 21.239140
0.023190 21.140970
0.011655 21.041661
-0.000057 20.940607
-0.011954 20.837420
-0.024036 20.732088
-0.036300 20.624276
-0.048728 20.514117
-0.061297 20.401691
-0.073979 20.287478
-0.086737 20.171998
-0.099528 20.055741
-0.112310 19.939638
-0.125040 19.824424
-0.137677 19.710599
-0.150181 19.599843
-0.162513 19.492638
-0.174638 19.389250
-0.186525 19.290514
-0.198149 19.197336
-0.209488 19.110266
-0.220524 19.029371
-0.231241 18.955278
-0.241631 18.888125
-0.251685 18.827803
-0.261397 18.774062
-0.270761 18.726866
-0.279776 18.685966
-0.288439 18.651258
-0.296749 18.622718
-0.304709 18.600033
-0.312318 18.583429
-0.319578 18.572722
-0.326490 18.557834
-0.333056 18.558507
-0.339276 18.564878
-0.345148 18.576738
-0.350674 18.594382
-0.355857 18.617580
-0.360699 18.645979
-0.365205 18.679519
-0.369385 18.717753
-0.373253 18.760388
-0.376834 18.806779
-0.380152 18.856586
-0.383246 18.908223
-0.386158 18.961517
-0.388947 19.015153
-0.391674 19.067815
-0.394408 19.118026
-0.397229 19.164205
-0.400215 19.250064
-0.403443 19.282064
-0.406973 19.313585
-0.410848 19.324516
-0.415072 19.325346
-0.419580 19.317740
-0.424214 19.304677
-0.428763 19.289990
-0.433020 19.277029
-0.436820 19.268111
-0.440040 19.262175
-0.442588 19.265606
-0.444404 19.277964
-0.445445 19.300252
-0.445686 19.332111
-0.445113 19.374438
-0.443717 19.426915
-0.441501 19.490138
-0.438468 19.563411
-0.434624 19.647155
-0.429980 19.740824
-0.424549 19.844359
-0.418348 19.957504
-0.411402 20.079950
-0.403739 20.211232
-0.395387 20.350759
-0.386385 20.497842
-0.376770 20.652276
-0.366585 20.802932
-0.355867 20.968730
-0.344649 21.139815
-0.332952 21.315661
-0.320792 21.496704
-0.308168 21.681791
-0.295064 21.871767
-0.281459 22.066566
-0.267321 22.266877
-0.252615 22.472744
-0.237301 22.685082
-0.221340 22.904323
-0.204697 23.130969
-0.187342 23.365195
-0.169253 23.607209
-0.150413 23.857255
-0.130821 24.136589
-0.110483 24.403341
-0.089419 24.677494
-0.067663 24.958455
-0.045270 25.245059
-0.022316 25.535600
0.001106 25.827800
0.024879 26.119426
0.048859 26.407122
0.072875 26.686433
0.096726 26.912852
0.120196 27.163611
0.143085 27.396241
0.165261 27.609374
0.186687 27.803515
0.207385 27.980091
0.227404 28.141145
0.246800 28.289454
0.265639 28.378848
0.283978 28.552575
0.301868 28.674882
0.319345 28.792731
0.336436 28.907830
0.353154 29.021064
0.369509 29.132913
0.385500 29.243740
0.401127 29.354164
0.416381 29.464277
0.431250 29.574234
0.445715 29.684508
0.459754 29.793560
0.473341 29.900452
0.486450 30.004825
0.499059 30.105891
0.511143 30.203552
0.522687 30.297154
0.533687 30.386175
0.544141 30.470605
0.554053 30.549952
0.563423 30.624006
0.572252 30.692087
0.580538 30.754293
0.588270 30.809887
0.595432 30.858255
0.602005 30.899122
0.607960 30.931660
0.613265 30.955603
0.617884 30.970148
0.621775 30.974672
0.624894 30.968593
0.627192 30.951114
0.628614 30.921440
0.629104 30.878706
0.628603 30.822339
0.627064 30.752228
0.624452 30.667595
0.620767 30.606942
0.616040 30.491635
0.610345 30.362148
0.603789 30.219648
0.596512 30.065857
0.588672 29.902341
0.580436 29.731090
0.571974 29.554612
0.563449 29.374983
0.555010 29.193868
0.546790 29.013635
0.538908 28.835556
0.531458 28.661209
0.524519 28.492203
0.518157 28.329375
0.512417 28.173410
0.507334 28.025804
0.502933 27.886548
0.499223 27.755669
0.496217 27.634637
0.493919 27.523211
0.492333 27.422702
0.491465 27.333744
0.491324 27.257510
0.491920 27.195168
0.493270 27.147365
0.495393 27.115103
0.498318 27.099195
0.502074 27.099691
0.506692 27.116495
0.512208 27.149668
0.518651 27.199079
0.526051 27.264694
0.534436 27.346896
0.543826 27.445963
0.554234 27.562116
0.565655 27.695388
0.578075 27.846225
0.591458 28.014824
0.605744 28.200809
0.620845 28.435014
0.636642 28.650014
0.652981 28.876039
0.669672 29.109685
0.686502 29.348213
0.703239 29.588129
0.719647 29.825931
0.735494 30.057724
0.750559 30.279810
0.764642 30.489308
0.777565 30.682811
0.789193 30.857833
0.799435 31.012422
0.808259 31.146307
0.815678 31.258897
0.821754 31.350463
0.826575 31.446775
0.830256 31.501763
0.832915 31.541945
0.834664 31.568850
0.835609 31.584738
0.835835 31.591214
0.835410 31.589339
0.834373 31.590484
0.832747 31.573889
0.830532 31.550610
0.827718 31.520295
0.824285 31.482550
0.820201 31.437662
0.815444 31.385035
0.809994 31.323874
0.803850 31.253822
0.797024 31.174788
0.789536 31.086780
0.781421 30.989619
0.772720 30.883407
0.763485 30.768588
0.753766 30.645536
0.743617 30.514958
0.733089 30.376832
0.722231 30.231759
0.711079 30.080992
0.699671 29.924341
0.688037 29.762780
0.676213 29.597114
0.664242 29.428142
0.652177 29.256983
0.640080 29.084665
0.628017 28.912263
0.616059 28.741278
0.604275 28.573014
0.592738 28.409250
0.581516 28.250829
0.570673 28.099337
0.560270 27.955383
0.550363 27.819791
0.540998 27.693880
0.532222 27.577887
0.524075 27.472896
0.516591 27.379381
0.509798 27.297666
0.503719 27.228411
0.498369 27.171764
0.493758 27.127911
0.489891 27.096674
0.486763 27.070113
0.484367 27.063608
0.482690 27.069026
0.481715 27.086109
0.481423 27.113411
0.481791 27.150435
0.482797 27.196014
0.484420 27.249816
0.486636 27.310387
0.489432 27.377196
0.492788 27.440152
0.496687 27.516735
0.501113 27.597498
0.506049 27.681393
0.511468 27.768259
0.517338 27.857805
0.523617 27.948699
0.530247 28.039909
0.537152 28.130924
0.544242 28.220670
0.551414 28.307407
0.558549 28.389346
0.565529 28.465089
0.572232 28.532371
0.578541 28.589396
0.584352 28.634519
0.589586 28.665762
0.594185 28.682660
0.598121 28.684164
0.601394 28.669822
0.604033 28.640825
0.606088 28.597700
0.607634 28.541853
0.608758 28.475235
0.609566 28.399319
0.610169 28.316207
0.610669 28.227854
0.611163 28.135897
0.611730 28.041856
0.612434 27.947032
0.613323 27.852863
0.614427 27.760229
0.615751 27.669679
0.617288 27.581851
0.619006 27.496581
0.620858 27.413771
0.622791 27.333268
0.624741 27.254867
0.626650 27.177808
0.628474 27.102023
0.630191 27.027201
0.631807 26.953247
0.633352 26.881286
0.634883 26.812350
0.636471 26.748002
0.638193 26.689772
0.640124 26.639002
0.642327 26.596915
0.644850 26.564174
0.647719 26.541082
0.650932 26.527716
0.654469 26.523415
0.658296 26.527615
0.662365 26.542667
0.666626 26.559770
0.671033 26.582029
0.675550 26.608168
0.680156 26.638137
0.684851 26.671342
0.689650 26.708137
0.694588 26.749805
0.699714 26.796849
0.705082 26.851411
0.710758 26.914276
0.716806 26.987262
0.723285 27.071198
0.730253 27.167465
0.737754 27.261838
0.745826 27.385362
0.754494 27.523210
0.763768 27.674774
0.773640 27.839533
0.784095 28.017652
0.795096 28.207565
0.806591 28.408243
0.818511 28.618183
0.830769 28.834684
0.843264 29.055300
0.855888 29.277488
0.868522 29.498622
0.881057 29.715900
0.893391 29.926918
0.905435 30.129663
0.917116 30.322639
0.928380 30.504981
0.939184 30.675550
0.949491 30.834263
0.959262 30.980417
0.968457 31.113707
0.977016 31.233765
0.984877 31.339854
0.991965 31.431128
0.998202 31.506929
1.003516 31.566624
1.007841 31.609805
1.011130 31.636271
1.013359 31.646128
1.014527 31.639848
1.014664 31.618723
1.013825 31.584143
1.012085 31.537399
1.009532 31.480380
1.006261 31.415070
1.002366 31.343750
0.997926 31.267956
0.993008 31.195326
0.987661 31.111897
0.981906 31.025164
0.975743 30.934698
0.969140 30.840161
0.962048 30.740578
0.954398 30.634695
0.946115 30.521696
0.937137 30.400665
0.927432 30.271327
0.917017 30.133395
0.905964 29.987697
0.894384 29.835180
0.882416 29.677851
0.870209 29.517414
0.857914 29.355821
0.845670 29.194670
0.833608 29.036326
0.821840 28.881645
0.810468 28.732665
0.799575 28.590412
0.789234 28.456003
0.779500 28.330021
0.770422 28.213528
0.762037 28.106806
0.754377 28.010264
0.747463 27.923750
0.741309 27.834661
0.735927 27.768623
0.731318 27.712830
0.727480 27.666881
0.724403 27.630740
0.722073 27.603277
0.720470 27.584584
0.719567 27.574242
0.719332 27.571274
0.719726 27.575307
0.720705 27.585119
0.722223 27.599995
0.724224 27.619371
0.726652 27.641627
0.729446 27.666093
0.732540 27.692021
0.735875 27.717655
0.739389 27.742273
0.743022 27.764884
0.746717 27.784272
0.750419 27.838825
0.754081 27.849970
0.757664 27.856296
0.761139 27.857576
0.764488 27.854544
0.767712 27.847552
0.770823 27.818442
0.773847 27.804507
0.776829 27.788997
0.779811 27.773154
0.782841 27.757556
0.785968 27.743848
0.789240 27.733190
0.792704 27.726230
0.796407 27.724376
0.800388 27.728317
0.804688 27.738374
0.809340 27.755305
0.814377 27.779699
0.819825 27.811922
0.825707 27.852260
0.832038 27.901468
0.838829 27.959274
0.846084 28.026077
0.853803 28.101628
0.861973 28.185143
0.870568 28.276811
0.879555 28.375053
0.888879 28.479522
0.898469 28.588519
0.908233 28.700381
0.918054 28.813415
0.927799 28.925068
0.937327 29.033054
0.946494 29.134706
0.955165 29.227905
0.963233 29.310900
0.970621 29.382406
0.977286 29.433192
0.983211 29.479162
0.988395 29.513605
0.992854 29.537359
0.996596 29.550719
0.999626 29.554231
1.001928 29.547924
1.003475 29.531825
1.004228 29.505231
1.004141 29.515244
1.003172 29.465369
1.001288 29.403385
0.998484 29.329429
0.994776 29.237161
0.990204 29.140883
0.984823 29.035173
0.978694 28.920931
0.971882 28.799534
0.964450 28.671409
0.956462 28.537992
0.947988 28.400963
0.939103 28.261889
0.929887 28.122470
0.920433 27.983598
0.910838 27.845436
0.901207 27.708615
0.891644 27.574029
0.882248 27.442376
0.873113 27.314835
0.864318 27.192594
0.855928 27.076273
0.848002 26.966427
0.840579 26.864218
0.833689 26.769558
0.827351 26.682886
0.821579 26.604281
0.816371 26.533540
0.811727 26.470427
0.807634 26.414764
0.804079 26.366548
0.801052 26.325209
0.798530 26.290617
0.796501 26.262614
0.794947 26.240972
0.793858 26.226501
0.793228 26.218215
0.793053 26.216277
0.793331 26.220868
0.794065 26.232199
0.795259 26.250045
0.796914 26.274764
0.799036 26.306345
0.801625 26.344855
0.804680 26.390308
0.808196 26.442585
0.812167 26.501331
0.816575 26.566580
0.821408 26.638358
0.826642 26.715736
0.832251 26.798043
0.838203 26.884901
0.844461 26.975667
0.850983 27.069745
0.857720 27.174047
0.864617 27.272498
0.871620 27.343659
0.878674 27.442570
0.885730 27.541246
0.892742 27.638854
0.899672 27.734884
0.906485 27.828829
0.913148 27.919957
0.919636 27.987674
0.925920 28.071881
0.931970 28.152166
0.937753 28.228472
0.943237 28.300673
0.948397 28.368391
0.953210 28.431494
0.957667 28.490185
0.961766 28.544653
0.965513 28.594824
0.968925 28.640636
0.972026 28.682770
0.974843 28.721172
0.977404 28.755585
0.979741 28.786864
0.981881 28.814942
0.983845 28.840249
0.985638 28.862337
0.987248 28.880943
0.988634 28.895700
0.989723 28.905779
0.990398 28.909357
0.990520 28.905218
0.989967 28.892185
0.988673 28.846397
0.986644 28.814131
0.983941 28.773224
0.980669 28.725204
0.976977 28.672510
0.973034 28.618376
0.969018 28.565611
0.965101 28.518179
0.961442 28.479040
0.958176 28.452512
0.955416 28.441511
0.953253 28.450249
0.951754 28.481764
0.950961 28.537639
0.950898 28.617177
0.951561 28.718091
0.952930 28.837894
0.954955 28.973699
0.957564 29.122755
0.960656 29.282326
0.964091 29.449320
0.967690 29.620167
0.971238 29.790701
0.974484 29.956586
0.977162 30.112964
0.979035 30.256060
0.979924 30.382235
0.979729 30.489430
0.978401 30.575602
0.975918 30.640232
0.972275 30.683365
0.967503 30.705811
0.961661 30.708829
0.954837 30.693631
0.947127 30.662377
0.938623 30.616404
0.929406 30.557768
0.919544 30.486663
0.909111 30.405690
0.898173 30.315283
0.886797 30.216465
0.875057 30.110103
0.863029 29.997685
0.850801 29.880233
0.838455 29.703076
0.826075 29.579672
0.813738 29.454771
0.801514 29.329705
0.789461 29.204403
0.777634 29.080282
0.766080 28.958329
0.754839 28.839153
0.743945 28.755615
0.733429 28.644051
0.723320 28.537172
0.713647 28.434590
0.704435 28.337003
0.695708 28.244711
0.687490 28.158229
0.679800 28.077912
0.672659 28.004195
0.666083 27.937579
0.660084 27.878669
0.654665 27.828135
0.649826 27.786135
0.645558 27.752719
0.641840 27.727860
0.638636 27.711408
0.635904 27.703223
0.633590 27.702532
0.631638 27.708302
0.629998 27.720094
0.628627 27.736990
0.627499 27.758530
0.626603 27.784122
0.625943 27.813466
0.625538 27.846191
0.625416 27.882933
0.625609 27.923371
0.626144 27.967596
0.627042 28.054044
0.628314 28.105826
0.629961 28.160989
0.631972 28.219194
0.634325 28.279737
0.636993 28.342028
0.639941 28.405523
0.643125 28.432910
0.646501 28.496773
0.650017 28.559310
0.653629 28.619980
0.657292 28.678168
0.660973 28.733754
0.664647 28.786254
0.668307 28.836240
0.671961 28.883955
0.675625 28.929615
0.679331 28.974407
0.683116 29.018530
0.687013 29.062420
0.691054 29.107427
0.695266 29.153189
0.699665 29.200427
0.704259 29.248923
0.709043 29.317817
0.714003 29.368091
0.719116 29.419098
0.724350 29.469919
0.729684 29.520130
0.735107 29.657670
0.740625 29.705790
0.746254 29.752737
0.752019 29.798861
0.757955 29.844112
0.764092 29.888538
0.770464 29.932416
0.777100 29.976110
0.784026 30.019564
0.791266 30.063470
0.798838 30.107940
0.806760 30.153184
0.815048 30.199860
0.823715 30.247641
0.832774 30.297541
0.842234 30.349366
0.852104 30.403125
0.862389 30.459140
0.873091 30.518231
0.884203 30.580319
0.895714 30.645307
0.907603 30.713297
0.919841 30.784298
0.932388 30.857904
0.945197 30.925391
0.958210 31.003645
0.971363 31.041036
0.984581 31.121847
0.997775 31.202826
1.010834 31.282484
1.023638 31.359920
1.036041 31.433173
1.047891 31.551380
1.059038 31.610749
1.069343 31.660789
1.078701 31.700422
1.087050 31.714139
1.094389 31.734403
1.100759 31.745496
1.106228 31.748647
1.110852 31.744499
1.114667 31.733771
1.117671 31.716551
1.119825 31.692087
1.121076 31.659859
1.121402 31.619265
1.120800 31.569314
1.119275 31.509526
1.116825 31.439645
1.113453 31.359259
1.109172 31.268011
1.104018 31.165609
1.098055 31.052660
1.091363 31.004482
1.084038 30.872107
1.076187 30.731410
1.067926 30.584256
1.059384 30.432036
1.050689 30.276616
1.041971 30.119935
1.033356 29.964273
1.024955 29.810697
1.016867 29.660902
1.009177 29.516171
1.001957 29.377876
0.995265 29.246559
0.989150 29.123151
0.983643 29.008078
0.978764 28.901806
0.974519 28.867156
0.970904 28.776940
0.967899 28.695609
0.965481 28.636774
0.963612 28.571786
0.962249 28.514439
0.961344 28.464265
0.960850 28.420434
0.960714 28.382427
0.960884 28.349356
0.961312 28.320862
0.961949 28.296471
0.962751 28.275263
0.963680 28.257020
0.964698 28.241352
0.965771 28.227570
0.966862 28.215956
0.967939 28.205972
0.968966 28.197514
0.969905 28.190120
0.970717 28.183474
0.971359 28.176937
0.971789 28.169837
0.971962 28.162374
0.971840 28.153765
0.971392 28.143636
0.970601 28.131316
0.969460 28.116714
0.967979 28.100323
0.966177 28.081472
0.964092 28.060795
0.961773 28.038761
0.959285 28.015995
0.956703 27.993824
0.954114 27.972646
0.951612 27.965086
0.949296 27.950456
0.947261 27.941609
0.945601 27.939649
0.944397 27.946681
0.943719 27.963719
0.943615 27.991854
0.944121 28.032160
0.945247 28.084101
0.946989 28.147795
0.949323 28.222784
0.952205 28.307975
0.955581 28.402001
0.959380 28.503327
0.963523 28.610153
0.967920 28.685722
0.972473 28.798495
0.977079 28.911748
0.981633 29.024256
0.986029 29.133876
0.990164 29.239550
0.993944 29.339514
0.997280 29.432474
1.000097 29.517491
1.002334 29.593579
1.003948 29.660359
1.004914 29.717194
1.005219 29.764252
1.004863 29.801285
1.003844 29.828897
1.002156 29.847352
0.999770 29.896166
0.996646 29.896145
0.992751 29.887459
0.988084 29.869673
0.982679 29.843143
0.976576 29.808775
0.969814 29.766083
0.962417 29.715874
0.954408 29.658056
0.945807 29.592565
0.936654 29.520116
0.927007 29.440864
0.916952 29.356173
0.906600 29.266874
0.896069 29.163772
0.885474 29.068888
0.874918 28.972502
0.864477 28.875250
0.854202 28.777034
0.844113 28.677743
0.834201 28.576305
0.824427 28.471753
0.814734 28.362585
0.805048 28.247244
0.795291 28.124291
0.785413 27.993179
0.775398 27.852491
0.765274 27.703689
0.755102 27.544560
0.744965 27.381181
0.734968 27.213389
0.725230 27.043286
0.715876 26.872983
0.707036 26.705249
0.698838 26.542072
0.691399 26.385431
0.684823 26.237174
0.679200 26.099605
0.674601 25.973987
0.671084 25.861576
0.668688 25.763335
0.667435 25.679950
0.667331 25.611828
0.668365 25.559296
0.670508 25.521674
0.673718 25.498998
0.677939 25.529269
0.683107 25.533789
0.689146 25.550516
0.695982 25.578558
0.703541 25.616800
0.711757 25.664580
0.720578 25.721080
0.729966 25.785461
0.739898 25.857521
0.750367 25.937467
0.761376 26.025241
0.772928 26.121922
0.785024 26.227776
0.797658 26.343391
0.810810 26.469062
0.824442 26.604639
0.838509 26.749711
0.852942 26.903344
0.867664 27.064378
0.882582 27.232413
0.897604 27.406153
0.912629 27.583620
0.927558 27.763705
0.942299 27.944693
0.956763 28.125194
0.970869 28.304210
0.984550 28.480574
0.997748 28.653232
1.010421 28.821416
1.022535 28.984784
1.034071 29.142336
1.045018 29.294413
1.055367 29.440618
1.065117 29.571818
1.074261 29.705067
1.082792 29.831616
1.090693 29.950921
1.097931 30.062268
1.104462 30.165279
1.110226 30.258524
1.115156 30.343169
1.119186 30.414401
1.122280 30.473631
1.124442 30.526910
1.125732 30.560617
1.126251 30.583643
1.126137 30.597004
1.125546 30.602524
1.124646 30.602681
1.123594 30.599716
1.122537 30.595820
1.121601 30.593085
1.120893 30.593192
1.120498 30.597500
1.120483 30.606729
1.120897 30.621590
1.121775 30.642849
1.123134 30.670833
1.124971 30.713707
1.127243 30.752324
1.129861 30.795271
1.132673 30.840953
1.135509 30.888263
1.138218 30.936617
1.140695 30.982108
1.142837 31.025256
1.144564 31.065432
1.145847 31.103063
1.146740 31.139171
1.147348 31.175083
1.147768 31.211774
1.148065 31.248304
1.148269 31.285959
1.148370 31.316311
1.148350 31.355236
1.148189 31.394812
1.147905 31.430129
1.147559 31.473131
1.147248 31.519470
1.147081 31.570618
1.147167 31.627272
1.147610 31.690579
1.148495 31.761284
1.149890 31.839947
1.151839 31.926842
1.154359 32.021567
1.157447 32.123799
1.161080 32.232991
1.165218 32.354282
1.169810 32.473921
1.174796 32.596991
1.180109 32.721410
1.185682 32.845568
1.191446 32.967838
1.197331 33.087238
1.203274 33.201036
1.209216 33.308447
1.215104 33.408180
1.220892 33.499232
1.226548 33.580964
1.232052 33.652830
1.237404 33.715830
1.242621 33.770097
1.247736 33.816622
1.252795 33.856579
1.257858 33.891636
1.262991 33.923047
1.268263 33.952903
1.273741 33.983044
1.279494 34.014415
1.285589 34.048585
1.292091 34.087308
1.299070 34.026350
1.306592 34.075773
1.314725 34.133638
1.323540 34.201391
1.333104 34.279987
1.343478 34.370642
1.354719 34.474537
1.366867 34.592566
1.379938 34.724343
1.393920 34.870323
1.408763 35.030076
1.424371 35.201174
1.440609 35.381532
1.457309 35.568607
1.474298 35.759478
1.491426 35.952079
1.508598 36.145263
1.525787 36.338500
1.543033 36.532464
1.560431 36.729107
1.578112 36.931027
1.596217 37.140409
1.614884 37.359395
1.634224 37.591027
1.654314 37.836035
1.675193 38.095286
1.696858 38.369552
1.719267 38.658336
1.742341 38.960288
1.765972 39.274207
1.790027 39.597768
1.814358 39.928878
1.838805 40.264309
1.863202 40.600779
1.887394 40.934648
1.911235 41.261934
1.934602 41.579532
1.957389 41.887254
1.979517 42.178153
2.000928 42.452762
2.021582 42.710177
2.041448 42.950752
2.060500 43.174122
2.078710 43.380955
2.096048 43.571795
2.112467 43.747239
2.127910 43.907676
2.142302 44.053402
2.155548 44.184235
2.167525 44.299694
2.178089 44.398049
2.187089 44.478222
2.194361 44.538097
2.199749 44.575747
2.203130 44.589314
2.204424 44.577210
2.203619 44.538352
2.200776 44.472366
2.196019 44.380932
2.189521 44.264869
2.181481 44.127014
2.172113 43.969649
2.161626 43.795242
2.150225 43.607059
2.138103 43.407659
2.125441 43.199885
2.112405 42.986509
2.099155 42.769914
2.085837 42.552988
2.072585 42.337580
2.059521 42.126348
2.046754 41.921728
2.034379 41.725505
2.022476 41.539830
2.011111 41.366554
2.000340 41.206926
1.990199 41.062530
1.980716 40.934382
1.971906 40.822762
1.963774 40.727843
1.956320 40.648480
1.949536 40.583333
1.943415 40.530685
1.937947 40.487961
1.933123 40.453316
1.928932 40.423872
1.925354 40.397599
1.922348 40.372238
1.919848 40.346089
1.917770 40.316594
1.916023 40.282293
1.914532 40.241881
1.913261 40.195043
1.912212 40.142616
1.911427 40.085870
1.910986 40.026893
1.910996 39.955177
1.911590 39.898831
1.912901 39.849385
1.915059 39.809842
1.918170 39.782238
1.922316 39.768641
1.927541 39.770098
1.933845 39.787150
1.941178 39.821579
1.949439 39.872001
1.958467 39.936629
1.968061 40.013032
1.977986 40.097178
1.987995 40.184130
1.997859 40.268654
2.007386 40.347078
2.016423 40.415261
2.024850 40.470438
2.032555 40.511661
2.039415 40.538395
2.045304 40.550219
2.050106 40.545126
2.053750 40.522535
2.056239 40.482369
2.057664 40.425942
2.058204 40.356301
2.058104 40.277148
2.057646 40.192834
2.057105 40.108362
2.056734 40.027614
2.056741 39.953891
2.057293 39.889873
2.058510 39.837522
2.060472 39.797953
2.063208 39.771281
2.066712 39.757015
2.070942 39.754350
2.075813 39.761347
2.081215 39.775652
2.087014 39.794802
2.093063 39.815718
2.099215 39.835917
2.105326 39.853007
2.111266 39.864517
2.116930 39.869464
2.122231 39.866449
2.127108 39.855133
2.131518 39.835486
2.135439 39.808079
2.138861 39.773521
2.141789 39.732995
2.144241 39.687733
2.146244 39.639049
2.147835 39.588096
2.149058 39.536118
2.149956 39.483901
2.150565 39.432074
2.150901 39.381270
2.150961 39.354005
2.150718 39.303863
2.150120 39.252723
2.149090 39.199595
2.147530 39.186622
2.145337 39.123659
2.142397 39.053868
2.138601 38.975503
2.133848 38.886980
2.128051 38.787319
2.121146 38.687084
2.113092 38.560923
2.103875 38.421381
2.093515 38.268286
2.082048 38.102196
2.069536 37.923577
2.056061 37.733514
2.041710 37.504551
2.026584 37.293718
2.010780 37.074183
1.994395 36.847292
1.977525 36.614243
1.960263 36.375956
1.942700 36.134067
1.924926 35.889891
1.907025 35.628028
1.889082 35.382482
1.871175 35.138485
1.853377 34.896848
1.835754 34.658984
1.818366 34.425633
1.801266 34.197789
1.784496 34.008288
1.768085 33.792669
1.752057 33.583969
1.736427 33.382862
1.721203 33.189176
1.706384 33.002652
1.691967 32.865646
1.677945 32.693140
1.664310 32.527316
1.651053 32.368175
1.638170 32.215350
1.625658 32.083213
1.613520 31.941587
1.601763 31.805686
1.590397 31.675040
1.579440 31.550016
1.568912 31.429785
1.558845 31.315310
1.549267 31.206166
1.540215 31.102754
1.531731 31.005661
1.523857 30.915458
1.516638 30.810564
1.510125 30.736813
1.504362 30.671986
1.499397 30.616970
1.495274 30.572478
1.492032 30.539412
1.489709 30.518458
1.488331 30.510246
1.487923 30.515441
1.488497 30.534591
1.490054 30.567064
1.492588 30.613266
1.496076 30.673014
1.500478 30.746011
1.505749 30.816852
1.511815 30.913817
1.518589 31.020843
1.525957 31.136566
1.533786 31.258830
1.541922 31.385422
1.550202 31.514138
1.558478 31.641015
1.566628 31.767849
1.574561 31.891555
1.582206 32.010627
1.589503 32.123876
1.596393 32.230110
1.602811 32.325123
1.608681 32.412225
1.613907 32.487805
1.618376 32.549675
1.621952 32.591038
1.624518 32.621658
1.626059 32.637541
1.626671 32.640421
1.626504 32.632008
1.625711 32.614085
1.624443 32.588842
1.622847 32.558959
1.621072 32.526500
1.619261 32.493614
1.617551 32.462619
1.616070 32.435779
1.614931 32.415459
1.614234 32.402499
1.614064 32.398590
1.614489 32.404567
1.615560 32.421100
1.617315 32.449065
1.619781 32.489094
1.622979 32.541185
1.626920 32.605492
1.631613 32.682964
1.637059 32.773172
1.643248 32.865753
1.650161 32.981633
1.657764 33.109293
1.666003 33.247231
1.674810 33.394599
1.684095 33.549624
1.693754 33.709849
1.703669 33.872889
1.713719 34.036262
1.723786 34.197305
1.733772 34.354233
1.743593 34.505070
1.753192 34.648074
1.762521 34.782409
1.771551 34.906698
1.780248 35.020678
1.788583 35.123578
1.796520 35.214725
1.804030 35.292862
1.811092 35.357527
1.817700 35.408747
1.823875 35.446572
1.829654 35.471838
1.835095 35.486123
1.840264 35.490878
1.845221 35.487405
1.850021 35.476994
1.854704 35.461506
1.859301 35.442062
1.863828 35.419613
1.868290 35.394908
1.872678 35.367908
1.876977 35.338800
1.881157 35.307696
1.885179 35.273966
1.889000 35.236823
1.892572 35.195968
1.895857 35.150217
1.898828 35.099471
1.901481 35.043420
1.903838 34.982393
1.905945 34.877961
1.907876 34.809081
1.909717 34.738412
1.911559 34.667274
1.913487 34.597390
1.915570 34.529599
1.917860 34.505297
1.920401 34.443900
1.923226 34.385923
1.926369 34.331589
1.929868 34.281896
1.933774 34.237597
1.938145 34.200234
1.943054 34.172362
1.948576 34.155287
1.954791 34.150969
1.961774 34.161786
1.969590 34.189956
1.978288 34.271107
1.987900 34.334523
1.998439 34.424822
2.009908 34.537459
2.022287 34.672247
2.035547 34.828382
2.049644 35.004365
2.064528 35.198844
2.080135 35.409710
2.096398 35.635237
2.113236 35.873733
2.130557 36.124067
2.148261 36.384584
2.166232 36.651913
2.184341 36.923596
2.202445 37.196858
2.220388 37.468867
2.238002 37.736647
2.255116 37.997179
2.271561 38.247236
2.287175 38.483897
2.301803 38.704030
2.315297 38.904961
2.327526 39.084051
2.338369 39.239289
2.347719 39.368069
2.355493 39.468789
2.361626 39.540495
2.366093 39.582659
2.368909 39.596075
2.370137 39.605158
2.369888 39.566891
2.368301 39.506912
2.365526 39.427775
2.361705 39.332419
2.356972 39.223446
2.351452 39.103770
2.345261 38.975970
2.338516 38.826682
2.331329 38.690541
2.323813 38.553206
2.316079 38.415065
2.308237 38.276096
2.300391 38.137196
2.292639 37.998243
2.285073 37.859627
2.277780 37.721543
2.270836 37.584475
2.264309 37.449749
2.258259 37.317390
2.252741 37.188393
2.247800 37.063332
2.243482 36.943221
2.239828 36.828693
2.236879 36.720290
2.234677 36.619099
2.233264 36.525977
2.232683 36.441928
2.232980 36.368284
2.234199 36.306356
2.236389 36.258035
2.239594 36.224125
2.243860 36.205833
2.249230 36.204356
2.255742 36.220193
2.263426 36.254099
2.272304 36.306337
2.282381 36.377103
2.293650 36.466338
2.306083 36.573591
2.319634 36.698113
2.334231 36.838736
2.349783 36.993839
2.366174 37.161809
2.383270 37.340560
2.400920 37.528667
2.418959 37.723443
2.437216 37.922578
2.455518 38.124155
2.473688 38.324688
2.491554 38.522240
2.508944 38.714126
2.525683 38.898120
2.541597 39.071921
2.556509 39.233379
2.570243 39.380085
2.582631 39.510373
2.593511 39.622080
2.602735 39.713587
2.610178 39.783220
2.615738 39.830393
2.619351 39.854076
2.620995 39.853344
2.620702 39.828710
2.618546 39.780461
2.614641 39.709539
2.609152 39.617173
2.602316 39.505612
2.594422 39.378592
2.585776 39.239984
2.576667 39.093130
2.567354 38.942243
2.558059 38.790924
2.548962 38.642599
2.540201 38.499811
2.531876 38.364708
2.524052 38.238458
2.516762 38.121622
2.510010 38.014869
2.503785 37.918047
2.498062 37.830708
2.492819 37.753192
2.488044 37.684995
2.483748 37.625295
2.479966 37.574850
2.476757 37.534077
2.474197 37.504841
2.472372 37.488600
2.471359 37.486748
2.471229 37.501145
2.472025 37.533891
2.473776 37.586205
2.476479 37.658698
2.480119 37.752720
2.484655 37.868066
2.490028 38.004772
2.496162 38.162004
2.502954 38.337335
2.510279 38.528683
2.517980 38.732766
2.525860 38.970462
2.533682 39.187129
2.541164 39.401708
2.547979 39.635509
2.553766 39.828022
2.558151 39.999763
2.560803 40.145568
2.561482 40.261547
2.560038 40.344722
2.556394 40.393759
2.550553 40.408962
2.542623 40.391064
2.532784 40.343250
2.521252 40.268556
2.508268 40.171031
2.494073 40.055387
2.478909 39.926323
2.463008 39.788285
2.446594 39.645820
2.429874 39.502902
2.413036 39.362925
2.396253 39.229245
2.379678 39.103766
2.363453 38.988953
2.347712 38.886032
2.332588 38.796570
2.318218 38.722726
2.304745 38.665118
2.292320 38.625490
2.281089 38.613651
2.271173 38.611910
2.262659 38.630806
2.255596 38.669474
2.249993 38.726708
2.245825 38.800105
2.243049 38.888479
2.241604 38.989310
2.241435 39.101693
2.242489 39.224149
2.244721 39.355839
2.248094 39.496037
2.252570 39.684885
2.258100 39.839747
2.264607 39.999936
2.271965 40.163321
2.279999 40.326664
2.288478 40.486635
2.297127 40.638360
2.305647 40.777165
2.313754 40.897616
2.321205 41.001570
2.327831 41.073858
2.333557 41.119393
2.338416 41.139542
2.342535 41.135924
2.346118 41.072856
2.349407 41.037229
2.352652 40.991536
2.356088 40.941438
2.359909 40.892005
2.364270 40.847535
2.369282 40.810873
2.375013 40.784274
2.381496 40.768304
2.388730 40.763569
2.396685 40.769860
2.405302 40.785978
2.414495 40.810548
2.424156 40.841188
2.434148 40.876046
2.444326 40.911812
2.454523 40.945804
2.464573 40.954635
2.474313 40.975879
2.483598 40.987582
2.492312 40.988553
2.500359 40.977587
2.507653 40.954169
2.514119 40.917838
2.519699 40.868514
2.524371 40.807268
2.528164 40.734684
2.531154 40.652530
2.533461 40.563197
2.535234 40.469939
2.536632 40.374527
2.537819 40.279091
2.538944 40.187028
2.540144 40.100139
2.541540 40.020337
2.543234 39.948763
2.545310 39.887132
2.547843 39.843949
2.550888 39.806867
2.554493 39.783112
2.558691 39.772865
2.563496 39.777188
2.568906 39.796007
2.574904 39.829348
2.581458 39.876803
2.588522 39.937457
2.596038 40.016680
2.603942 40.099646
2.612161 40.190810
2.620607 40.288368
2.629180 40.390055
2.637763 40.494303
2.646226 40.598541
2.654437 40.700875
2.662251 40.798764
2.669527 40.889901
2.676125 40.972327
2.681918 41.043897
2.686802 41.101858
2.690700 41.145144
2.693578 41.171758
2.695436 41.181615
2.696315 41.168496
2.696283 41.144905
2.695429 41.104871
2.693847 41.049139
2.691637 40.979161
2.688906 40.895723
2.685761 40.800600
2.682323 40.695146
2.678720 40.581955
2.675101 40.463287
2.671632 40.341768
2.668492 40.220752
2.665876 40.104021
2.663982 39.994961
2.663005 39.897470
2.663129 39.815445
2.664520 39.751167
2.667315 39.707867
2.671614 39.687773
2.677473 39.691633
2.684893 39.719592
2.693827 39.771287
2.704176 39.845739
2.715801 39.941208
2.728522 40.027907
2.742142 40.159511
2.756453 40.305610
2.771235 40.464310
2.786246 40.632242
2.801227 40.806844
2.815910 40.984460
2.830042 41.161638
2.843408 41.335073
2.855846 41.501449
2.867251 41.657877
2.877581 41.803529
2.886839 41.937920
2.895081 42.060914
2.902394 42.173904
2.908892 42.276932
2.914693 42.371725
2.919902 42.459487
2.924590 42.540476
2.928771 42.614634
2.932390 42.680844
2.935319 42.736649
2.937373 42.778402
2.938326 42.801474
2.937967 42.817275
2.936126 42.792101
2.932710 42.738457
2.927711 42.656851
2.921194 42.548756
2.913279 42.416304
2.904110 42.263699
2.893838 42.093886
2.882608 41.909111
2.870557 41.712965
2.857821 41.507517
2.844538 41.295245
2.830852 41.078741
2.816910 40.860096
2.802863 40.641260
2.788855 40.424202
2.775029 40.210057
2.761508 40.000824
2.748395 39.797537
2.735773 39.600356
2.723695 39.409465
2.712199 39.224337
2.701309 39.044722
2.691048 38.882977
2.681442 38.742772
2.672521 38.579810
2.664318 38.424446
2.656856 38.278808
2.650151 38.142321
2.644201 38.017795
2.638992 37.906664
2.634506 37.810050
2.630720 37.727827
2.627618 37.660811
2.625198 37.609463
2.623464 37.574918
2.622425 37.557714
2.622091 37.558310
2.622467 37.576566
2.623538 37.612314
2.625259 37.664186
2.627554 37.724294
2.630312 37.800345
2.633395 37.884062
2.636659 37.971050
2.639963 38.057848
2.643199 38.141750
2.646298 38.220733
2.649246 38.293945
2.652082 38.361510
2.654894 38.424343
2.657803 38.483470
2.660951 38.540654
2.664473 38.597364
2.668478 38.654992
2.673030 38.713269
2.678127 38.773132
2.683713 38.833795
2.689723 38.893208
2.696078 38.948208
2.702223 38.993524
2.706718 39.022140
2.709137 39.029995
2.709952 39.019035
2.709354 38.993663
2.707788 38.960099
2.705533 38.924501
2.702923 38.891592
2.700124 38.864723
2.697300 38.845668
2.694509 38.835347
2.691811 38.833504
2.689221 38.840230
2.686770 38.855137
2.684479 38.877848
2.682393 38.908675
2.680567 38.947415
2.679079 38.993769
2.678016 39.047678
2.677482 39.110036
2.677584 39.193073
2.678439 39.274636
2.680156 39.368203
2.682834 39.489072
2.686565 39.608831
2.691418 39.743440
2.697440 39.892373
2.704662 40.054819
2.713086 40.230438
2.722688 40.417652
2.733420 40.615584
2.745207 40.822349
2.757959 41.040588
2.771564 41.261288
2.785887 41.486138
2.800773 41.713437
2.816020 41.941334
2.831371 42.166279
2.846481 42.366615
2.860939 42.571197
2.874320 42.756158
2.886246 42.914902
2.896377 43.042793
2.904442 43.138144
2.910398 43.202981
2.914467 43.240331
2.916931 43.253961
2.917972 43.246139
2.917664 43.216760
2.916021 43.165689
2.913036 43.092390
2.908716 42.995864
2.903110 42.876514
2.896321 42.736162
2.888514 42.577199
2.879904 42.403832
2.870749 42.220399
2.861314 42.046162
2.851854 41.858863
2.842599 41.675731
2.833744 41.488263
2.825459 41.323663
2.817883 41.173084
2.811136 41.039227
2.805315 40.924926
2.800510 40.832147
2.796794 40.761658
2.794230 40.714158
2.792868 40.690630
2.792742 40.691647
2.793873 40.717936
2.796262 40.769546
2.799888 40.846613
2.804706 40.948176
2.810640 41.073467
2.817574 41.220811
2.825349 41.385616
2.833762 41.561992
2.842565 41.743516
2.851481 41.923083
2.860213 42.093866
2.868475 42.248788
2.875997 42.382364
2.882547 42.489316
2.887938 42.566508
2.892044 42.581144
2.894805 42.593661
2.896235 42.574028
2.896407 42.523942
2.895439 42.445637
2.893482 42.342193
2.890699 42.252244
2.887253 42.107181
2.883296 41.946797
2.878960 41.773684
2.874361 41.590787
2.869589 41.412756
2.864717 41.218496
2.859800 41.021357
2.854882 40.823447
2.850004 40.626773
2.845208 40.433601
2.840551 40.246579
2.836112 40.068422
2.831978 39.902008
2.828240 39.751566
2.824986 39.620311
2.822292 39.511059
2.820215 39.426176
2.818790 39.367622
2.818026 39.336058
2.817895 39.331318
2.818329 39.352472
2.819221 39.398061
2.820437 39.465818
2.821841 39.552265
2.823311 39.654500
2.824746 39.769585
2.826074 39.896115
2.827257 40.031598
2.828291 40.131411
2.829210 40.276769
2.830071 40.424454
2.830949 40.573131
2.831923 40.685416
2.833075 40.833848
2.834481 40.982431
2.836219 41.130686
2.838349 41.278569
2.840920 41.425923
2.843970 41.572704
2.847514 41.718577
2.851542 41.897749
2.856012 42.041099
2.860839 42.181753
2.865899 42.318810
2.871022 42.450368
2.876007 42.573768
2.880621 42.685858
2.884613 42.783362
2.887732 42.862066
2.889739 42.917461
2.890435 42.945864
2.889666 42.944798
2.887355 42.912672
2.883515 42.849305
2.878264 42.729064
2.871812 42.607803
2.864440 42.464259
2.856475 42.304123
2.848253 42.132252
2.840104 41.953722
2.832318 41.773661
2.825146 41.596944
2.818786 41.427128
2.813384 41.267260
2.809030 41.119658
2.805762 40.985791
2.803572 40.866383
2.802407 40.761031
2.802181 40.669534
2.802787 40.590666
2.804104 40.524716
2.806008 40.465969
2.808381 40.414053
2.811124 40.367028
2.814154 40.323046
2.817406 40.280361
2.820836 40.238081
2.824416 40.194956
2.828126 40.150155
2.831953 40.103224
2.835880 40.074757
2.839882 40.020360
2.843927 39.962011
2.847973 39.898994
2.851970 39.830295
2.855865 39.755087
2.859607 39.672465
2.863150 39.581982
2.866474 39.483667
2.869585 39.378197
2.872516 39.266377
2.875334 39.149824
2.878136 39.030760
2.881038 38.911560
2.884165 38.793945
2.887630 38.680552
2.891533 38.572311
2.895945 38.470661
2.900911 38.376191
2.906460 38.288916
2.912599 38.209096
2.919328 38.136756
2.926648 38.072034
2.934568 38.014627
2.943113 37.964702
2.952318 37.922756
2.962231 37.889782
2.972900 37.866370
2.984375 37.854151
2.996696 37.853573
3.009901 37.865924
3.024004 37.892310
3.039013 37.933775
3.054903 37.991083
3.071640 38.065300
3.089152 38.156644
3.107366 38.264800
3.126163 38.384276
3.145432 38.523280
3.165020 38.676443
3.184794 38.841897
3.204591 39.017234
3.224280 39.200203
3.243717 39.388232
3.262809 39.579047
3.281457 39.770441
3.299617 39.960614
3.317246 40.148969
3.334350 40.334544
3.350932 40.516608
3.367023 40.694274
3.382654 40.866925
3.397866 41.034303
3.412685 41.196604
3.427128 41.353629
3.441191 41.505143
3.454848 41.650331
3.468052 41.792805
3.480739 41.921226
3.492840 42.039131
3.504286 42.169823
3.515019 42.262069
3.524992 42.339323
3.534167 42.401098
3.542515 42.447029
3.550002 42.476848
3.556584 42.490551
3.562202 42.487619
3.566783 42.467758
3.570253 42.430395
3.572543 42.375492
3.573611 42.302957
3.573459 42.212924
3.572135 42.106503
3.569735 41.985281
3.566400 41.850874
3.562295 41.706068
3.557590 41.553635
3.552451 41.396330
3.547024 41.236219
3.541440 41.076017
3.535809 40.916952
3.530235 40.760994
3.524822 40.609163
3.519682 40.463353
3.514937 40.325259
3.510714 40.196716
3.507132 40.079176
3.504299 39.974399
3.502303 39.883424
3.501221 39.807439
3.501108 39.741158
3.502003 39.695499
3.503924 39.666122
3.506873 39.653160
3.510831 39.656024
3.515755 39.674441
3.521585 39.707885
3.528236 39.755510
3.535602 39.815917
3.543552 39.887138
3.551934 39.968281
3.560565 40.055851
3.569234 40.146274
3.577719 40.237264
3.585790 40.310880
3.593227 40.393290
3.599845 40.466423
3.605510 40.528557
3.610151 40.577674
3.613763 40.613386
3.616401 40.635991
3.618168 40.647585
3.619198 40.649866
3.619623 40.645057
3.619561 40.634933
3.619102 40.621053
3.618309 40.604101
3.617220 40.584498
3.615854 40.562000
3.614215 40.536548
3.612299 40.507940
3.610094 40.475560
3.607597 40.439089
3.604807 40.398359
3.601735 40.353089
3.598410 40.303444
3.594885 40.249017
3.591236 40.191333
3.587571 40.132009
3.584021 40.072884
3.580730 40.016358
3.577841 39.964591
3.575484 39.921148
3.573763 39.887747
3.572748 39.866767
3.572456 39.859231
3.572862 39.866030
3.573892 39.886668
3.575426 39.920123
3.577311 39.964388
3.579376 40.016790
3.581445 40.074578
3.583345 40.134294
3.584933 40.193009
3.586091 40.246888
3.586723 40.293712
3.586766 40.331742
3.586172 40.359559
3.584904 40.375996
3.582934 40.380673
3.580238 40.372696
3.576803 40.351753
3.572632 40.317967
3.567734 40.270762
3.562142 40.209587
3.555908 40.135809
3.549102 40.120139
3.541803 40.021615
3.534105 39.912262
3.526108 39.793359
3.517929 39.667718
3.509707 39.536419
3.501585 39.402205
3.493711 39.267388
3.486215 39.133824
3.479201 39.018420
3.472739 38.892946
3.466874 38.774017
3.461619 38.663048
3.456963 38.560119
3.452884 38.466663
3.449351 38.382283
3.446338 38.307102
3.443834 38.241781
3.441842 38.186356
3.440381 38.141252
3.439482 38.106836
3.439180 38.083647
3.439519 38.073046
3.440555 38.076616
3.442352 38.094810
3.444974 38.128902
3.448474 38.179477
3.452889 38.247535
3.458221 38.332711
3.464435 38.435049
3.471458 38.552770
3.479171 38.683918
3.487424 38.826331
3.496044 38.976183
3.504850 39.129971
3.513669 39.283375
3.522340 39.432168
3.530731 39.572925
3.538741 39.703048
3.546309 39.821126
3.553403 39.926918
3.560039 39.993853
3.566277 40.078412
3.572231 40.156216
3.578045 40.229800
3.583868 40.301800
3.589846 40.375371
3.596112 40.453019
3.602780 40.536587
3.609937 40.628681
3.617647 40.730041
3.625938 40.841325
3.634800 40.933990
3.644185 41.065881
3.653999 41.204972
3.664101 41.348954
3.674306 41.494970
3.684392 41.639325
3.694114 41.778837
3.703225 41.909516
3.711499 42.027269
3.718758 42.129336
3.724892 42.213352
3.729859 42.278217
3.733684 42.325455
3.736442 42.356883
3.738270 42.374700
3.739352 42.382281
3.739904 42.383278
3.740144 42.380623
3.740296 42.377555
3.740569 42.376937
3.741156 42.381530
3.742237 42.394398
3.743970 42.417531
3.746489 42.452970
3.749898 42.501823
3.754260 42.564626
3.759603 42.642765
3.765914 42.735654
3.773146 42.841691
3.781213 42.958321
3.789995 43.083019
3.799340 43.212129
3.809074 43.342024
3.819007 43.468532
3.828942 43.587973
3.838693 43.697263
3.848089 43.793620
3.856988 43.874844
3.865280 43.939814
3.872897 43.988093
3.879815 44.088834
3.886054 44.106342
3.891670 44.111506
3.896749 44.107008
3.901409 44.096436
3.905789 44.084921
3.910038 44.076630
3.914306 44.075641
3.918726 44.084246
3.923412 44.105258
3.928447 44.140971
3.933889 44.192900
3.939767 44.262088
3.946093 44.351927
3.952867 44.454541
3.960090 44.573055
3.967769 44.706388
3.975926 44.852611
3.984595 45.009634
3.993817 45.175359
4.003637 45.347508
4.014099 45.524052
4.025236 45.702968
4.037057 45.882469
4.049536 46.060357
4.062602 46.233917
4.076123 46.400401
4.089889 46.555728
4.103610 46.695117
4.116931 46.813470
4.129450 46.904405
4.140754 46.962565
4.150464 46.982880
4.158278 46.961770
4.164016 46.897949
4.167648 46.792222
4.169305 46.646679
4.169249 46.466754
4.167850 46.259007
4.165567 46.032149
4.162910 45.795429
4.160402 45.558293
4.158525 45.328973
4.157703 45.065169
4.158277 44.873454
4.160523 44.708977
4.164639 44.575482
4.170765 44.476714
4.178982 44.413546
4.189303 44.387446
4.201692 44.397871
4.216064 44.444470
4.232297 44.526376
4.250236 44.642279
4.269700 44.790623
4.290494 44.968493
4.312444 45.173314
4.335412 45.403491
4.359299 45.656543
4.384046 45.930657
4.409620 46.225264
4.436012 46.540221
4.463214 46.875602
4.491206 47.231129
4.519933 47.665736
4.549297 48.059657
4.579147 48.467550
4.609280 48.885063
4.639461 49.307467
4.669438 49.730161
4.698955 50.147856
4.727745 50.556637
4.755524 50.952685
4.781967 51.332458
4.806709 51.691430
4.829353 52.024631
4.849511 52.327077
4.866838 52.593306
4.881094 52.819387
4.892165 53.002456
4.900083 53.142440
4.905014 53.240648
4.907242 53.300493
4.907140 53.326818
4.905138 53.324709
4.901672 53.299623
4.897146 53.256541
4.891877 53.198600
4.886072 53.128400
4.879814 53.046430
4.873073 52.952519
4.865737 52.844192
4.857668 52.725914
4.848738 52.582903
4.838875 52.418482
4.828094 52.233571
4.816510 52.028990
4.804329 51.807406
4.791843 51.573916
4.779386 51.333986
4.767303 51.094779
4.755921 50.861706
4.745524 50.640417
4.736334 50.433643
4.728507 50.244135
4.722131 50.073390
4.717226 49.922475
4.713748 49.790441
4.711595 49.675662
4.710613 49.575792
4.710609 49.488232
4.711370 49.409335
4.712676 49.335788
4.714310 49.263736
4.716064 49.190144
4.717739 49.111625
4.719129 49.025186
4.720019 48.927438
4.720178 48.814522
4.719354 48.683727
4.717290 48.531689
4.713732 48.355605
4.708463 48.152142
4.701287 47.919383
4.692048 47.655237
4.680682 47.359897
4.667348 47.036833
4.652449 46.692072
4.636485 46.332672
4.619939 45.966744
4.603245 45.601347
4.586774 45.243080
4.570832 44.896923
4.555668 44.567103
4.541478 44.256270
4.528409 43.957760
4.516570 43.694824
4.506035 43.459629
4.496847 43.253359
4.489026 43.077739
4.482569 42.935420
4.477458 42.824574
4.473655 42.742232
4.471108 42.687412
4.469753 42.657471
4.469515 42.649890
4.470303 42.663185
4.472019 42.695701
