Vs+E_c p
-1.904042 1.000000
-1.166075 2.230408
-1.556655 3.501094
-1.244635 4.653747
-1.462215 6.097436
-1.282607 7.365446
-1.439309 8.820347
-1.293940 10.130286
-1.378382 11.600315
-1.279176 12.947443
-1.290835 14.441815
-1.242966 15.831601
-1.181816 17.357865
-1.188252 18.798501
-1.055668 20.363240
-1.116722 21.863220
-0.921644 23.468190
-1.029911 25.034215
-0.798863 26.692699
-0.929533 28.334656
-0.716058 30.051497
-0.817846 31.770518
-0.691872 33.551656
-0.697786 35.337926
-0.707346 37.184878
-0.572468 39.010334
-0.712809 40.925696
-0.443827 42.765568
-0.669671 44.743767
-0.311070 46.571635
-0.570403 48.598522
-0.170542 50.402381
-0.430601 52.457054
-0.018799 54.230877
-0.269398 56.279978
0.141412 58.013678
-0.097970 60.019157
0.302546 61.687869
0.079587 63.606274
0.456366 65.178882
0.263282 66.974738
0.592253 68.416239
0.457524 70.063172
0.706430 71.340716
0.676541 72.823329
0.821556 73.915332
0.962271 75.236721
0.948591 76.141361
1.440078 77.320589
1.060639 78.055222
2.225945 79.114907
1.151894 79.727305
1.276900 80.687528
1.239179 81.197481
1.088613 82.090858
1.335679 82.501340
1.169718 83.358960
1.414549 83.718793
1.241135 84.575390
1.485444 84.898337
1.305948 85.764109
1.551188 86.062010
1.365733 86.945947
1.615727 87.228249
1.421946 88.141945
1.682534 88.420919
1.475910 89.386460
1.754480 89.673833
1.529399 90.719804
1.834351 91.031127
1.585107 92.194025
1.924903 92.547891
1.645930 93.861005
2.028039 94.274638
1.714269 95.765383
2.143194 96.254970
1.791847 97.942932
2.265901 98.519712
1.879684 100.410533
2.389713 101.082610
1.978162 103.168754
2.513536 103.942254
2.087257 106.202687
2.643287 107.082053
2.206859 109.488422
2.768834 110.478781
2.336435 113.000163
2.848722 114.108940
2.473025 116.693019
2.874814 117.916609
2.612234 120.493463
2.898793 121.835827
2.752422 124.333180
2.950977 125.793583
2.893774 128.164485
3.033570 129.744631
3.037178 131.978275
3.139855 133.678720
3.182500 135.799910
3.260942 137.613437
3.326951 139.664496
3.390196 141.564209
3.469715 143.577841
3.523696 145.529458
3.611725 147.517101
3.659114 149.493575
3.752915 151.456106
3.794794 153.436176
3.892353 155.365900
3.929294 157.333023
4.028955 159.221813
4.061529 161.161739
4.161966 163.000206
4.190861 164.904442
4.291112 166.689121
4.317143 168.555647
4.416551 170.290445
4.440682 172.123605
4.538722 173.812137
4.562000 175.618810
4.658137 177.271203
4.681547 179.056697
4.775179 180.679284
4.799469 182.445496
4.889885 184.039701
4.915433 185.785250
5.001826 187.351167
5.028643 189.064874
5.110172 190.591475
5.137945 192.256288
5.213789 193.727387
5.242048 195.320248
5.311660 196.717699
5.340127 198.218266
5.403448 199.527250
5.432135 200.921134
5.489534 202.136178
5.518615 203.420807
5.570676 204.545699
5.600276 205.725555
5.647616 206.767600
5.677684 207.848604
5.720835 208.812724
5.751101 209.799720
5.790484 210.688213
5.820523 211.583087
5.856477 212.396725
5.885814 213.200210
5.918636 213.933836
5.946843 214.647827
5.976802 215.301153
6.003544 215.927230
6.030896 216.500681
6.055982 217.043639
6.080992 217.541599
6.104369 218.007177
6.127313 218.434855
6.149043 218.830971
6.170201 219.193213
6.190431 219.525817
6.210061 219.829638
6.228944 220.106377
6.247243 220.358191
6.264909 220.586604
6.282028 220.793163
6.298598 220.979510
6.314664 221.147778
6.330241 221.298599
6.345364 221.434388
6.360061 221.556700
6.374381 221.668050
6.388391 221.769158
6.402173 221.861438
6.415699 221.945640
6.428595 222.022054
6.440290 222.090725
6.450626 222.152292
6.459741 222.207513
6.467697 222.257024
6.474537 222.300161
6.480294 222.337571
6.484977 222.367748
6.488571 222.389831
6.491021 222.401424
6.492214 222.398832
6.491977 222.376113
6.490051 222.327122
6.486063 222.241879
6.479513 222.106238
6.469767 221.902557
6.456078 221.608121
6.437648 221.196583
6.413757 220.640413
6.383897 219.916373
6.347884 219.010521
6.305906 217.923086
6.258434 216.665264
6.206077 215.255899
6.149458 213.716313
6.089158 212.065767
6.025741 210.322061
5.959807 208.502044
5.892009 206.623664
5.823012 204.704110
5.753428 202.762428
5.683776 200.815494
5.614505 198.877247
5.546017 196.958539
5.478676 195.068873
5.412780 193.214823
5.348563 191.400311
5.286191 189.629717
5.225780 187.904904
5.167418 186.229002
5.111160 184.602319
5.057032 183.025319
5.005041 181.498633
4.955186 180.021526
4.907447 178.594578
4.861797 177.216633
4.818201 175.887311
4.776615 174.605609
4.736993 173.371356
4.699281 172.182248
4.663419 171.037197
4.629343 169.934004
4.596986 168.870993
4.566268 167.846346
4.537103 166.856729
4.509400 165.898904
4.483058 164.970155
4.457964 164.065891
4.433995 163.182812
4.411022 162.316777
4.388913 161.462971
4.367540 160.618021
4.346782 159.778804
4.326544 158.943274
4.306761 158.110011
4.287409 157.279704
4.268493 156.453149
4.250057 155.632872
4.232163 154.822357
4.214893 154.026335
4.198342 153.249311
4.182615 152.496315
4.167819 151.771559
4.154058 151.080091
4.141431 150.427391
4.130020 149.816825
4.119889 149.250481
4.111075 148.730269
4.103583 148.258936
4.097382 147.836524
4.092390 147.461364
4.088473 147.130194
4.085433 146.839197
4.083015 146.581809
4.080933 146.351121
4.078904 146.135988
4.076709 145.931887
4.074256 145.738881
4.071594 145.559106
4.068818 145.394195
4.065957 145.247815
4.062877 145.118594
4.059160 144.998831
4.053999 144.862745
4.046070 144.665815
4.033465 144.334558
4.014266 143.795995
3.988386 143.016022
3.956378 141.998709
3.919350 140.785674
3.879124 139.446408
3.837485 138.048370
3.795763 136.641350
3.754854 135.260793
3.715348 133.927500
3.677629 132.654154
3.641922 131.448800
3.608363 130.313890
3.577012 129.251373
3.547901 128.259534
3.521017 127.336365
3.496343 126.480544
3.473826 125.689260
3.453415 124.959626
3.435019 124.288917
3.418545 123.674327
3.403873 123.111189
3.390893 122.595568
3.379475 122.124268
3.369512 121.690377
3.360891 121.292189
3.353523 120.925019
3.347337 120.585282
3.342294 120.272542
3.338375 119.987643
3.335590 119.730284
3.333951 119.502417
3.333466 119.304811
3.334127 119.139465
3.335904 119.004213
3.338733 118.900294
3.342512 118.822962
3.347119 118.770286
3.352408 118.737633
3.358239 118.721262
3.364494 118.718290
3.371091 118.727928
3.377990 118.749026
3.385193 118.782879
3.392741 118.833845
3.400703 118.903926
3.409176 118.998744
3.418269 119.122085
3.428094 119.278408
3.438767 119.473833
3.450390 119.713136
3.463049 119.998074
3.476806 120.331545
3.491695 120.712388
3.507708 121.141628
3.524810 121.617144
3.542933 122.136598
3.561984 122.696700
3.581846 123.289752
3.602368 123.910658
3.623367 124.549987
3.644610 125.197821
3.665821 125.842910
3.686681 126.471562
3.706858 127.073686
3.726030 127.637490
3.743949 128.153960
3.760466 128.618684
3.775544 129.032071
3.789242 129.397128
3.801672 129.717991
3.812962 130.000292
3.823240 130.251332
3.832605 130.471861
3.841147 130.669028
3.848924 130.842840
3.855988 130.994580
3.862378 131.122455
3.868123 131.226560
3.873248 131.307028
3.877775 131.360911
3.881727 131.389368
3.885138 131.390660
3.888050 131.364347
3.890535 131.311789
3.892677 131.235729
3.894581 131.139799
3.896377 131.030063
3.898202 130.912015
3.900207 130.791175
3.902557 130.676815
3.905411 130.577944
3.908931 130.503985
3.913278 130.464977
3.918603 130.467648
3.925047 130.517890
3.932743 130.623054
3.941802 130.787078
3.952326 131.012359
3.964397 131.300827
3.978081 131.652361
3.993419 132.066427
4.010432 132.539773
4.029113 133.068313
4.049431 133.648390
4.071315 134.274164
4.094659 134.939414
4.119297 135.633848
4.144974 136.344116
4.171282 137.055087
4.197643 137.748654
4.223371 138.402849
4.247817 138.997805
4.270568 139.518772
4.291548 139.963020
4.310972 140.338861
4.329241 140.663133
4.346844 140.954364
4.364264 141.230795
4.381917 141.507356
4.400120 141.793658
4.419080 142.098782
4.438840 142.423891
4.459233 142.769259
4.479926 143.125989
4.500624 143.480471
4.521115 143.821603
4.541258 144.138717
4.561006 144.426110
4.580404 144.684719
4.599553 144.918103
4.618596 145.132126
4.637677 145.334606
4.656919 145.534028
4.676410 145.735410
4.696200 145.942632
4.716304 146.159807
4.736734 146.460768
4.757489 146.711776
4.778600 146.984514
4.800110 147.287975
4.822098 147.626543
4.844658 148.006812
4.867882 148.433360
4.891858 148.910728
4.916651 149.439692
4.942300 150.021072
4.968814 150.655478
4.996167 151.339182
5.024294 152.069693
5.053093 152.844058
5.082418 153.655461
5.112081 154.496771
5.141859 155.358059
5.171489 156.231538
5.200678 157.105479
5.229107 157.966156
5.256425 158.799630
5.282254 159.588802
5.306199 160.316810
5.327870 160.964713
5.346921 161.514686
5.363115 161.951189
5.376377 162.266034
5.386856 162.463257
5.394904 162.551645
5.401009 162.547510
5.405699 162.472271
5.409481 162.346725
5.412815 162.191014
5.416095 162.022568
5.419660 161.856193
5.423800 161.704298
5.428756 161.578554
5.434737 161.486001
5.441914 161.434540
5.450411 161.429787
5.460304 161.473879
5.471604 161.568157
5.484241 161.707786
5.498004 161.879878
5.512236 162.056295
5.525418 162.198951
5.537025 162.280927
5.547626 162.299273
5.557472 162.268347
5.567060 162.207824
5.576610 162.132635
5.586255 162.054655
5.595905 161.973299
5.605390 161.881729
5.614545 161.777475
5.623373 161.664095
5.632105 161.553206
5.641063 161.457460
5.650487 161.387122
5.660512 161.351674
5.671179 161.350751
5.682453 161.383599
5.694265 161.445793
5.706542 161.530749
5.719233 161.633918
5.732324 161.752215
5.745827 161.885974
5.759772 162.036420
5.774190 162.209535
5.789085 162.409843
5.804425 162.639295
5.820111 162.899771
5.835991 163.190523
5.851852 163.507596
5.867449 163.843277
5.882522 164.187830
5.896827 164.529620
5.910149 164.853379
5.922321 165.147070
5.933216 165.401425
5.942753 165.607269
5.950891 165.760547
5.957616 165.859750
5.962947 165.903217
5.966931 165.892683
5.969647 165.830149
5.971221 165.721916
5.971800 165.572963
5.971556 165.390181
5.970654 165.182487
5.969256 164.956074
5.967501 164.716738
5.965510 164.473156
5.963383 164.229437
5.961195 163.989053
5.959003 163.753984
5.956851 163.526664
5.954760 163.307314
5.952737 163.095293
5.950787 162.889609
5.948915 162.687623
5.947124 162.524907
5.945437 162.325716
5.943889 162.125058
5.942528 161.923054
5.941417 161.721189
5.940624 161.522067
5.940219 161.329257
5.940257 161.145977
5.940781 160.973880
5.941814 160.813227
5.943362 160.667085
5.945407 160.535110
5.947917 160.416736
5.950836 160.309160
5.954094 160.211442
5.957601 160.122484
5.961238 160.036921
5.964863 159.951749
5.968284 159.860994
5.971252 159.755974
5.973435 159.625174
5.974426 159.498057
5.973756 159.266327
5.970945 158.954130
5.965568 158.542258
5.957335 158.017548
5.946171 157.375548
5.932278 156.621865
5.916131 155.773346
5.898349 154.849279
5.879557 153.871802
5.860332 152.862070
5.841172 151.837490
5.822486 150.815019
5.804558 149.806233
5.787529 148.820163
5.771420 147.865310
5.756241 146.945605
5.742042 146.065937
5.728904 145.229399
5.716881 144.439317
5.706006 143.697399
5.696293 143.005898
5.687750 142.365134
5.680382 141.774602
5.674204 141.233329
5.669240 140.739678
5.665517 140.292141
5.663002 139.744869
5.661509 139.381820
5.660721 139.098827
5.660345 138.806705
5.660188 138.548129
5.660090 138.320136
5.659917 138.118932
5.659610 137.944285
5.659160 137.794609
5.658585 137.668323
5.657914 137.563882
5.657174 137.479585
5.656378 137.413444
5.655513 137.359012
5.654531 137.314419
5.653359 137.273706
5.651895 137.231224
5.650020 137.181432
5.647600 137.116963
5.644502 137.028781
5.640600 136.912349
5.635778 136.761403
5.629926 136.570918
5.622943 136.335633
5.614729 136.052890
5.605192 135.719374
5.594245 135.428764
5.581795 134.975414
5.567753 134.459087
5.552016 133.877713
5.534471 133.228348
5.514999 132.506384
5.493504 131.707934
5.469956 130.836687
5.444442 129.896737
5.417182 128.897700
5.388502 127.854507
5.358785 126.786160
5.328415 125.708866
5.297739 124.638503
5.267054 123.592530
5.236586 122.584405
5.206504 121.623822
5.176917 120.717691
5.147893 119.871138
5.119461 119.086327
5.091630 118.363587
5.064391 117.701990
5.037733 117.098341
5.011635 116.550863
4.986076 116.053873
4.961037 115.605092
4.936486 115.200528
4.912383 114.835079
4.888676 114.502862
4.865299 114.197194
4.842168 113.911539
4.819182 113.639073
4.796221 113.370938
4.773162 113.101699
4.749876 112.824225
4.726245 112.531918
4.702176 112.220934
4.677615 111.888418
4.652545 111.532352
4.626999 111.154995
4.601052 110.758040
4.574811 110.343610
4.548409 109.916787
4.521969 109.480001
4.495610 109.037574
4.469437 108.586799
4.443537 108.141999
4.418001 107.704073
4.392915 107.276986
4.368365 106.864987
4.344433 106.471845
4.321196 106.102940
4.298727 105.761440
4.277084 105.448776
4.256307 105.167604
4.236423 104.919114
4.217442 104.704384
4.199361 104.524332
4.182159 104.376877
4.165802 104.261531
4.150250 104.175375
4.135456 104.117542
4.121369 104.084356
4.107947 104.072062
4.095154 104.078837
4.082967 104.101165
4.071370 104.138700
4.060359 104.187448
4.049931 104.246979
4.040089 104.313722
4.030835 104.389190
4.022166 104.470782
4.014076 104.558410
4.006558 104.650203
3.999591 104.746674
3.993154 104.846732
3.987216 104.951508
3.981735 105.060308
3.976664 105.172200
3.971951 105.284117
3.967540 105.396294
3.963375 105.507947
3.959406 105.617857
3.955594 105.725498
3.951910 105.829047
3.948344 105.929406
3.944904 106.027703
3.941614 106.126616
3.938509 106.227320
3.935630 106.332924
3.933020 106.446258
3.930705 106.569958
3.928687 106.705272
3.926919 106.849829
3.925314 107.000981
3.923761 107.155063
3.922163 107.307903
3.920463 107.456830
3.918619 107.599091
3.916596 107.734309
3.914348 107.862764
3.911827 107.980257
3.908962 108.084792
3.905673 108.175416
3.901821 108.247524
3.897164 108.293469
3.891366 108.306337
3.884233 108.280027
3.875846 108.212432
3.866380 108.102228
3.856015 107.951664
3.844957 107.762883
3.833420 107.538176
3.821623 107.282122
3.809766 106.999436
3.798024 106.694642
3.786512 106.376205
3.775304 106.050813
3.764473 105.726628
3.754146 105.410678
3.744503 105.110912
3.735719 104.833891
3.727941 104.585016
3.721270 104.367805
3.715761 104.183684
3.711426 104.033741
3.708250 103.936128
3.706173 103.849206
3.705111 103.789469
3.704951 103.752615
3.705562 103.731698
3.706798 103.721293
3.708512 103.663779
3.710560 103.653156
3.712823 103.636224
3.715221 103.612038
3.717732 103.580495
3.720405 103.545207
3.723339 103.510591
3.726658 103.483549
3.730481 103.468142
3.734915 103.470450
3.740042 103.495169
3.745927 103.545826
3.752608 103.625420
3.760114 103.735014
3.768458 103.873561
3.777644 104.041421
3.787671 104.236601
3.798532 104.456342
3.810209 104.700751
3.822671 104.967249
3.835871 105.254922
3.849741 105.560307
3.864181 105.880122
3.879056 106.210117
3.894180 106.543596
3.909321 106.875092
3.924182 107.195381
3.938400 107.493454
3.951540 107.757394
3.963136 107.971654
3.972721 108.120805
3.979863 108.192694
3.984226 108.179476
3.985723 108.083389
3.984555 107.915890
3.980983 107.683677
3.975092 107.392348
3.966779 107.040248
3.956035 106.626427
3.943301 106.157381
3.929192 105.647111
3.914264 105.109924
3.899041 104.561835
3.883941 104.018242
3.869296 103.491654
3.855335 102.991275
3.842206 102.523419
3.829979 102.092752
3.818670 101.701614
3.808261 101.352051
3.798728 101.044720
3.790058 100.779118
3.782254 100.556171
3.775345 100.373157
3.769376 100.231237
3.764406 100.131360
3.760521 100.075256
3.757811 100.063962
3.756378 100.099980
3.756327 100.183616
3.757767 100.320219
3.760802 100.510431
3.765527 100.757074
3.772016 101.063967
3.780323 101.432048
3.790465 101.860734
3.802426 102.348377
3.816156 102.891856
3.831558 103.487407
3.848493 104.129773
3.866770 104.811029
3.886164 105.521969
3.906416 106.251789
3.927263 106.988869
3.948457 107.724208
3.969795 108.447748
3.991136 109.153127
4.012407 109.839131
4.033593 110.504270
4.054721 111.150945
4.075840 111.783686
4.097007 112.507486
4.118263 113.121722
4.139622 113.730475
4.161056 114.335612
4.182488 114.935490
4.203791 115.528960
4.224805 116.111206
4.245356 116.678868
4.265288 117.228638
4.284463 117.758459
4.302777 118.267453
4.320153 118.756092
4.336534 119.223691
4.351886 119.670817
4.366201 120.098048
4.379490 120.505168
4.391788 120.963684
4.403146 121.338471
4.413633 121.695340
4.423330 122.034086
4.432322 122.355232
4.440685 122.623544
4.448472 122.908813
4.455702 123.176241
4.462389 123.428691
4.468571 123.666519
4.474277 123.900854
4.479435 124.100092
4.483803 124.272044
4.487095 124.411297
4.489191 124.510318
4.490083 124.567422
4.489813 124.506805
4.488465 124.474907
4.486161 124.407627
4.483047 124.308059
4.479288 124.182374
4.475062 124.037850
4.470542 123.970489
4.465901 123.804929
4.461297 123.641056
4.456865 123.484170
4.452722 123.339271
4.448961 123.211223
4.445656 123.103724
4.442866 123.018431
4.440641 122.958969
4.439021 122.928307
4.438038 122.927944
4.437717 122.959120
4.438081 123.022814
4.439144 123.119560
4.440907 123.251712
4.443366 123.419822
4.446504 123.622012
4.450286 123.857311
4.454666 124.124829
4.459578 124.422805
4.464934 124.748486
4.470629 125.100837
4.476535 125.471874
4.482492 125.855419
4.488313 126.244081
4.493809 126.626693
4.498824 126.997007
4.503273 127.348609
4.507106 127.475123
4.510280 127.766404
4.512737 128.022029
4.514399 128.235425
4.515181 128.402835
4.515026 128.521402
4.513950 128.590531
4.512035 128.611120
4.509408 128.585942
4.506209 128.520731
4.502583 128.420115
4.498670 128.289747
4.494599 128.150879
4.490478 127.975429
4.486386 127.784265
4.482376 127.571165
4.478469 127.359118
4.474653 127.140674
4.470894 126.915577
4.467127 126.684106
4.463270 126.445852
4.459226 126.197937
4.454876 125.938525
4.450083 125.662387
4.444715 125.366175
4.438619 125.045776
4.431648 124.693628
4.423663 124.304521
4.414546 123.872491
4.404222 123.393144
4.392670 122.862305
4.379949 122.280050
4.366183 121.648405
4.351562 120.971956
4.336328 120.256077
4.320744 119.510198
4.305081 118.741704
4.289601 117.958647
4.274549 117.170091
4.260150 116.382595
4.246596 115.603691
4.234066 114.838081
4.222718 114.094114
4.212699 113.375520
4.204152 112.691364
4.197211 112.046990
4.191995 111.450932
4.188612 110.909618
4.187132 110.429339
4.187601 110.015382
4.190003 109.671298
4.194275 109.399880
4.200278 109.199211
4.207808 109.066540
4.216581 108.997212
4.226243 108.984065
4.236397 109.015956
4.246655 109.083949
4.256685 109.179914
4.266227 109.293834
4.275067 109.417126
4.283025 109.540411
4.289959 109.654439
4.295753 109.751088
4.300324 109.823397
4.303613 109.866068
4.305588 109.875637
4.306239 109.850158
4.305580 109.787843
4.303640 109.691236
4.300470 109.562811
4.296145 109.406167
4.290768 109.225377
4.284477 109.026729
4.277443 108.820253
4.269860 108.614003
4.261929 108.490429
4.253841 108.310658
4.245754 108.158428
4.237810 108.040264
4.230150 107.961509
4.222906 107.927121
4.216193 107.938172
4.210088 107.994635
4.204633 108.094891
4.199829 108.237697
4.195632 108.417621
4.191958 108.629268
4.188666 108.866015
4.185546 109.120029
4.182320 109.379346
4.178659 109.636201
4.174270 109.881562
4.168966 110.109572
4.162667 110.314936
4.155375 110.498712
4.147158 110.662339
4.138128 110.809335
4.128427 110.943838
4.118218 111.071518
4.107665 111.164293
4.096919 111.285600
4.086122 111.410119
4.075393 111.542145
4.064830 111.683242
4.054498 111.857163
4.044426 112.019397
4.034611 112.190223
4.025011 112.367953
4.015575 112.451783
4.006240 112.632843
3.996940 112.808906
3.987588 112.973576
3.978085 113.121964
3.968321 113.246346
3.958188 113.343036
3.947588 113.405434
3.936447 113.432991
3.924709 113.405522
3.912343 113.360601
3.899329 113.265575
3.885664 113.131187
3.871357 112.959425
3.856427 112.755468
3.840924 112.523697
3.824924 112.272219
3.808529 112.008357
3.791878 111.740990
3.775122 111.478287
3.758409 111.226280
3.741884 110.988592
3.725668 110.769918
3.709856 110.569924
3.694517 110.389971
3.679693 110.228677
3.665397 110.079429
3.651617 109.940518
3.638315 109.733708
3.625436 109.598476
3.612897 109.457353
3.600599 109.304048
3.588428 109.132135
3.576249 109.016177
3.563921 108.788979
3.551302 108.526150
3.538251 108.225597
3.524654 107.882789
3.510422 107.497220
3.495500 107.069103
3.479853 106.599849
3.463474 106.093357
3.446387 105.556577
3.428689 104.997787
3.410556 104.428327
3.392211 103.861047
3.373877 103.309008
3.355757 102.782595
3.338019 102.293866
3.320803 101.852452
3.304219 101.459815
3.288349 101.110519
3.273247 100.800091
3.258946 100.523974
3.245455 100.278844
3.232761 100.061140
3.220835 99.866071
3.209631 99.688777
3.199090 99.524420
3.189145 99.370289
3.179730 99.223841
3.170785 99.117591
3.162259 98.975212
3.154106 98.831078
3.146299 98.682297
3.138816 98.526927
3.131650 98.364300
3.124803 98.192323
3.118289 98.011325
3.112134 97.821031
3.106372 97.622927
3.101044 97.419507
3.096201 97.209584
3.091894 96.996504
3.088181 96.783782
3.085114 96.573487
3.082745 96.366887
3.081124 96.159887
3.080297 95.969269
3.080310 95.792044
3.081215 95.633087
3.083067 95.494899
3.085919 95.382068
3.089830 95.299172
3.094861 95.303043
3.101075 95.294101
3.108530 95.333028
3.117292 95.421411
3.127424 95.566412
3.138976 95.770579
3.151985 96.034705
3.166456 96.360174
3.182349 96.744443
3.199558 97.182258
3.217899 97.664984
3.237087 98.181499
3.256742 98.716001
3.276419 99.251449
3.295650 99.769337
3.313999 100.252733
3.331112 100.688070
3.346773 101.064582
3.360826 101.375610
3.373057 101.610574
3.383197 101.765078
3.391112 101.838510
3.396950 101.837704
3.401055 101.774866
3.403792 101.663943
3.405463 101.519560
3.406284 101.350928
3.406403 101.166428
3.405932 100.972087
3.404953 100.774345
3.403533 100.576862
3.401735 100.383201
3.399627 100.198920
3.397273 100.027437
3.394735 99.872272
3.392076 99.736830
3.389347 99.623812
3.386596 99.534735
3.383856 99.470190
3.381146 99.430924
3.378449 99.414291
3.375715 99.417127
3.372843 99.436564
3.369712 99.467829
3.366221 99.507776
3.362325 99.553419
3.358040 99.601034
3.353418 99.646957
3.348540 99.691292
3.343477 99.732213
3.338294 99.730002
3.333044 99.755466
3.327781 99.767415
3.322569 99.760069
3.317481 99.729383
3.312598 99.673075
3.308000 99.591771
3.303782 99.486243
3.300041 99.356883
3.296868 99.203825
3.294328 99.027427
3.292463 98.825709
3.291297 98.598769
3.290847 98.345386
3.291113 98.071158
3.292072 97.783140
3.293714 97.490728
3.296103 97.193423
3.299354 96.922669
3.303591 96.678616
3.308915 96.469687
3.315414 96.304848
3.323160 96.192734
3.332219 96.137112
3.342642 96.035141
3.354462 96.109290
3.367686 96.248258
3.382306 96.450125
3.398291 96.711622
3.415602 97.028925
3.434192 97.395842
3.454016 97.807321
3.475024 98.259495
3.497166 98.748684
3.520372 99.271302
3.544559 99.822621
3.569613 100.396011
3.595401 100.989092
3.621774 101.593163
3.648579 102.206028
3.675681 102.821133
3.702973 103.436026
3.730368 104.047822
3.757792 104.653107
3.785187 105.251859
3.812492 105.841933
3.839655 106.421795
3.866629 106.990081
3.893382 107.547239
3.919915 108.092060
3.946259 108.628633
3.972489 109.138722
3.998706 109.672714
4.025027 110.215427
4.051562 110.770670
4.078410 111.345324
4.105642 111.941607
4.133295 112.563822
4.161363 113.209527
4.189811 113.877659
4.218564 114.563915
4.247526 115.262290
4.276584 115.967824
4.305626 116.675827
4.334558 117.382327
4.363319 118.077769
4.391889 118.757997
4.420294 119.422899
4.448602 120.072733
4.476914 120.709599
4.505347 121.337963
4.534024 121.962472
4.563062 122.588070
4.592560 123.220546
4.622603 123.862940
4.653252 124.519527
4.684543 125.194147
4.716492 125.889001
4.749098 126.608550
4.782349 127.355309
4.816222 128.130431
4.850682 128.933295
4.885678 129.764611
4.921130 130.619741
4.956921 131.496165
4.992884 132.388521
5.028793 133.287338
5.064356 134.185247
5.099221 135.173356
5.132980 136.030481
5.165197 136.843225
5.195453 137.599479
5.223397 138.285868
5.248787 138.894989
5.271535 139.424898
5.291705 139.879711
5.309490 140.265537
5.325163 140.591733
5.339046 140.867037
5.351462 141.103353
5.362732 141.311516
5.373158 141.500235
5.383026 141.676943
5.392591 141.849034
5.402092 142.023407
5.411722 142.209410
5.421652 142.413657
5.431975 142.640421
5.442731 142.887259
5.453860 143.146997
5.465278 143.413214
5.476901 143.678278
5.488705 143.985052
5.500637 144.228929
5.512615 144.452651
5.524471 144.646469
5.535943 144.796781
5.546671 144.889194
5.556251 144.903621
5.564343 144.822383
5.570812 144.636673
5.575739 144.345759
5.579360 143.958239
5.582008 143.493155
5.584044 142.922851
5.585794 142.357969
5.587510 141.768818
5.589364 141.169444
5.591432 140.568405
5.593696 139.965586
5.596044 139.353446
5.598301 138.724658
5.600267 138.069112
5.601792 137.134115
5.602854 136.412658
5.603542 135.666816
5.603982 134.900470
5.604243 134.117581
5.604350 133.321117
5.604312 132.511339
5.604159 131.694589
5.603990 130.879155
5.603984 130.078457
5.604381 129.315443
5.605434 128.610618
5.607362 127.980512
5.610325 127.434807
5.614411 126.981146
5.619653 126.613419
5.626045 126.255878
5.633548 126.026369
5.642113 125.853629
5.651691 125.706721
5.662218 125.621896
5.673628 125.616873
5.685858 125.600403
5.698876 125.614213
5.712670 125.653880
5.727247 125.718245
5.742633 125.808827
5.758854 125.924631
5.775913 126.067712
5.793781 126.238915
5.812402 126.438012
5.831723 126.664453
5.851715 126.920271
5.872363 127.203408
5.893620 127.512594
5.915412 127.847913
5.937635 128.027584
5.960170 128.406735
5.982875 128.805098
6.005595 129.217294
6.028150 129.638893
6.050350 130.067440
6.071999 130.498640
6.092938 130.927350
6.113030 131.353853
6.132206 131.772061
6.150405 132.181534
6.167614 132.579385
6.183782 132.964802
6.198873 133.335799
6.212794 133.690932
6.225460 134.027566
6.236737 134.342271
6.246508 134.629947
6.254637 134.886210
6.261031 135.109045
6.265668 135.295069
6.268647 135.445844
6.270299 135.568541
6.271968 135.672218
6.277906 135.773477
6.279218 135.879598
6.277830 135.941883
6.275157 135.951965
6.271188 135.912883
6.266567 135.835605
6.261360 135.730380
6.255967 135.606624
6.250398 135.456902
6.244847 135.302535
6.239288 135.135025
6.233852 134.956007
6.228635 134.766205
6.223914 134.573205
6.219980 134.387076
6.217200 134.219973
6.215895 134.085214
6.216388 133.995005
6.218942 133.961451
6.223789 133.999238
6.231087 134.118104
6.240943 134.327137
6.253394 134.628105
6.268420 135.018020
6.285934 135.491723
6.305808 136.042643
6.327886 136.661454
6.351990 137.338542
6.377932 138.065757
6.405533 138.835736
6.434616 139.638013
6.465019 140.467936
6.496578 141.318026
6.529120 142.183309
6.562445 143.054286
6.596319 143.939366
6.630465 144.821153
6.664569 145.689237
6.698266 146.526812
6.731131 147.314861
6.762655 148.034656
6.792299 148.664659
6.819602 149.185013
6.844286 149.583235
6.866218 149.831509
6.885409 149.976880
6.901962 150.001889
6.916059 149.918335
6.927940 149.738577
6.937896 149.419852
6.946266 149.086978
6.953418 148.703740
6.959741 148.286888
6.965621 147.855112
6.971426 147.426658
6.977503 147.022384
6.984151 146.658514
6.991622 146.351431
7.000101 146.113865
7.009701 145.954195
7.020460 145.876698
7.032339 145.539254
7.045213 145.613932
7.058885 145.751506
7.073097 145.931732
7.087510 146.131015
7.101702 146.324967
7.115241 146.489921
7.127983 146.612922
7.140124 146.689691
7.151972 146.724039
7.163859 146.722727
7.176113 146.694836
7.189007 146.649798
7.202746 146.592977
7.217438 146.528161
7.233089 146.455898
7.249603 146.370417
7.266803 146.264047
7.284453 146.128489
7.302264 145.957891
7.319930 145.745674
7.337158 145.488189
7.353708 145.185215
7.369414 144.840710
7.384199 144.466624
7.398064 144.077260
7.411096 143.692187
7.423471 143.331879
7.435453 143.018475
7.447355 142.776333
7.459512 142.620662
7.472251 142.561000
7.485854 142.599873
7.500536 142.739706
7.516421 142.979853
7.533522 143.316669
7.551732 143.945927
7.570820 144.431166
7.590442 144.961987
7.610161 145.514350
7.629476 146.058232
7.647855 146.563346
7.664774 146.999850
7.679749 147.339516
7.692384 147.561095
7.702407 147.651198
7.709695 147.607287
7.714279 147.431602
7.716327 147.136222
7.716099 146.737200
7.713906 146.211503
7.710078 145.665174
7.704937 145.072909
7.698796 144.451251
7.691940 143.819878
7.684633 143.191641
7.677109 142.580822
7.669560 141.925729
7.662150 141.388197
7.655002 140.900058
7.648198 140.467776
7.641781 140.094868
7.635764 139.779880
7.630143 139.519546
7.624914 139.309149
7.620088 139.143517
7.615692 139.017783
7.611761 138.921242
7.608332 138.848281
7.605425 138.791629
7.603046 138.746852
7.601183 138.709125
7.599826 138.672706
7.598972 138.635376
7.598627 138.596236
7.598785 138.554644
7.599431 138.509382
7.600521 138.461137
7.601996 138.407299
7.603774 137.917912
7.605742 137.849059
7.607753 137.763750
7.609626 137.653165
7.611142 137.506246
7.612075 137.311016
7.612199 137.050336
7.611313 136.715819
7.609279 136.302300
7.606130 135.814294
7.602104 135.266830
7.597555 134.681615
7.592846 134.081561
7.588323 133.528214
7.584302 132.981205
7.581066 132.502831
7.578860 132.117917
7.577899 131.838613
7.578362 131.614339
7.580406 131.575344
7.584148 131.665145
7.589659 131.880739
7.596948 132.216439
7.605937 132.662983
7.616450 133.206754
7.628204 133.827250
7.640829 134.503557
7.653873 135.207756
7.666837 135.912862
7.679198 136.480714
7.690424 137.099227
7.699988 137.634156
7.707378 138.066216
7.712136 138.371524
7.713873 138.529781
7.712320 138.524592
7.707354 138.349552
7.699057 138.004779
7.687731 137.504450
7.673862 136.800998
7.657994 136.057067
7.640609 135.228533
7.622072 134.340810
7.602705 133.414966
7.582855 132.469115
7.562872 131.464670
7.543061 130.526267
7.523688 129.608299
7.504988 128.720468
7.487163 127.870730
7.470381 127.065170
7.454778 126.312809
7.440449 125.618873
7.427455 125.101813
7.415818 124.531554
7.405538 124.029923
7.396594 123.598525
7.388943 123.234370
7.382531 122.931794
7.377286 122.689586
7.373122 122.502047
7.369937 122.368046
7.367608 122.284935
7.366003 122.249198
7.364975 122.256588
7.364364 122.301285
7.363995 122.392072
7.363675 122.497768
7.363204 122.618513
7.362420 122.746619
7.361244 122.877630
7.359727 123.009817
7.358035 123.147975
7.356410 123.297073
7.355110 123.464552
7.354378 123.659271
7.354410 123.889721
7.355333 124.161123
7.357186 124.474632
7.359907 124.828598
7.363357 125.219784
7.367366 125.643292
7.371755 126.089189
7.376362 126.550366
7.381052 127.019126
7.385731 127.487765
7.390352 127.947304
7.394908 128.392777
7.399417 128.821057
7.403903 129.228247
7.408370 129.378240
7.412784 129.731499
7.417060 130.051677
7.421103 130.333349
7.424849 130.569926
7.428297 130.757809
7.431500 130.900538
7.434509 131.237382
7.437370 131.318021
7.440191 131.390618
7.443188 131.474473
7.446616 131.578056
7.450671 131.709093
7.455458 131.867081
7.461004 132.050976
7.467256 132.257852
7.474088 132.479197
7.481290 132.705482
7.488575 132.924336
7.495575 133.123349
7.501873 133.286580
7.507039 133.399963
7.510745 133.451890
7.512840 133.438864
7.513375 133.358440
7.512476 133.170120
7.510366 132.981481
7.507246 132.933583
7.503350 132.682429
7.498835 132.416352
7.493861 132.142956
7.488492 131.866814
7.482788 131.590718
7.476757 131.315169
7.470407 131.042550
7.463732 130.771454
7.456735 130.498606
7.449427 130.220990
7.441846 129.936913
7.434044 129.641995
7.426105 129.331618
7.418129 129.001558
7.410222 128.653334
7.402504 128.289100
7.395107 127.912310
7.388168 127.527381
7.381805 127.140834
7.376080 126.763293
7.370972 126.404414
7.366416 126.077267
7.362352 125.799609
7.358746 125.580554
7.355615 125.424876
7.353038 125.333674
7.351153 125.307644
7.350139 125.344428
7.350192 125.444621
7.351493 125.604416
7.354178 125.823116
7.358316 126.098227
7.363892 126.421365
7.370813 126.786200
7.378925 127.178541
7.388019 127.587122
7.397851 127.996232
7.408157 128.393419
7.418673 128.767064
7.429153 129.107709
7.439385 129.411804
7.449197 129.677479
7.458451 129.908897
7.467045 130.109846
7.474925 130.334126
7.482095 130.497255
7.488594 130.852115
7.494476 131.007246
7.499794 131.171105
7.504596 131.352501
7.508930 131.554540
7.512843 131.768390
7.516379 132.023134
7.519581 132.306057
7.522491 132.611514
7.525146 132.934517
7.527571 133.271474
7.529793 133.873918
7.531819 134.229466
7.533641 134.591405
7.535228 134.955418
7.536530 135.321486
7.537496 135.690926
7.538088 136.058473
7.538292 136.424027
7.538120 136.783366
7.537618 137.134183
7.536869 137.474107
7.535968 137.802627
7.535021 138.118734
7.534137 138.426975
7.533406 138.730199
7.532890 139.029023
7.532613 139.322585
7.532540 139.607091
7.532573 139.879462
7.532530 140.132251
7.532132 140.351488
7.530992 140.517031
7.528601 140.607806
7.524367 140.602345
7.517754 140.480508
7.508426 140.230086
7.496303 139.847397
7.481503 139.336047
7.464300 138.708537
7.445103 137.981379
7.424401 137.178813
7.402686 136.324838
7.380402 135.445779
7.357917 134.567790
7.335528 133.712904
7.313465 132.901912
7.291908 132.154056
7.270994 131.485303
7.250860 130.908973
7.231658 130.432444
7.213566 130.058292
7.196769 129.789003
7.181440 129.622862
7.167729 129.555365
7.155748 129.341465
7.145535 129.437641
7.137054 129.610581
7.130183 129.845003
7.124751 130.127632
7.120558 130.445475
7.117389 130.786722
7.115031 131.139706
7.113301 131.495177
7.112026 131.846566
7.111018 132.185164
7.110056 132.503190
7.108884 132.790803
7.107236 133.037402
7.104826 133.257289
7.101425 133.395528
7.096857 133.466415
7.091095 133.469298
7.084250 133.412739
7.076624 133.308815
7.068576 133.176264
7.060513 133.035238
7.052762 132.904570
7.045629 132.802077
7.039295 132.743764
7.033907 132.743233
7.029482 132.815882
7.026001 132.970938
7.023301 133.212352
7.021208 133.530384
7.019481 133.901687
7.018031 134.303040
7.016736 134.711756
7.015601 135.110772
7.014470 135.434702
7.013342 135.772694
7.011937 136.063424
7.010249 136.294422
7.007913 136.457434
7.004984 136.543958
7.001158 136.551559
6.996583 136.480495
6.991163 136.340164
6.985075 136.138844
6.978405 135.894288
6.971322 135.620525
6.963975 135.331421
6.956508 135.039750
6.949048 134.757073
6.941693 134.491917
6.934513 134.249967
6.927546 134.038886
6.920810 133.861665
6.914291 133.717082
6.907952 133.602954
6.901712 133.514176
6.895451 133.363831
6.888994 133.299480
6.882111 133.227282
6.874505 133.133523
6.865831 132.999874
6.855747 132.812296
6.844060 132.563036
6.830733 132.245494
6.815853 131.873838
6.799562 131.429368
6.782054 130.924876
6.763533 130.409974
6.744222 129.812785
6.724348 129.178794
6.704160 128.520159
6.683904 127.845904
6.663832 127.167111
6.644169 126.499125
6.625114 125.852662
6.606814 125.237513
6.589371 124.661472
6.572828 124.131056
6.557190 123.648911
6.542427 123.216613
6.528533 122.837863
6.515574 122.515548
6.503707 122.251423
6.493111 122.049225
6.483944 121.911449
6.476322 121.839724
6.470315 121.829869
6.465955 121.878640
6.463245 121.980200
6.462161 122.127852
6.462670 122.315040
6.464735 122.534606
6.468317 122.783619
6.473380 123.053284
6.479894 123.342984
6.487813 123.648920
6.497080 123.967268
6.507597 124.295420
6.519205 124.631473
6.531661 124.972062
6.544662 125.313046
6.557894 125.652565
6.571077 125.989501
6.583980 126.323931
6.596436 126.658396
6.608354 126.989351
6.619708 127.318476
6.630522 127.637694
6.640850 127.944609
6.650761 128.235059
6.660319 128.508562
6.669585 128.762864
6.678613 128.997691
6.687458 129.213338
6.696160 129.412812
6.704747 129.594198
6.713247 129.760040
6.721695 129.911892
6.730146 130.052366
6.738700 130.188511
6.747496 130.321882
6.756713 130.458626
6.766556 130.606594
6.777231 130.772855
6.788935 130.964504
6.801837 131.185770
6.816070 131.441225
6.831727 131.735554
6.848869 132.070384
6.867522 132.444952
6.887685 132.858749
6.909329 133.310003
6.932412 133.797695
6.956879 134.318362
6.982667 134.869513
7.009721 135.453061
7.038020 136.066609
7.067556 136.710450
7.098307 137.385415
7.130202 138.094374
7.163129 138.836611
7.196986 139.612814
7.231699 140.423744
7.267207 141.266460
7.303438 142.138663
7.340307 143.035894
7.377699 143.954113
7.415474 144.889015
7.453460 145.834120
7.491457 146.783150
7.529236 147.727522
7.566552 148.656874
7.603142 149.559752
7.638730 150.379412
7.673058 151.194142
7.705899 151.952331
7.737083 152.645302
7.766493 153.267629
7.794070 154.219233
7.819818 154.691606
7.843823 155.122509
7.866256 155.443481
7.887380 155.708234
7.907561 155.931119
7.927249 156.131786
7.946925 156.328919
7.967017 156.538378
7.987819 156.770855
8.009464 157.033527
8.031950 157.329289
8.055183 157.655585
8.079026 158.006689
8.103329 158.374269
8.127962 158.752728
8.152844 159.136476
8.177961 159.526986
8.203378 159.926237
8.229232 160.345192
8.255708 160.791176
8.283007 161.273903
8.311305 161.805905
8.340703 162.396167
8.371182 163.047105
8.402586 163.753010
8.434624 164.504645
8.466907 165.293368
8.499045 166.106714
8.530748 166.934572
8.561871 167.769489
8.592407 168.606007
8.622439 169.447378
8.652045 170.296172
8.681216 171.156109
8.709795 172.029233
8.737486 172.911709
8.763918 173.795643
8.788721 174.668859
8.811569 175.502063
8.832125 176.266025
8.849942 176.924237
8.864440 177.442158
8.875011 177.789428
8.881210 177.939279
8.882888 177.875267
8.880289 177.597064
8.874011 177.123916
8.864847 176.484735
8.853557 175.716190
8.840749 174.849772
8.826806 173.913548
8.811941 172.924758
8.796202 171.896141
8.779615 170.838981
8.762135 169.591256
8.743811 168.496784
8.724600 167.408985
8.704586 166.339832
8.683611 165.298399
8.661671 164.292754
8.638485 163.335464
8.614236 162.447931
8.589164 161.657960
8.564270 160.983331
8.539794 160.444918
8.516586 160.063752
8.494327 159.720152
8.473846 159.452477
8.454192 159.238917
8.436223 159.042902
8.418085 158.830283
8.400831 158.567342
8.382337 158.236404
8.364525 157.829698
8.345403 157.353984
8.327148 156.819707
8.308227 156.243303
8.290224 155.637034
8.272299 155.013436
8.255051 154.377677
8.238127 153.733810
8.221470 153.079142
8.204822 152.408694
8.187930 151.712218
8.170529 150.978217
8.152386 150.193927
8.133319 149.354456
8.113220 148.465153
8.092249 147.543916
8.070952 146.613671
8.049902 145.964229
8.029461 145.105315
8.009826 144.239857
7.991056 143.417991
7.973101 142.644744
7.955862 141.923446
7.939284 140.887531
7.923387 140.283843
7.908256 139.750294
7.894020 139.296519
7.880835 138.933417
7.868875 138.664704
7.858321 138.494852
7.849351 138.426953
7.842123 138.460105
7.836751 138.596713
7.833276 138.837356
7.831660 139.180334
7.831787 139.810844
7.833524 140.328820
7.836694 140.912119
7.841042 141.538936
7.846161 142.182472
7.851553 142.810915
7.856668 143.391779
7.861047 143.893774
7.864317 144.293915
7.866257 144.581430
7.866687 144.752970
7.865496 144.811671
7.862491 144.757481
7.857428 144.589559
7.849980 144.304483
7.839956 143.899813
7.827337 143.381229
7.812192 142.760182
7.794612 142.054262
7.774741 141.292920
7.752888 140.504937
7.729578 139.729809
7.705385 139.006060
7.680856 138.359365
7.656506 137.804530
7.632741 137.349140
7.609783 136.990560
7.587620 136.723669
7.566021 136.531760
7.544693 136.399607
7.523354 136.310793
7.501705 136.244821
7.479457 136.184060
7.456360 136.286579
7.432205 136.180627
7.406837 136.027602
7.380160 135.815814
7.352164 135.532819
7.322919 135.174155
7.292574 134.741007
7.261333 134.236181
7.229432 133.671970
7.197120 133.056126
7.164655 132.399815
7.132318 131.714521
7.100427 131.013305
7.069374 130.312210
7.039672 129.629034
7.012033 128.981745
6.987290 128.333971
6.965448 127.815067
6.945122 127.371762
6.926178 126.994579
6.908910 126.669946
6.893001 126.389019
6.878476 126.150243
6.865219 125.888709
6.853403 125.736798
6.843104 125.634034
6.834605 125.589873
6.828069 125.615770
6.823737 125.723577
6.821694 125.925484
6.821963 126.221089
6.824375 126.601879
6.828656 127.052224
6.834489 127.554961
6.841648 128.095217
6.849932 128.888011
6.859268 129.465357
6.869602 130.053262
6.880907 130.644551
6.893025 131.234027
6.905824 131.809685
6.919011 132.362426
6.932391 132.883595
6.945602 133.366755
6.958500 133.800764
6.970829 134.181257
6.982589 134.505167
6.993702 134.773993
7.004248 134.988920
7.014260 135.155805
7.023818 135.282387
7.032964 135.376657
7.041683 135.442546
7.049858 135.484081
7.057211 135.493675
7.063294 135.458595
7.067543 135.362598
7.069443 135.187380
7.068635 134.921809
7.064908 134.551735
7.058226 133.970837
7.048778 133.394843
7.037010 132.737890
7.023616 132.030279
7.009403 131.306115
6.995134 130.597016
6.981445 129.928223
6.968825 129.321795
6.957631 128.796920
6.948102 128.356762
6.940382 128.051670
6.934536 127.774475
6.930576 127.580617
6.928461 127.464018
6.928126 127.418845
6.929473 127.442135
6.932391 127.518453
6.936748 127.636155
6.942406 127.782568
6.949202 127.948158
6.957018 128.121781
6.965740 128.294309
6.975311 128.457506
6.985470 128.602722
6.995647 128.723865
7.005239 128.817331
7.014178 128.883040
7.022505 128.927528
7.030232 128.961270
7.037377 128.996029
7.043950 129.041284
7.049938 129.102895
7.055308 129.183130
7.060016 129.285733
7.064012 129.412083
7.067270 129.562325
7.069804 129.738420
7.071669 129.938626
7.072953 130.165542
7.073762 130.416590
7.074201 130.689422
7.074364 130.982919
7.074318 131.296571
7.074092 131.625508
7.073671 131.964848
7.072987 132.304287
7.071914 132.633791
7.070270 132.939070
7.067807 133.201320
7.064206 133.402078
7.059089 133.523921
7.052063 133.548116
7.042784 133.462278
7.031060 133.257623
7.016875 132.931648
7.000359 132.485307
6.981740 131.925165
6.961290 131.259768
6.939306 130.604640
6.916084 129.760366
6.891928 128.847053
6.867139 127.880278
6.842033 126.877164
6.816949 126.159445
6.792251 125.154584
6.768331 124.185466
6.745571 123.276199
6.724325 122.449042
6.704901 121.728537
6.687544 121.126779
6.672437 120.654922
6.659697 120.315668
6.649369 120.111265
6.641434 120.036812
6.635808 120.085297
6.632354 120.245999
6.630893 120.507473
6.631221 120.857283
6.633128 121.277554
6.636413 121.753228
6.640895 122.270570
6.646425 122.818941
6.652887 123.390693
6.660203 123.977917
6.668318 124.576908
6.677199 125.184119
6.686820 125.797782
6.697145 126.418548
6.708118 127.044846
6.719640 127.676879
6.731578 128.308969
6.743756 128.936468
6.755960 129.554569
6.767960 130.157537
6.779519 130.737574
6.790406 131.286767
6.800410 131.797678
6.809329 132.262324
6.816985 132.676493
6.823203 133.029518
6.827814 133.315149
6.830631 133.523325
6.831464 133.645628
6.830137 133.675614
6.826523 133.607521
6.820554 133.443053
6.812269 133.189049
6.801840 132.854026
6.789587 132.451214
6.775921 131.998692
6.761275 131.516214
6.746044 131.022746
6.730551 130.535702
6.715040 130.068727
6.699658 129.630163
6.684469 129.221317
6.669441 128.841367
6.654464 128.483954
6.639360 128.137555
6.623914 127.787691
6.607896 127.422338
6.591102 127.034124
6.573356 126.616372
6.554564 126.164460
6.534728 125.678624
6.513977 125.163816
6.492508 124.627299
6.470523 124.075432
6.448196 123.514346
6.425663 122.948224
6.403034 122.379413
6.380397 121.808502
6.357838 121.235877
6.335458 120.662599
6.313363 120.090923
6.291664 119.433227
6.270485 118.868441
6.249956 118.310782
6.230223 117.764952
6.211457 117.236588
6.193839 116.735234
6.177575 116.268953
6.162866 115.848058
6.149901 115.482986
6.138834 115.183171
6.129784 114.955865
6.122825 114.805409
6.117989 114.734377
6.115261 114.746174
6.114584 114.832552
6.115861 114.985268
6.118952 115.198078
6.123684 115.462657
6.129862 115.766462
6.137266 116.100249
6.145653 116.451736
6.154747 116.811886
6.164234 117.170814
6.173769 117.516030
6.182992 117.835695
6.191561 118.117463
6.199199 118.351772
6.205729 118.532703
6.211118 118.660360
6.215454 118.739563
6.218912 118.778755
6.221717 118.789388
6.224118 118.779401
6.226364 118.759071
6.228684 118.739218
6.231280 118.730428
6.234342 118.744263
6.238048 118.792183
6.242565 118.884983
6.248032 119.029145
6.254539 119.227563
6.262114 119.482786
6.270723 119.792857
6.280276 120.152087
6.290625 120.552313
6.301571 120.982345
6.312862 121.430179
6.324201 121.882095
6.335264 122.327074
6.345727 122.749342
6.355293 123.137803
6.363712 123.482192
6.370776 123.774087
6.376345 124.010663
6.380338 124.188756
6.382743 124.309637
6.383599 124.377708
6.382984 124.397227
6.380987 124.376476
6.377673 124.320323
6.373061 124.235022
6.367118 124.124351
6.359757 124.040756
6.350844 123.881316
6.340232 123.698481
6.327813 123.490140
6.313576 123.259435
6.297637 123.014316
6.280263 122.766066
6.261830 122.529824
6.242723 122.478782
6.223262 122.305317
6.203653 122.169987
6.184000 122.071020
6.164292 122.005921
6.144434 121.967512
6.124270 121.945384
6.103604 121.926919
6.082239 121.894754
6.060002 121.836200
6.036762 121.738950
6.012441 121.594215
5.987022 121.397225
5.960544 121.142718
5.933088 120.832730
5.904764 120.468262
5.875702 120.052594
5.846043 119.590637
5.815923 119.088345
5.785483 118.553843
5.754867 117.996052
5.724222 117.425557
5.693700 116.854419
5.663459 116.294139
5.633671 115.761745
5.604528 115.267888
5.576247 114.823951
5.549068 114.438778
5.523244 114.122188
5.499016 113.883628
5.476611 113.728491
5.456228 113.657098
5.438030 113.673678
5.422155 113.781977
5.408714 113.983220
5.397797 114.277011
5.389473 114.653015
5.383790 115.133490
5.380767 115.701980
5.380398 116.530672
5.382646 117.262938
5.387443 118.068879
5.394693 118.939021
5.404260 119.861245
5.415971 120.820451
5.429596 121.803826
5.444843 122.794323
5.461328 123.773142
5.478575 124.721120
5.496048 125.617369
5.513215 126.441488
5.529589 127.171633
5.544783 127.794994
5.558545 128.302944
5.570791 128.693990
5.581610 128.972828
5.591230 129.152252
5.599960 129.248262
5.608135 129.246340
5.616057 129.226575
5.623951 129.170869
5.631927 129.089838
5.640002 128.990892
5.648162 128.876369
5.656414 128.749224
5.664781 128.609496
5.673294 128.487994
5.681947 128.331953
5.690670 128.178697
5.699362 128.036421
5.707994 127.911535
5.716595 127.807465
5.725177 127.727743
5.733694 127.673566
5.742066 127.645039
5.750218 127.641194
5.758101 127.664864
5.765708 127.711380
5.773097 127.781995
5.780402 127.879376
5.787827 128.007907
5.795593 128.173005
5.803842 128.373052
5.812573 128.602311
5.821607 128.851552
5.830583 129.056190
5.839010 129.292980
5.846377 129.489784
5.852250 129.627050
5.856339 129.587578
5.858504 129.573281
5.858725 129.471711
5.857065 129.284575
5.853641 129.015125
5.848635 128.669602
5.842294 128.260726
5.834887 127.802051
5.826655 127.310325
5.817823 126.802909
5.808627 126.292980
5.799273 125.792380
5.789885 125.306754
5.780458 124.835147
5.770900 124.372550
5.761047 123.909641
5.750721 123.461991
5.739764 122.966088
5.728104 122.451176
5.715814 121.916027
5.703148 121.368969
5.690475 120.819885
5.678187 120.280623
5.666631 119.760350
5.656113 119.268220
5.646884 118.815258
5.639172 118.403375
5.633157 118.043874
5.629016 117.747786
5.626870 117.507526
5.626862 117.335149
5.629055 117.237501
5.633558 117.219093
5.640359 117.201117
5.649535 117.352951
5.660969 117.596147
5.674719 117.932326
5.690508 118.361477
5.708403 118.882409
5.727935 119.489032
5.749263 120.174709
5.771652 120.929643
5.795439 121.737271
5.819479 122.578634
5.844429 123.432204
5.868579 124.279231
5.893070 125.101173
5.915531 125.649423
5.937798 126.390466
5.956979 127.079697
5.975300 127.696658
5.989624 128.232504
6.001757 128.661233
6.009213 128.979919
6.013009 129.176491
6.012222 129.250388
6.007352 129.201056
5.998327 129.031384
5.985307 128.743064
5.968423 128.341644
5.947880 127.832612
5.923958 127.217916
5.897008 126.504886
5.867442 125.703180
5.835696 124.824999
5.802190 123.882086
5.767313 122.887169
5.731398 121.850675
5.694739 120.781466
5.657590 119.687773
5.620185 118.578435
5.582749 117.604629
5.545513 116.483336
5.508716 115.373359
5.472597 114.346274
5.437384 113.297678
5.403279 112.063130
5.370444 111.133277
5.338999 110.274282
5.309018 109.495352
5.280539 108.799587
5.253575 108.185750
5.228128 107.651629
5.204206 107.192805
5.181837 106.802881
5.161078 106.478320
5.142009 106.219810
5.124749 106.029274
5.109471 105.909194
5.096397 105.868164
5.085755 105.909295
5.077724 105.992026
5.072409 106.197844
5.069835 106.482140
5.069954 106.837618
5.072660 107.256496
5.077790 107.728155
5.085149 108.242286
5.094534 108.787417
5.105743 109.350901
5.118568 109.922447
5.132786 110.492298
5.148137 111.049665
5.164312 111.582877
5.180955 112.078958
5.197691 112.526416
5.214164 112.912310
5.230081 113.227796
5.245243 113.465160
5.259566 113.628069
5.273087 113.725333
5.285961 113.774611
5.298431 113.797362
5.310800 113.816204
5.323397 113.856549
5.336554 113.871677
5.350581 114.025183
5.365756 114.250961
5.382321 114.562301
5.400480 114.969719
5.420388 115.477314
5.442147 116.086222
5.465790 116.798712
5.491268 117.611734
5.518428 118.518222
5.546990 119.508224
5.576526 120.566412
5.606465 121.671334
5.636131 122.793936
5.664847 123.901588
5.692101 124.967597
5.717599 125.973113
5.741078 126.902290
5.762183 127.731894
5.780387 128.434309
5.794890 128.979365
5.804943 129.343964
5.810546 129.518918
5.812091 129.579480
5.809968 129.398520
5.804676 129.063660
5.796744 128.587588
5.786630 127.983111
5.774576 127.262714
5.760772 126.438511
5.745675 125.529935
5.729878 124.560720
5.713870 123.556359
5.698083 122.540592
5.682877 121.536161
5.668570 120.569582
5.655438 119.661993
5.643730 118.835285
5.633667 118.103165
5.625429 117.478197
5.619133 116.964948
5.614807 116.570342
5.612379 116.293697
5.611690 116.130156
5.612533 116.068860
5.614688 116.098650
5.617948 116.203555
5.622108 116.369620
5.626842 116.579168
5.631579 116.814424
5.635619 117.049468
5.638427 117.259005
5.639651 117.424867
5.639206 117.539236
5.637205 117.604778
5.633898 117.631619
5.629578 117.632756
5.624542 117.618094
5.619043 117.597807
5.613285 117.579212
5.607423 117.567070
5.601591 117.565143
5.595913 117.576548
5.590511 117.602993
5.585500 117.647525
5.580961 117.711977
5.576931 117.797578
5.573385 117.902907
5.570243 118.025821
5.567400 118.160311
5.564746 118.298271
5.562166 118.433950
5.559545 118.618009
5.556770 118.740282
5.553760 118.850696
5.550455 118.954624
5.546832 119.053091
5.542891 119.145990
5.538638 119.238264
5.534074 119.329428
5.529175 119.417976
5.523886 119.501023
5.518131 119.571106
5.511823 119.620616
5.504872 119.635102
5.497179 119.603374
5.488656 119.518610
5.479241 119.373088
5.468915 119.159000
5.457724 118.876204
5.445790 118.527796
5.433306 118.121185
5.420541 117.667583
5.407813 117.182214
5.395484 116.667469
5.383934 116.173155
5.373546 115.703288
5.364682 115.279235
5.357656 114.921226
5.352719 114.646899
5.350047 114.469423
5.349736 114.398576
5.351799 114.414248
5.356169 114.584277
5.362719 114.881791
5.371260 115.298601
5.381554 115.826679
5.393305 116.449568
5.406143 117.147069
5.419629 117.897326
5.433259 118.674578
5.446490 119.455028
5.458773 120.215114
5.469587 120.930812
5.478488 121.579379
5.485137 122.141758
5.489338 122.602341
5.491038 122.951168
5.490317 123.183881
5.487358 123.298755
5.482409 123.299994
5.475735 123.193893
5.467606 122.986552
5.458279 122.689642
5.447998 122.315861
5.436977 121.880128
5.425400 121.394773
5.413405 120.877023
5.401085 120.246749
5.388491 119.703951
5.375651 119.168864
5.362557 118.650329
5.349175 118.158712
5.335511 117.705880
5.321722 117.305231
5.308103 116.974825
5.295000 116.772672
5.282744 116.618809
5.271604 116.563660
5.261743 116.804108
5.253188 116.924064
5.245829 117.106428
5.239440 117.330674
5.233729 117.570783
5.228437 117.804839
5.223401 118.020891
5.218524 118.149615
5.213708 118.296698
5.208824 118.403120
5.203772 118.458639
5.198575 118.462348
5.193457 118.412530
5.188736 118.313277
5.184320 118.169251
5.179718 117.987829
5.175266 117.791794
5.171763 117.601414
5.169558 117.428882
5.168729 117.278417
5.169222 117.147902
5.170896 117.033052
5.173584 117.031208
5.177130 116.927423
5.181412 116.822871
5.186353 116.715631
5.191896 116.606092
5.197984 116.492841
5.204532 116.379297
5.211402 116.265824
5.218421 116.155735
5.225425 116.052711
5.232315 115.962357
5.239085 115.891281
5.245793 115.845673
5.252492 115.829319
5.259201 115.840424
5.265870 115.874883
5.272371 115.924694
5.278496 115.976258
5.283981 116.013317
5.288532 116.020693
5.291863 115.983076
5.293721 115.891111
5.293913 115.738073
5.292325 115.523479
5.288945 115.253413
5.283926 114.939328
5.277630 114.600550
5.270560 114.257214
5.263264 113.934503
5.256280 113.654445
5.250092 113.433015
5.245076 113.333646
5.241508 113.257387
5.239569 113.257029
5.239370 113.327665
5.240966 113.463552
5.244373 113.656239
5.249574 113.898024
5.256527 114.183600
5.265163 114.503081
5.275385 114.848671
5.287061 115.208676
5.300022 115.576293
5.314051 115.942043
5.328902 116.296060
5.344297 116.628007
5.359944 116.929609
5.375517 117.194172
5.390675 117.420111
5.405192 117.614232
5.419076 117.960394
5.432460 118.126856
5.445452 118.295916
5.458113 118.479501
5.470468 118.681888
5.482514 118.903576
5.494240 119.145882
5.505620 119.415592
5.516609 119.690288
5.527148 119.969218
5.537149 120.242615
5.546492 120.499111
5.555023 120.721355
5.562564 120.893533
5.568934 120.998848
5.573961 121.020127
5.577500 120.946046
5.579477 120.771264
5.579919 120.502442
5.578995 120.152235
5.576972 119.629237
5.574156 119.174031
5.570814 118.692402
5.567162 118.199262
5.563359 117.706207
5.559527 117.223853
5.555764 116.760990
5.552167 116.329707
5.548827 115.935852
5.545824 115.586815
5.543223 115.283345
5.541047 115.027002
5.539298 114.816877
5.537946 114.647226
5.536941 114.464818
5.536216 114.352622
5.535696 114.258398
5.535299 114.173910
5.534943 114.093668
5.534557 114.015812
5.534090 113.940074
5.533510 113.863425
5.532808 113.787857
5.531993 113.716051
5.531103 113.647950
5.530188 113.586229
5.529303 113.536632
5.528508 113.500985
5.527882 113.483301
5.527540 113.487250
5.527630 113.518516
5.528323 113.580845
5.529782 113.678384
5.532143 113.813230
5.535499 113.987983
5.539906 114.204401
5.545376 114.459533
5.551884 114.749283
5.559375 115.069555
5.567780 115.414499
5.577024 115.779071
5.587039 116.156676
5.597780 116.544207
5.609233 116.937463
5.621424 117.334670
5.634426 117.736174
5.648358 117.891186
5.663376 118.301945
5.679666 118.724469
5.697416 119.163744
5.716796 119.623782
5.737940 120.107868
5.760934 120.619083
5.785803 121.157123
5.812509 121.720733
5.840941 122.304927
5.870924 122.902377
5.902207 123.504018
5.934478 124.099039
5.967376 124.673654
6.000543 125.217558
6.033736 125.724133
6.066852 126.191876
6.099853 126.624396
6.132641 127.027411
6.165083 127.407076
6.196942 127.771252
6.227924 128.122510
6.257656 128.464837
6.285868 128.801129
6.312451 129.130444
6.337327 129.449513
6.360312 129.749805
6.381125 130.015683
6.399438 130.230907
6.414944 130.373475
6.427412 130.427660
6.436763 130.385596
6.443102 130.247820
6.446707 130.018867
6.447981 129.700534
6.447238 129.285983
6.443970 128.762731
6.437530 128.136990
6.428924 127.437609
6.419114 126.697762
6.408661 125.948491
6.398099 125.221890
6.387870 124.545915
6.378444 123.946508
6.370246 123.444299
6.363611 123.053521
6.358736 122.780647
6.355697 122.630362
6.354455 122.599919
6.354866 122.682200
6.356647 123.063272
6.359314 123.334039
6.362141 123.673748
6.364318 124.056271
6.365253 124.457562
6.364608 124.855525
6.362214 125.227173
6.357968 125.553022
6.351749 125.813471
6.343416 125.991147
6.332832 126.070926
6.319917 126.043345
6.304692 125.904166
6.287290 125.656150
6.267927 125.309771
6.246886 124.877108
6.224452 124.375454
6.200872 123.817461
6.176321 123.123499
6.150906 122.489124
6.124672 121.826370
6.097607 121.138955
6.069666 120.422140
6.040882 119.680444
6.011455 118.924778
5.981773 118.162294
5.952302 117.428003
5.923486 116.734813
5.895707 116.101537
5.869264 115.544111
5.844381 115.077348
5.821199 114.709477
5.799784 114.443996
5.780133 114.280174
5.762188 114.207847
5.745836 114.213805
5.730927 114.278484
5.717280 114.387609
5.704681 114.523320
5.692904 114.673578
5.681733 114.830127
5.670985 114.985405
5.660526 115.132318
5.650283 115.263461
5.640208 115.330871
5.630240 115.413841
5.620237 115.471063
5.610017 115.504440
5.599492 115.664622
5.588677 115.656545
5.577587 115.628170
5.566206 115.573311
5.554536 115.489393
5.542668 115.380543
5.530816 115.253868
5.519312 115.123382
5.508552 115.002931
5.498938 114.912368
5.490776 114.867888
5.484185 114.881568
5.479084 114.960400
5.475375 115.105886
5.473037 115.313825
5.472025 115.572008
5.472183 115.867659
5.473294 116.185015
5.475185 116.509481
5.477792 116.788502
5.481105 117.091068
5.485060 117.373325
5.489539 117.632089
5.494541 117.870071
5.500206 118.093346
5.506627 118.327946
5.513698 118.533712
5.521096 118.720815
5.528320 118.602919
5.534781 118.682252
5.540110 118.678390
5.544493 118.591855
5.548504 118.440872
5.552760 118.281418
5.557787 118.078355
5.563971 117.889899
5.571528 117.733832
5.580525 117.622202
5.590886 117.565645
5.602413 117.571961
5.614800 117.645046
5.627644 117.819138
5.640461 118.019454
5.652751 118.276612
5.664126 118.568416
5.674410 118.879289
5.683648 119.197238
5.692085 119.519261
5.700122 119.843080
5.708197 120.173860
5.716666 120.513923
5.725745 120.865022
5.735489 121.147357
5.745809 121.491769
5.756485 121.812214
5.767190 122.088028
5.777494 122.297780
5.786945 122.423494
5.795160 122.445287
5.801906 122.352298
5.807088 122.229744
5.810751 121.912018
5.813061 121.495424
5.814293 120.996155
5.814807 120.440501
5.815012 119.850831
5.815320 119.248309
5.816104 118.652760
5.817671 118.082002
5.820254 117.553125
5.824010 117.078309
5.829024 116.671417
5.835324 116.342049
5.842907 116.097436
5.851761 115.942994
5.861893 115.886505
5.873331 115.932239
5.886118 116.078706
5.900295 116.319934
5.915888 116.649857
5.932906 117.059280
5.951353 117.540897
5.971232 118.086929
5.992543 118.692314
6.015266 119.353700
6.039384 120.071005
6.064894 120.840466
6.091755 121.659494
6.119792 122.505444
6.148637 123.480094
6.177752 124.340281
6.206492 125.167000
6.234220 125.928705
6.260421 126.599015
6.284788 127.167017
6.307272 127.635005
6.328071 128.019287
6.347571 128.379691
6.366220 128.669841
6.384413 128.939619
6.402404 129.199512
6.420288 129.454369
6.437994 129.703069
6.455309 129.936813
6.471854 130.076095
6.487138 130.233924
6.500551 130.365697
6.511449 130.320001
6.519227 130.129725
6.523462 129.771304
6.523944 129.239270
6.520739 128.549141
6.514304 127.734899
6.505299 126.834414
6.494357 125.890601
6.482023 124.691922
6.468741 123.772727
6.454874 122.910799
6.440705 122.124721
6.426456 121.430246
6.412278 120.836651
6.398248 120.340295
6.384351 119.930329
6.370489 119.592266
6.356490 119.315453
6.342121 119.085781
6.327086 118.772045
6.311055 118.563779
6.293706 118.336577
6.274818 118.075924
6.254406 117.780979
6.232752 117.459481
6.210232 117.122441
6.187184 116.777098
6.163869 116.433807
6.140458 116.204912
6.117026 115.878588
6.093568 115.623267
6.069998 115.309857
6.046201 114.997223
6.022077 114.682624
5.997593 114.360468
5.972793 114.028755
5.947775 113.682763
5.922648 113.321965
5.897517 112.896569
5.872444 112.500100
5.847452 112.081219
5.822523 111.802761
5.797613 111.325603
5.772692 110.808178
5.747777 110.294394
5.722967 109.699897
5.698428 109.069706
5.674389 108.416690
5.651095 107.755585
5.628790 107.104830
5.607691 106.482137
5.587965 105.905294
5.569736 105.392020
5.553090 104.954943
5.538092 104.600783
5.524776 104.334082
5.513140 104.159499
5.503144 104.073503
5.494703 104.069063
5.487675 104.137522
5.481853 104.267607
5.476950 104.443664
5.472637 104.648159
5.468623 104.867617
5.464698 105.083870
5.460711 105.285738
5.456507 105.464226
5.451934 105.595396
5.446857 105.704795
5.441187 105.771664
5.434890 105.792310
5.428002 105.764940
5.420633 105.692126
5.412958 105.580962
5.405215 105.436053
5.397692 105.267230
5.390712 105.088373
5.384595 104.913592
5.379644 104.757163
5.376124 104.635141
5.374247 104.561763
5.374171 104.546738
5.375994 104.598269
5.379761 104.719178
5.385465 104.912946
5.393052 105.179706
5.402421 105.515829
5.413416 105.912799
5.425814 106.363509
5.439303 106.858674
5.453464 107.383765
5.467795 107.922556
5.481750 108.455542
5.494805 108.962021
5.506514 109.416625
5.516562 109.965224
5.524781 110.257816
5.531150 110.455682
5.535785 110.557569
5.538906 110.568536
5.540810 110.499489
5.541847 110.361164
5.542395 110.168212
5.542844 109.939431
5.543574 109.697697
5.544943 109.464274
5.547250 109.257157
5.550727 109.091712
5.555525 108.979003
5.561710 108.926693
5.569266 108.937802
5.578111 109.012201
5.588102 109.148680
5.599055 109.346565
5.610772 109.601411
5.623083 109.911399
5.635890 110.279865
5.649151 110.715140
5.662830 111.228125
5.676863 111.824748
5.691127 112.506912
5.705443 113.263874
5.719588 114.084041
5.733324 114.954772
5.746417 115.859380
5.758636 116.779358
5.769728 117.694955
5.779385 118.583519
5.787213 119.419321
5.792746 120.168551
5.795483 120.797752
5.794988 121.277804
5.791021 121.590171
5.783588 121.727382
5.772892 121.686854
5.759229 121.471855
5.742933 121.097957
5.724476 120.590328
5.704512 119.981956
5.683679 119.306243
5.662431 118.584071
5.641054 117.833025
5.619745 117.066867
5.598698 116.300056
5.578187 115.550576
5.558549 114.834754
5.540111 114.168608
5.523158 113.562524
5.507948 113.024369
5.494722 112.565231
5.483701 112.196108
5.475087 111.925073
5.469052 111.757776
5.465733 111.699937
5.465234 111.756479
5.467624 111.858405
5.472930 112.142592
5.481144 112.541685
5.492220 113.054644
5.506072 113.676011
5.522572 114.400881
5.541559 115.224002
5.562850 116.140820
5.586268 117.145696
5.611647 118.232326
5.638836 119.388570
5.667687 120.602275
5.698043 121.861308
5.729734 123.156703
5.762572 124.475280
5.796347 125.802495
5.830835 127.127862
5.865799 128.447963
5.901002 129.731405
5.936196 130.975436
5.971071 132.167335
6.005194 133.294596
6.037959 134.346222
6.068747 135.312303
6.097145 136.057501
6.122956 136.837576
6.146065 137.526209
6.166412 138.127645
6.184010 138.646814
6.198919 139.089957
6.211212 139.456715
6.220987 139.762035
6.228386 139.973373
6.233604 140.105851
6.236912 140.162389
6.238641 140.149505
6.239178 140.080454
6.238931 139.969202
6.238290 139.828922
6.237589 139.672344
6.237083 139.511029
6.236935 139.432215
6.237223 139.287625
6.237946 139.157980
6.239048 139.046092
6.240418 138.953195
6.241903 138.881137
6.243324 138.827357
6.244480 138.791291
6.245162 138.768687
6.245169 138.756176
6.244327 138.749583
6.242513 138.745620
6.239676 138.743114
6.235841 138.739218
6.231106 138.736748
6.225627 138.739872
6.219608 138.751531
6.213287 138.778305
6.206920 138.822221
6.200769 138.886514
6.195095 138.976321
6.190144 139.093466
6.186155 139.238668
6.183352 139.302620
6.181953 139.513073
6.182170 139.761681
6.184211 140.050988
6.188265 140.383806
6.194494 140.764447
6.202991 141.195355
6.213736 141.676660
6.226531 142.204632
6.240984 142.774066
6.256623 143.374997
6.273062 143.996792
6.290007 144.638742
6.307193 145.287715
6.324378 145.938550
6.341321 146.587093
6.357777 147.229022
6.373494 147.856115
6.388231 148.460708
6.401776 149.030891
6.413951 149.553739
6.424589 150.013035
6.433469 150.393180
6.440281 150.670324
6.444619 150.815651
6.446072 150.800815
6.444523 150.613688
6.440426 150.259723
6.434604 149.765494
6.427918 149.166290
6.421147 148.500841
6.414897 147.802269
6.409573 147.099813
6.405369 146.409072
6.402274 145.740041
6.400116 145.096812
6.398616 144.478508
6.397461 143.886858
6.396392 143.327309
6.395279 142.810974
6.394128 142.344990
6.393005 141.933455
6.391953 141.582442
6.390978 141.293220
6.390099 141.066557
6.389335 140.898943
6.388653 140.783072
6.387925 140.708882
6.386994 140.664303
6.385836 140.640829
6.384614 140.634428
6.383626 140.645047
6.383222 140.674276
6.383510 140.724717
6.384193 140.793864
6.385226 140.890564
6.387061 141.024551
6.390070 141.205539
6.394372 141.435936
6.399920 141.708307
6.406531 142.013452
6.413927 142.342915
6.421847 142.689226
6.430125 143.049702
6.438633 143.417709
6.447177 143.783243
6.455471 144.130448
6.463168 144.441745
6.469942 144.702483
6.475536 144.892792
6.479794 144.998653
6.482657 145.015503
6.484095 144.939511
6.484059 144.769234
6.482469 144.499871
6.479210 144.132485
6.474199 143.676736
6.467623 143.159978
6.460010 142.618569
6.451909 142.085296
6.443681 141.582843
6.435513 141.127203
6.427486 140.724906
6.419607 140.375314
6.411837 140.075892
6.404154 139.821569
6.396601 139.609385
6.389281 139.437617
6.382319 139.306703
6.375814 139.213167
6.369819 139.153132
6.364330 139.122199
6.359295 139.114759
6.354625 139.122648
6.350221 139.138434
6.346008 139.151067
6.341942 139.152803
6.338016 139.140748
6.334250 139.111663
6.330686 139.067190
6.327373 139.008106
6.324355 138.935878
6.321655 138.853290
6.319252 138.761063
6.317057 138.659613
6.314875 138.543667
6.312407 138.403781
6.309220 138.226838
6.304789 137.992678
6.298488 137.581707
6.289737 137.172789
6.278093 136.653126
6.263447 136.022576
6.245985 135.292879
6.226193 134.485301
6.204801 133.630461
6.182661 132.762976
6.160609 131.817387
6.139394 131.017983
6.119652 130.290907
6.101895 129.652996
6.086526 129.119458
6.073842 128.699510
6.064044 128.397189
6.057263 128.212316
6.053567 128.142748
6.052972 128.182941
6.055465 128.330396
6.061000 128.579531
6.069499 128.925335
6.080847 129.360224
6.094888 129.876978
6.111423 130.465431
6.130201 131.118588
6.150924 131.984770
6.173263 132.731204
6.196849 133.507433
6.221288 134.296989
6.246143 135.089033
6.270902 135.864749
6.294827 136.600769
6.317025 137.275538
6.337176 137.878446
6.355590 138.408733
6.372515 138.875580
6.388367 139.299690
6.403945 139.707722
6.420023 140.123549
6.437125 140.569345
6.455588 141.058795
6.475617 141.448855
6.497292 142.039665
6.520568 142.681579
6.545275 143.370642
6.571126 144.094757
6.597734 144.836988
6.624651 145.581804
6.651444 146.312566
6.677780 147.014206
6.703446 147.675389
6.728306 148.285507
6.752264 148.840447
6.775230 149.335615
6.797127 149.768916
6.817901 150.140421
6.837542 150.451516
6.856042 150.704010
6.873381 150.902027
6.889547 150.847155
6.904686 150.960813
6.919070 151.049079
6.932947 151.119227
6.946438 151.177124
6.959564 151.225995
6.972296 151.267598
6.984581 151.301748
6.996379 151.327266
7.007695 151.344012
7.018586 151.354721
7.029156 151.362267
7.039533 151.370987
7.049850 151.386360
7.060231 151.477173
7.070777 151.511918
7.081565 151.558167
7.092652 151.615715
7.104090 151.684193
7.115930 151.763629
7.128241 151.856967
7.141111 151.966423
7.154660 152.098930
7.169041 152.560258
7.184439 152.761927
7.201058 153.011867
7.219099 153.318573
7.238751 153.688522
7.260164 154.128276
7.283414 154.639882
7.308465 155.222957
7.335116 155.873453
7.363020 156.581593
7.391776 157.332020
7.421019 158.106818
7.450413 158.889195
7.479677 159.664123
7.508574 160.421758
7.536919 161.152547
7.564568 161.847732
7.591426 162.500583
7.617441 163.109794
7.642584 163.673517
7.666815 164.189911
7.690059 164.662067
7.712156 165.085658
7.732853 165.456703
7.751781 165.764341
7.768454 165.990590
7.782325 166.119315
7.792964 166.140184
7.800270 166.044931
7.804607 165.837705
7.806757 165.538383
7.807578 165.175807
7.807842 164.785426
7.808169 164.398846
7.808975 164.043827
7.810442 163.741754
7.812512 163.505453
7.814898 163.331644
7.817124 163.202337
7.818627 163.081820
7.818861 162.930087
7.817415 162.714901
7.814089 162.417771
7.808946 162.034211
7.802197 161.572065
7.794064 161.045520
7.784703 160.638214
7.774227 160.022616
7.762740 159.384226
7.750355 158.744132
7.737190 158.100094
7.723362 157.441482
7.708956 156.765430
7.694023 156.069070
7.678574 155.350835
7.662629 154.610779
7.646272 153.849591
7.629664 153.069431
7.613004 152.273879
7.596472 151.465445
7.580225 150.650224
7.564387 149.827751
7.549069 149.011996
7.534366 148.214540
7.520351 147.447467
7.507066 146.722080
7.494464 146.046185
7.482381 145.420181
7.470589 144.842383
7.458935 144.307917
7.447334 143.806556
7.435732 143.334824
7.424078 142.896243
7.412272 142.483218
7.400138 142.085598
7.387404 141.684562
7.373765 141.257694
7.359059 140.785716
7.343359 140.253041
7.326883 139.654630
7.309902 138.990866
7.292711 138.265705
7.275594 137.486149
7.258817 136.662497
7.242609 135.803824
7.227180 134.922065
7.212710 134.028025
7.199364 133.133070
7.187271 132.249810
7.176531 131.390761
7.167210 130.568640
7.159334 129.795507
7.152891 129.082991
7.147825 128.443409
7.144046 127.879769
7.141433 127.396470
7.139832 126.994031
7.139068 126.674580
7.138954 126.434934
7.139293 126.268803
7.139887 126.169357
7.140547 126.126834
7.141089 126.130721
7.141334 126.166466
7.141096 126.218677
7.140178 126.271769
7.138367 126.312347
7.135467 126.326172
7.131302 126.302854
7.125750 126.231529
7.118738 126.108774
7.110272 125.935606
7.100423 125.716007
7.089336 125.457356
7.077225 125.170448
7.064339 124.868983
7.050940 124.563969
7.037254 124.264701
7.023456 123.977614
7.009662 123.705503
6.995924 123.447491
6.982237 123.198533
6.968554 122.952921
6.954801 122.704167
6.940905 122.446523
6.926815 122.173537
6.912522 121.882505
6.898080 121.571577
6.883594 121.243673
6.869220 120.905633
6.855128 120.564174
6.841482 120.227608
6.828418 119.904901
6.816040 119.603946
6.804422 119.329728
6.793604 119.083651
6.783599 118.867125
6.774393 118.679259
6.765945 118.519163
6.758201 118.381531
6.751083 118.259409
6.744506 118.166355
6.738382 118.054525
6.732625 117.937646
6.727157 117.812098
6.721919 117.674879
6.716865 117.525971
6.711975 117.365354
6.707248 117.198198
6.702699 117.050576
6.698359 116.637153
6.694263 116.471531
6.690448 116.321033
6.686940 116.191945
6.683748 116.092205
6.680854 116.028784
6.678215 116.003924
6.675748 116.018225
6.673343 116.069833
6.670849 116.152488
6.668089 116.265962
6.664864 116.380111
6.660975 116.489759
6.656246 116.584189
6.650560 116.656401
6.643900 116.702574
6.636371 116.724319
6.628114 116.723958
6.619253 116.703619
6.609857 116.666398
6.599953 116.612449
6.589510 116.545527
6.578471 116.462400
6.566748 116.362123
6.554245 116.240694
6.540860 116.090660
6.526499 115.906197
6.511069 115.678325
6.494483 115.401051
6.476699 115.071276
6.457769 114.691682
6.437846 114.265659
6.417118 113.800672
6.395776 113.300098
6.374007 112.773134
6.352001 112.226007
6.329954 111.667578
6.308077 111.104580
6.286593 110.544140
6.265726 109.956042
6.245695 109.423983
6.226714 108.917803
6.208988 108.443306
6.192713 108.009562
6.178066 107.616642
6.165211 107.278670
6.154277 107.002858
6.145375 106.792842
6.138570 106.663557
6.133891 106.606077
6.131305 106.634749
6.130727 106.747439
6.132012 106.921650
6.134938 107.204650
6.139181 107.561894
6.144277 107.978536
6.149665 108.501197
6.154942 108.992552
6.160042 109.506657
6.165021 110.039481
6.169920 110.589730
6.174751 111.117510
6.179460 111.702883
6.183923 112.337033
6.187942 112.945940
6.191245 113.538088
6.193498 114.106514
6.194311 114.618484
6.193241 115.050114
6.189819 115.374585
6.183551 115.565009
6.173968 115.598385
6.160680 115.455195
6.143383 115.125792
6.121946 114.615828
6.096593 113.943972
6.067889 113.135857
6.036485 112.215924
6.002970 111.210378
5.967888 110.146250
5.931781 109.051993
5.895201 107.952234
5.858669 106.874818
5.822670 105.846695
5.787630 104.891236
5.753919 104.022758
5.721845 103.284525
5.691660 102.679241
5.663562 102.216857
5.637684 101.900129
5.614115 101.725566
5.592903 101.681011
5.574072 101.756722
5.557638 101.941311
5.543615 102.226539
5.532017 102.604979
5.522864 103.071173
5.516154 103.620465
5.511854 104.251567
5.509864 104.961350
5.510002 105.743100
5.512018 106.585615
5.515618 107.477061
5.520485 108.404472
5.526299 109.351903
5.532720 110.328346
5.539389 111.261273
5.545910 112.155038
5.551826 112.983114
5.556578 113.722976
5.559837 114.368290
5.561937 114.930401
5.563422 115.428246
5.564610 115.872571
5.565658 116.272820
5.566608 116.630444
5.567406 116.947329
5.567925 117.222118
5.567964 117.449983
5.567234 117.623291
5.565360 117.730622
5.561832 117.757168
5.556072 117.688324
5.547608 117.558994
5.536447 117.296159
5.522940 116.959190
5.507763 116.574071
5.491418 116.169022
5.474656 115.766986
5.457599 115.386634
5.441059 115.038739
5.424443 114.732666
5.408542 114.463636
5.392212 114.218294
5.375261 113.972990
5.356837 113.712916
5.337353 113.432198
5.317481 113.139597
5.297642 112.782262
5.278208 112.492759
5.259409 112.218115
5.241388 111.964744
5.224201 111.734539
5.207866 111.525749
5.192378 111.340322
5.177735 111.179513
5.163933 111.046909
5.150989 110.944231
5.138916 110.875447
5.127728 110.841132
5.117420 110.838808
5.107968 110.869730
5.099316 110.931058
5.091385 111.021119
5.084070 111.135881
5.077259 111.270638
5.070840 111.418404
5.064724 111.571248
5.058858 111.723599
5.053219 111.872172
5.047794 112.004572
5.042541 112.127119
5.037377 112.237579
5.032219 112.336598
5.026996 112.423737
5.021641 112.495066
5.016023 112.546341
5.009913 112.569234
5.003040 112.553122
4.995175 112.486216
4.986209 112.362944
4.976163 112.179322
4.965168 111.939174
4.953438 111.651185
4.941235 111.644041
4.928824 111.292771
4.916441 110.931863
4.904236 110.569257
4.892266 110.245621
4.880516 109.893906
4.868935 109.550512
4.857488 109.218957
4.846181 109.052620
4.835089 108.756963
4.824360 108.487890
4.814212 108.253499
4.804891 108.022748
4.796631 107.990566
4.789622 107.899572
4.783994 107.870505
4.779816 107.900542
4.777085 107.989737
4.775733 108.132623
4.775626 108.322433
4.776563 108.545963
4.778296 108.791432
4.780535 109.045883
4.782964 109.293105
4.785257 109.517070
4.787087 109.703527
4.788137 109.840807
4.788093 109.941221
4.786657 109.946403
4.783600 109.871786
4.778818 109.710561
4.772342 109.463378
4.764297 109.135355
4.754864 108.745195
4.744251 108.276101
4.732668 107.556839
4.720321 106.986806
4.707404 106.380117
4.694104 105.701149
4.680609 105.051369
4.667124 104.395381
4.653876 103.748973
4.641139 103.090256
4.629237 102.503507
4.618560 101.976269
4.609554 101.531795
4.602683 101.191604
4.598373 100.974368
4.596970 100.895441
4.598726 100.966951
4.603787 101.197012
4.612188 101.587971
4.623861 102.134246
4.638622 102.820058
4.656157 103.628565
4.676019 104.540724
4.697688 105.531423
4.720700 106.578660
4.744693 107.658363
4.769353 108.749525
4.794362 109.831809
4.819374 110.680374
4.843951 111.346875
4.867552 112.256984
4.889615 113.070964
4.909657 113.769177
4.927310 114.338010
4.942333 114.769968
4.954644 115.295449
4.964343 115.460853
4.971708 115.512159
4.977136 115.469186
4.981073 115.355725
4.983953 115.197468
4.986169 115.018445
4.988043 114.837827
4.989818 114.671378
4.991663 114.533001
4.993698 114.556971
4.995998 114.490354
4.998618 114.467923
5.001568 114.490173
5.004831 114.556859
5.008346 114.666939
5.012042 114.819009
5.015830 115.009271
5.019651 115.234981
5.023399 115.161394
5.026983 115.442205
5.030186 116.011350
5.032797 116.337971
5.034466 116.670456
5.034847 116.992770
5.033530 117.286728
5.030190 117.534615
5.024624 117.711653
5.016760 117.818969
5.006586 117.856562
4.994119 117.803882
4.979431 117.670627
4.962675 117.453849
4.944051 117.154064
4.923759 116.771287
4.901963 116.304832
4.878736 115.752602
4.854013 115.111414
4.827658 114.380440
4.799709 113.562042
4.770455 112.663612
4.740329 111.701330
4.709841 110.693378
4.679494 109.663744
4.649747 108.640740
4.620980 107.651407
4.593481 106.712456
4.567433 105.837537
4.542932 105.036773
4.520008 104.311697
4.498662 103.665373
4.478898 103.095836
4.460752 102.606640
4.444301 102.198657
4.429650 101.874503
4.416905 101.638168
4.406152 101.492222
4.397432 101.439368
4.390737 101.478288
4.385999 101.602773
4.383084 101.805249
4.381789 102.073040
4.381837 102.392460
4.382910 102.748884
4.384652 103.125623
4.386700 103.504067
4.388687 103.868309
4.390245 104.203601
4.391010 104.492376
4.390624 104.719138
4.388748 104.867405
4.385083 104.926728
4.379380 104.887756
4.371446 104.742212
4.361141 104.484040
4.348403 104.116607
4.333282 103.646524
4.315965 103.086814
4.296741 102.430009
4.275953 101.744021
4.253973 101.025874
4.231178 100.296920
4.207943 99.579979
4.184624 98.918754
4.161554 98.287529
4.139033 97.720255
4.117333 97.226248
4.096681 96.813149
4.077263 96.487932
4.059210 96.249563
4.042608 96.098076
4.027477 96.025182
4.013775 96.024683
4.001391 96.085958
3.990148 96.196418
3.979817 96.339964
3.970140 96.496090
3.960854 96.646780
3.951724 96.778742
3.942561 96.876950
3.933226 96.937169
3.923605 96.953384
3.913601 96.924313
3.903109 96.848100
3.892026 96.720054
3.880252 96.575016
3.867727 96.331985
3.854438 96.027151
3.840442 95.660774
3.825839 95.237577
3.810760 94.764874
3.795343 94.248960
3.779727 93.703205
3.764044 93.137436
3.748438 92.680782
3.733072 92.096774
3.718142 91.517493
3.703872 90.955161
3.690492 90.422925
3.678210 89.932587
3.667201 89.498832
3.657603 89.135043
3.649527 88.857259
3.643074 88.681831
3.638343 88.615565
3.635425 88.665539
3.634386 88.839505
3.635256 89.148163
3.638019 89.593280
3.642607 90.175534
3.648904 90.882505
3.656746 91.696227
3.665927 92.598949
3.676218 93.603717
3.687382 94.632216
3.699196 95.701050
3.711461 96.798886
3.724017 97.915549
3.736741 99.040095
3.749518 100.159269
3.762237 101.257816
3.774679 102.308128
3.785810 103.251988
3.793933 104.054800
3.799071 104.714162
3.801579 105.207676
3.801306 105.596662
3.798028 105.851091
3.791514 105.969662
3.782110 105.960532
3.770373 105.839674
3.756726 105.619681
3.741547 105.309532
3.725172 104.919992
3.707916 104.420279
3.690098 103.897633
3.672039 103.324047
3.654056 102.716907
3.636450 102.180555
3.619504 101.570467
3.603455 100.997226
3.588507 100.489084
3.574816 100.061660
3.562489 99.731152
3.551586 99.463899
3.542118 99.349072
3.534040 99.349064
3.527250 99.460142
3.521579 99.674490
3.516786 99.976370
3.512570 100.340317
3.508560 100.713765
3.504331 101.115324
3.499436 101.495924
3.493424 101.792242
3.485887 101.989387
3.476500 102.063069
3.465050 101.997770
3.451456 101.791967
3.435777 101.452077
3.418173 100.992436
3.398908 100.431853
3.378310 99.791210
3.356781 99.092333
3.334754 98.351461
3.312647 97.589971
3.290829 96.824169
3.269623 96.071801
3.249306 95.349301
3.230101 94.663520
3.212178 94.024501
3.195662 93.441422
3.180641 92.921283
3.167179 92.46