Vs+E_c p
12181.993078 135976.794811
5.748638 41.523921
8.153223 39.762071
5.343299 38.013578
17.208218 36.606034
5.053588 36.478523
11.225749 35.284841
4.747432 34.913150
10.104841 33.903577
4.497122 33.928742
8.880121 33.085567
4.292003 33.277546
8.047743 32.588740
4.120797 33.624295
7.425438 33.056910
3.976946 33.521390
6.949230 33.055487
3.858090 33.585983
6.573978 33.208151
3.761638 33.769318
6.273097 33.475265
3.685192 34.036955
6.029596 33.826929
3.626429 35.112204
5.832274 35.173499
3.582609 35.646580
5.673165 35.588608
3.550382 36.025915
5.545741 36.560562
3.526553 37.080432
5.443948 37.128641
3.508956 37.642334
5.362133 37.587272
3.496327 38.235551
5.295402 38.291276
3.487468 38.649686
5.239779 38.473463
3.481019 38.568802
5.192088 37.735800
3.475709 38.391140
5.149906 38.386321
3.470534 38.600960
5.111258 38.571118
3.464835 38.760274
5.074330 38.702929
3.458288 38.867680
5.037271 38.781913
3.450858 38.922815
4.998212 38.808835
3.442800 38.929963
4.955025 38.788055
3.434576 38.893349
4.905231 38.725989
3.426765 38.820628
4.846262 38.629982
3.420001 38.719832
4.776069 38.508751
3.414893 38.603828
4.694073 38.376323
3.411932 38.498347
4.602214 38.260241
3.411415 38.434793
4.505281 38.188861
3.413413 38.404489
4.410052 38.150825
3.417792 38.390605
4.323261 38.130174
3.424287 38.385031
4.249810 38.119608
3.432634 38.383356
4.192123 38.114412
3.442634 38.382273
4.150448 38.111712
3.454226 38.380243
4.123732 38.110504
3.467523 38.377575
4.110419 38.110610
3.482782 38.375801
4.108945 38.114320
3.500317 38.378897
4.117931 38.125013
3.520381 38.391836
4.136201 38.147734
3.543107 38.420602
4.162686 38.187117
3.568492 38.470274
4.196353 38.248789
3.596523 38.545753
4.236164 38.335232
3.627194 38.647507
4.281055 38.446884
3.660486 38.774443
4.330023 38.582428
3.696294 38.923539
4.382223 38.738927
3.734335 39.089948
4.437056 38.911574
3.774097 39.267353
4.494151 39.093883
3.814827 39.449580
4.553297 39.279151
3.855566 39.630404
4.614379 39.460799
3.895221 39.805719
4.677241 39.632551
3.932734 39.971790
4.741606 39.791895
3.967370 40.129319
4.807146 39.938017
3.998900 40.277933
4.873544 40.070825
4.027582 40.418764
4.940578 40.192041
4.053931 40.553232
5.008115 40.305105
4.078496 40.684067
5.076108 40.413450
4.101724 40.814895
5.144519 40.520713
4.123857 40.948297
5.213233 40.628985
4.144930 41.085377
5.282133 40.738708
4.164833 41.225282
5.351265 40.847387
4.183467 41.365889
5.421219 40.953516
4.201034 41.506659
5.493603 41.057892
4.218350 41.652027
5.571376 41.166585
4.237018 41.811762
5.658494 41.293082
4.259348 42.002942
5.758059 41.455403
4.288059 42.247502
5.867185 41.675547
4.325752 42.567338
5.967646 41.975074
4.374068 42.978600
6.021950 42.370140
4.432402 43.478004
6.003635 42.858018
4.497425 44.040731
5.936581 43.416494
4.565020 44.631840
5.850773 44.009838
4.631193 45.209049
5.736047 44.593457
4.690014 45.681541
5.615308 45.078354
4.743306 45.917434
5.568761 45.337709
4.779501 45.954041
5.540340 45.339846
4.780977 45.870848
5.500416 45.198194
4.773362 45.674003
5.453106 44.964858
4.760706 45.407216
5.403435 44.863311
4.747555 45.297642
5.356379 44.597020
4.737974 45.035488
5.316131 44.376886
4.734943 44.833804
5.285689 44.235395
4.740285 44.720211
5.266557 44.190971
4.754988 44.705739
5.257521 44.247313
4.779692 44.789478
5.251994 44.398041
4.814718 44.953611
5.244157 44.618049
4.857091 45.153323
5.242365 44.846331
4.892071 45.327487
5.242994 45.008300
4.913123 45.424691
5.237223 45.083687
4.925529 45.448950
5.228376 45.104387
4.934655 45.445287
5.221649 45.120303
4.945143 45.460457
5.221042 45.171056
4.959885 45.524015
5.229140 45.275874
4.980029 45.646245
5.247921 45.437872
5.005555 45.826449
5.280553 45.653016
5.036157 46.060881
5.335502 45.918155
5.072251 46.351356
5.438753 46.234838
5.115813 46.707336
5.682433 46.612560
5.171120 47.157689
6.500638 47.084223
5.248034 47.798815
9.897690 47.745778
5.371085 48.536848
6.694661 48.483385
5.368462 48.358961
6.193993 48.368857
5.390572 48.441766
5.874679 48.519191
5.434862 48.751909
5.782044 48.891237
5.494263 49.219747
5.771601 49.415522
5.564818 49.808471
5.799797 50.053989
5.643793 50.492353
5.849722 50.780266
5.729012 51.249744
5.912998 51.572210
5.818518 52.060118
5.984531 52.408595
5.910445 52.903493
6.060760 53.269257
6.003002 53.760113
6.138941 54.134669
6.094456 54.610953
6.216840 54.984905
6.183126 55.437367
6.292580 55.802824
6.267434 56.223115
6.364550 56.570990
6.345922 56.952029
6.431330 57.274142
6.417289 57.610626
6.491639 57.899112
6.480401 58.186269
6.544287 58.434017
6.534282 58.668303
6.588185 58.868518
6.578114 59.215266
6.622375 59.361498
6.611219 59.482050
6.646058 59.572056
6.633045 59.633794
6.658658 59.665974
6.643234 59.668401
6.659895 59.640873
6.641717 59.584099
6.649822 59.497954
6.628713 59.382694
6.628824 59.239700
6.604769 59.068876
6.597597 58.871761
6.570734 58.648939
6.557120 58.401854
6.527709 58.131440
6.508576 57.839107
6.476989 57.526129
6.453308 57.194160
6.420012 56.844547
6.392788 56.478791
6.358322 56.098571
6.328561 55.705313
6.293531 55.301253
6.262228 54.888257
6.227282 54.467792
6.195389 54.042192
6.161167 53.613348
6.129531 53.183326
6.096575 52.754046
6.065837 52.327879
6.034464 51.906474
6.004915 51.491693
5.975056 51.085140
5.946498 50.687102
5.917581 50.470194
5.889243 50.081982
5.860100 49.702037
5.830571 49.329371
5.799453 48.961506
5.766770 48.595722
5.731426 48.228661
5.693177 47.855884
5.651016 47.395785
5.604538 46.995784
5.552878 46.573450
5.495652 46.123523
5.432229 45.640537
5.362290 45.119866
5.285140 44.555558
5.199920 43.940028
5.106034 43.267190
5.004500 42.536288
4.897000 41.754872
4.785658 40.937127
4.672531 40.101312
4.559475 39.263503
4.447919 38.438172
4.338916 37.633528
4.233136 36.878946
4.130977 36.130032
4.032612 35.410926
3.938084 34.721528
3.847332 34.061039
3.760233 33.427606
3.676626 32.820121
3.596329 32.236690
3.519140 31.675778
3.444856 31.135467
3.373276 30.614388
3.304209 30.110735
3.237475 29.622904
3.172912 29.149585
3.110372 28.689630
3.049730 28.241866
2.990872 27.805704
2.933705 27.380099
2.878149 26.965058
2.824133 26.559398
2.771593 26.163004
2.720470 25.775595
2.670707 25.396717
2.622244 25.025534
2.575026 24.661643
2.528992 24.304210
2.484076 23.952989
2.440215 23.606770
2.397340 23.265170
2.355378 22.928050
2.314274 22.594382
2.273974 22.264356
2.234442 21.937454
2.195652 21.613832
2.157599 21.293576
2.120300 20.976906
2.083786 20.664482
2.048100 20.356923
2.013298 20.054911
1.979443 19.758884
1.946608 19.469482
1.914859 19.187516
1.884259 18.913785
1.854874 18.674697
1.826763 18.418493
1.799980 18.172826
1.774568 17.937760
1.750568 17.714354
1.728008 17.503304
1.706917 17.304695
1.687306 17.118681
1.669199 16.945040
1.652605 16.918712
1.637526 16.768349
1.623965 16.630471
1.611918 16.505035
1.601385 16.392207
1.592352 16.291518
1.584800 16.203172
1.578709 16.126662
1.574049 16.061594
1.570782 16.001057
1.568861 15.831479
1.568230 15.798341
1.568821 15.775121
1.570555 15.760904
1.573341 15.755077
1.577081 15.756675
1.581672 15.765332
1.587009 15.779962
1.592994 15.799685
1.599535 15.824301
1.606553 15.853128
1.613977 15.885906
1.621754 15.922012
1.629862 15.961527
1.638282 16.004500
1.647015 16.050762
1.656070 16.100398
1.665467 16.153375
1.675226 16.209809
1.685363 16.269217
1.695896 16.331988
1.706835 16.397816
1.718183 16.466444
1.729942 16.537633
1.742108 16.611415
1.754668 16.687437
1.767606 16.765468
1.780903 16.845805
1.794531 16.927750
1.808456 17.011214
1.822629 17.095710
1.836981 17.180379
1.851413 17.263966
1.865786 17.345070
1.879923 17.422218
1.893603 17.492195
1.906544 17.552412
1.918412 17.599117
1.928836 17.629889
1.937443 17.531302
1.943918 17.520922
1.948073 17.486974
1.949874 17.429331
1.949443 17.349895
1.947027 17.251120
1.942956 17.135948
1.937603 17.008847
1.931354 16.873915
1.924581 16.734652
1.917622 16.594391
1.910773 16.456734
1.904286 16.324398
1.898357 16.198785
1.893125 16.081431
1.888680 15.973361
1.885065 15.874887
1.882284 15.785982
1.880299 15.705995
1.879044 15.634102
1.878421 15.569132
1.878334 15.509766
1.878674 15.455248
1.879338 15.404054
1.880238 15.355326
1.881313 15.308793
1.882532 15.265087
1.883884 15.221502
1.885389 15.180525
1.887093 15.143149
1.889059 15.110205
1.891356 15.082739
1.894054 15.061821
1.897216 15.047840
1.900895 15.041341
1.905118 15.042283
1.909886 15.051196
1.915169 15.067504
1.920907 15.090135
1.927003 15.117557
1.933336 15.148493
1.939768 15.181453
1.946147 15.214802
1.952320 15.247189
1.958140 15.277464
1.963477 15.304850
1.968235 15.375975
1.972348 15.397752
1.975783 15.417305
1.978545 15.436836
1.980678 15.457942
1.982258 15.481327
1.983385 15.552341
1.984167 15.578083
1.984745 15.605797
1.985249 15.636182
1.985817 15.670289
1.986583 15.708811
1.987669 15.753337
1.989190 15.803929
1.991240 15.861504
1.993889 15.926006
1.997204 15.998435
2.001218 16.078459
2.005949 16.209948
2.011390 16.304322
2.017514 16.405307
2.024283 16.511545
2.031640 16.622642
2.039506 16.766545
2.047796 16.883270
2.056405 17.001991
2.065220 17.121420
2.074115 17.240559
2.082958 17.357798
2.091608 17.481726
2.099922 17.590772
2.107747 17.694205
2.114928 17.790984
2.121310 17.828411
2.126731 17.908222
2.131024 17.976883
2.134011 18.032921
2.135501 18.073957
2.135296 18.097997
2.133201 18.103675
2.129051 18.089434
2.122769 18.054924
2.114403 18.000711
2.104156 17.928438
2.092363 17.841729
2.079438 17.744032
2.065830 17.638740
2.051968 17.530063
2.038247 17.421784
2.025017 17.316185
2.012568 17.216401
2.001138 17.124650
1.990911 17.042429
1.982034 16.906305
1.974611 16.846328
1.968720 16.799461
1.964422 16.765671
1.961749 16.745328
1.960717 16.738958
1.961331 16.746417
1.963585 16.767760
1.967462 16.803068
1.972931 16.851870
1.979950 16.914215
1.988469 16.989689
1.998438 17.078135
2.009795 17.178417
2.022477 17.290442
2.036412 17.413325
2.051529 17.546357
2.067757 17.689283
2.085028 17.841429
2.103266 18.002022
2.122391 18.169695
2.142320 18.343641
2.162967 18.591963
2.184233 18.776735
2.206015 18.965082
2.228208 19.155463
2.250697 19.346712
2.273367 19.537226
2.296111 19.726593
2.318822 19.912814
2.341409 20.094952
2.363787 20.272045
2.385883 20.443149
2.407640 20.607929
2.429021 20.765725
2.450005 20.916771
2.470586 21.060182
2.490784 21.197490
2.510634 21.329085
2.530191 21.455787
2.549520 21.578858
2.568702 21.699440
2.587826 21.819000
2.606978 21.939022
2.626229 22.060976
2.645626 22.186420
2.665187 22.315860
2.684881 22.449953
2.704643 22.588813
2.724357 22.731974
2.743865 22.877535
2.762977 23.023719
2.781471 23.168250
2.799119 23.308900
2.815695 23.444251
2.831008 23.615466
2.844948 23.718261
2.857507 23.827286
2.868776 23.926953
2.878922 24.019083
2.888135 24.103281
2.896585 24.180672
2.904390 24.251148
2.911588 24.315068
2.918144 24.370725
2.923920 24.416713
2.928713 24.450817
2.932282 24.470663
2.934377 24.473668
2.934772 24.457273
2.933292 24.419855
2.929825 24.359790
2.924337 24.148502
2.916859 24.046406
2.907480 23.924120
2.896342 23.783758
2.883623 23.628182
2.869531 23.460693
2.854283 23.284017
2.838112 23.101438
2.821232 22.915614
2.803848 22.729525
2.786143 22.545521
2.768269 22.366003
2.750349 22.192727
2.732481 22.025806
2.714733 21.865951
2.697152 21.712222
2.679769 21.563839
2.662596 21.419923
2.645625 21.279875
2.628837 21.140633
2.612182 21.000904
2.595586 20.859460
2.578961 20.714598
2.562209 20.566430
2.545260 20.415510
2.528101 20.262853
2.510787 20.110019
2.493462 19.960319
2.476320 19.816782
2.459589 19.684514
2.443500 19.567537
2.428279 19.469358
2.414117 19.391515
2.401180 19.335104
2.389595 19.300567
2.379440 19.288892
2.370748 19.299599
2.363488 19.332110
2.357583 19.385179
2.352895 19.456032
2.349229 19.541698
2.346365 19.638607
2.344088 19.744632
2.342223 19.857080
2.340651 19.974644
2.339311 20.096529
2.338189 20.224720
2.337291 20.357902
2.336605 20.493766
2.336064 20.630967
2.335519 20.767143
2.334704 20.899922
2.333244 21.025469
2.330662 21.138354
2.326411 21.231991
2.319934 21.298761
2.310716 21.332566
2.298337 21.328178
2.282483 21.280470
2.263010 21.187728
2.239915 21.048601
2.213355 20.865244
2.183638 20.641895
2.151214 20.383695
2.116648 20.097714
2.080554 19.791181
2.043531 19.471201
2.006111 19.143823
1.968732 18.905984
1.931741 18.572236
1.895402 18.242018
1.859910 17.918072
1.825404 17.601839
1.791975 17.294333
1.759687 16.996483
1.728571 16.708670
1.698631 16.431020
1.669853 16.164720
1.642206 15.909737
1.615649 15.666477
1.590114 15.435538
1.565533 15.218296
1.541840 15.015675
1.518954 14.828557
1.496801 14.650446
1.475310 14.490155
1.454410 14.338370
1.434061 14.191088
1.414226 14.046696
1.394891 13.903784
1.376075 13.761707
1.357809 13.620371
1.340143 13.480329
1.323141 13.342316
1.306873 13.207284
1.291404 13.076227
1.276794 12.950109
1.263087 12.829902
1.250311 12.715977
1.238489 12.608567
1.227620 12.508713
1.217688 12.437147
1.208666 12.351825
1.200510 12.273860
1.193171 12.202934
1.186596 12.138700
1.180722 12.080718
1.175484 12.028655
1.170819 11.981732
1.166661 11.939854
1.162952 11.902488
1.159633 11.869213
1.156659 11.840215
1.153992 11.814609
1.151597 11.792134
1.149451 11.772683
1.147535 11.755805
1.145843 11.741775
1.144366 11.730285
1.143100 11.646264
1.142043 11.642954
1.141195 11.645881
1.140553 11.655724
1.140116 11.670952
1.139885 11.690893
1.139863 11.715494
1.140053 11.744028
1.140468 11.776863
1.141122 11.814372
1.142046 11.857029
1.143275 11.904790
1.144853 11.958186
1.146842 12.017197
1.149304 12.080995
1.152313 12.150230
1.155933 12.225546
1.160230 12.307031
1.165257 12.394675
1.171052 12.488502
1.177623 12.588361
1.184943 12.693839
1.192953 12.803968
1.201560 12.917784
1.210651 13.034064
1.220101 13.152136
1.229781 13.271419
1.239585 13.390757
1.249412 13.509557
1.259189 13.627625
1.268853 13.745194
1.278356 13.862468
1.287652 13.979966
1.296699 14.098103
1.305469 14.217338
1.313961 14.338100
1.322210 14.460984
1.330291 14.586786
1.338322 14.716676
1.346446 14.855040
1.354823 14.995781
1.363609 15.142969
1.372956 15.297588
1.382993 15.460049
1.393834 15.630531
1.405575 15.809594
1.418305 15.997815
1.432102 16.195786
1.447030 16.404021
1.463168 16.623203
1.480593 16.853877
1.499389 17.096751
1.519648 17.352607
1.541473 17.622616
1.564973 17.908086
1.590266 18.210208
1.617472 18.530514
1.646698 18.870261
1.678046 19.230315
1.711599 19.611801
1.747408 20.015317
1.785488 20.441294
1.825813 20.889408
1.868311 21.359240
1.912865 21.850022
1.959308 22.360438
2.007418 22.888577
2.056920 23.431698
2.107486 23.986213
2.158721 24.547086
2.210160 25.108546
2.261264 25.662792
2.311394 26.200915
2.359778 26.710870
2.405494 27.180531
2.447468 27.596901
2.484674 27.950271
2.516534 28.236253
2.543141 28.455061
2.565086 28.613032
2.583167 28.719367
2.598206 28.783101
2.610955 28.813449
2.622068 28.818809
2.632070 28.805742
2.641373 28.779289
2.650285 28.744191
2.659029 28.703096
2.667752 28.658677
2.676543 28.612634
2.685446 28.567398
2.694454 28.523435
2.703522 28.482088
2.712569 28.442410
2.721462 28.402918
2.730032 28.417645
2.738071 28.376801
2.745363 28.331273
2.751709 28.279134
2.756941 28.284833
2.760925 28.214707
2.763563 28.132719
2.764765 28.037450
2.764465 27.927805
2.762633 27.804057
2.759333 27.666794
2.754751 27.517763
2.749171 27.358662
2.742927 27.192031
2.736345 27.020205
2.729723 26.845859
2.723312 26.670564
2.717319 26.497166
2.711896 26.326479
2.707143 26.160448
2.703120 26.000052
2.699835 25.845457
2.697254 25.698520
2.695298 25.558101
2.693847 25.424307
2.692739 25.296490
2.691775 25.173855
2.690722 25.055800
2.689333 24.940849
2.687380 24.827727
2.684688 24.714664
2.681177 24.601595
2.676862 24.488194
2.671829 24.374365
2.666215 24.260624
2.660171 24.194406
2.653847 24.081966
2.647374 23.972050
2.640875 23.865556
2.634438 23.763555
2.628142 23.666626
2.622048 23.631916
2.616190 23.544399
2.610606 23.461380
2.605318 23.382477
2.600345 23.307722
2.595719 23.236571
2.591470 23.169122
2.587646 23.106026
2.584300 23.047358
2.581489 22.993666
2.579269 22.945673
2.577706 22.903581
2.576857 22.868004
2.576777 22.839017
2.577504 22.783805
2.579076 22.768733
2.581512 22.761322
2.584833 22.762395
2.589052 22.772047
2.594175 22.791094
2.600199 22.819764
2.607121 22.858756
2.614916 22.908074
2.623529 22.991245
2.632875 23.062343
2.642813 23.142096
2.653161 23.229113
2.663672 23.321046
2.674028 23.414539
2.683849 23.506866
2.692654 23.592647
2.699870 23.666204
2.704814 23.721333
2.706716 23.751018
2.704780 23.748024
2.698329 23.705800
2.686883 23.618106
2.670158 23.481566
2.648020 23.293524
2.620501 23.055118
2.587924 22.769588
2.551049 22.443351
2.510953 22.085426
2.468764 21.704490
2.425503 21.309456
2.382020 20.908045
2.338992 20.506344
2.296931 20.109398
2.256205 19.721091
2.217058 19.343900
2.179634 18.979694
2.143995 18.629027
2.110136 18.291825
2.077997 17.967802
2.047467 17.656625
2.018425 17.357297
1.990730 17.068024
1.964237 16.786881
1.938827 16.513156
1.914389 16.246409
1.890848 15.986875
1.868147 15.734729
1.846257 15.489313
1.825180 15.260199
1.804939 15.030519
1.785597 14.812245
1.767254 14.606976
1.750047 14.417093
1.734131 14.245606
1.719672 14.094432
1.706830 13.966994
1.695749 13.864601
1.686548 13.788091
1.679314 13.737540
1.674105 13.713058
1.670945 13.715859
1.669817 13.743407
1.670665 13.793393
1.673396 13.864094
1.677873 13.953452
1.683918 14.059478
1.691321 14.179289
1.699838 14.310000
1.709209 14.448846
1.719170 14.592489
1.729472 14.738354
1.739896 14.884349
1.750247 15.027895
1.760346 15.167632
1.770031 15.302658
1.779143 15.432154
1.787526 15.555944
1.795031 15.673412
1.801503 15.781835
1.806788 15.878034
1.810732 15.959208
1.813193 16.022513
1.814044 16.066008
1.813214 16.087832
1.810681 16.087397
1.806516 16.064932
1.800883 16.021499
1.794041 15.960051
1.786345 15.884650
1.778222 15.799590
1.770149 15.710761
1.762629 15.623143
1.756201 15.544548
1.751383 15.480195
1.748676 15.436981
1.748548 15.421724
1.751427 15.439734
1.757712 15.497191
1.767754 15.599347
1.781869 15.751412
1.800340 15.957690
1.823419 16.221550
1.851327 16.546115
1.884250 16.932991
1.922331 17.383234
1.965667 17.897987
2.014277 18.475338
2.068079 19.114158
2.126815 19.810364
2.189964 20.558984
2.256611 21.349499
2.325278 22.165362
2.393700 22.981097
2.458929 23.767417
2.518680 24.498318
2.572305 25.160288
2.619565 25.746887
2.660029 26.252863
2.692992 26.461831
2.717208 26.759962
2.731091 26.940600
2.735425 27.020929
2.733777 27.033866
2.729041 27.006408
2.722836 26.956990
2.716201 26.897968
2.709791 26.837869
2.703987 26.781540
2.699001 26.746623
2.694911 26.708556
2.691701 26.679132
2.689293 26.658836
2.687618 26.649160
2.686652 26.650699
2.686469 26.663560
2.687233 26.688973
2.689154 26.728507
2.692445 26.784372
2.697306 26.859144
2.703880 26.953991
2.712249 27.070149
2.722432 27.208100
2.734380 27.366712
2.747989 27.545887
2.763114 27.744189
2.779585 27.960028
2.797206 28.191140
2.815786 28.435162
2.835127 28.689948
2.855037 28.953269
2.875330 29.222285
2.895815 29.494876
2.916290 29.769160
2.936555 30.041898
2.956396 30.310594
2.975587 30.572154
2.993894 30.823538
3.011075 31.061233
3.026894 31.282310
3.041134 31.484526
3.053592 31.664292
3.064092 31.819936
3.072498 31.949861
3.078713 32.052110
3.082686 32.127051
3.084418 32.173728
3.083953 32.191811
3.081366 32.182224
3.076772 32.146005
3.070297 32.084629
3.062098 31.999560
3.052331 31.893681
3.041168 31.768146
3.028779 31.625125
3.015326 31.467517
3.000967 31.296918
2.985852 31.116214
2.970131 31.112545
2.953941 30.915354
2.937415 30.715072
2.920675 30.514003
2.903847 30.313884
2.887051 30.116757
2.870409 29.923360
2.854057 29.735820
2.838122 29.555429
2.822740 29.383597
2.808052 29.222230
2.794200 28.973560
2.781332 28.840395
2.769600 28.723869
2.759159 28.626263
2.750162 28.550182
2.742763 28.498175
2.737111 28.473319
2.733350 28.477155
2.731614 28.512054
2.732023 28.580285
2.734684 28.683304
2.739675 28.822896
2.747042 28.999558
2.756774 29.214358
2.768784 29.466498
2.782862 29.778645
2.798615 30.099163
2.815362 30.443606
2.832002 30.797738
2.846856 31.136238
2.857453 31.420183
2.860202 31.595803
2.850974 31.609586
2.827953 31.433775
2.792607 31.078605
2.747888 30.582274
2.696997 29.988861
2.642423 29.337544
2.585966 28.658404
2.528825 27.971274
2.471776 27.289038
2.415278 26.620311
2.359600 25.967809
2.304892 25.335052
2.251236 24.722773
2.198674 24.131596
2.147233 23.598372
2.096929 23.047910
2.047780 22.518567
1.999799 22.009118
1.953001 21.519569
1.907399 21.049307
1.863007 20.598096
1.819822 20.164830
1.777850 19.749218
1.737085 19.350430
1.697513 18.967789
1.659118 18.600153
1.621877 18.247161
1.585764 17.907448
1.550748 17.579499
1.516796 17.263205
1.483878 16.957113
1.451962 16.661018
1.421024 16.373896
1.391040 16.095744
1.361995 15.825869
1.333878 15.563922
1.306686 15.310239
1.280415 15.064487
1.255064 14.826747
1.230635 14.596867
1.207126 14.374484
1.184544 14.159725
1.162887 13.953394
1.142154 13.754831
1.122348 13.563929
1.103472 13.380937
1.085525 13.206524
1.068510 13.040567
1.052434 12.883360
1.037302 12.735117
1.023126 12.628701
1.009920 12.500558
0.997705 12.382745
0.986502 12.276088
0.976344 12.180643
0.967264 12.096889
0.959290 12.024926
0.952463 11.965439
0.946816 11.918126
0.942387 11.883215
0.939204 11.860723
0.937294 11.850542
0.936674 11.852473
0.937353 11.866957
0.939335 11.893765
0.942607 11.931961
0.947146 11.981567
0.952917 12.040835
0.959874 12.124226
0.967951 12.201577
0.977075 12.286515
0.987154 12.378012
0.998081 12.474609
1.009737 12.574997
1.021992 12.677769
1.034711 12.774580
1.047756 12.877675
1.060986 12.978831
1.074270 13.076530
1.087483 13.169637
1.100512 13.257509
1.113270 13.339620
1.125682 13.415467
1.137695 13.485005
1.149282 13.548750
1.160438 13.607502
1.171173 13.625026
1.181520 13.675166
1.191529 13.724423
1.201261 13.774762
1.210797 13.783249
1.220215 13.839207
1.229604 13.899131
1.239060 13.964000
1.248681 14.034374
1.258560 14.110682
1.268794 14.193656
1.279464 14.283686
1.290655 14.380496
1.302450 14.484560
1.314922 14.561674
1.328138 14.680983
1.342159 14.806817
1.357036 14.939640
1.372809 15.079101
1.389514 15.225708
1.407166 15.379562
1.425768 15.540818
1.445300 15.687279
1.465718 15.862858
1.486935 16.044893
1.508825 16.232276
1.531204 16.423391
1.553818 16.615810
1.576349 16.806485
1.598402 16.992188
1.619544 17.168433
1.639313 17.330255
1.657268 17.473009
1.673044 17.592861
1.686387 17.686313
1.697165 17.772376
1.705390 17.810070
1.711179 17.715189
1.714742 17.701350
1.716322 17.665607
1.716159 17.611186
1.714476 17.540640
1.711466 17.456814
1.707306 17.362790
1.702163 17.261014
1.696237 17.153548
1.689734 17.042704
1.682854 16.930451
1.675793 16.818392
1.668725 16.708686
1.661802 16.601989
1.655158 16.499507
1.648911 16.402255
1.643154 16.310904
1.637972 16.226034
1.633429 16.147955
1.629577 16.076844
1.626453 16.012804
1.624088 15.955795
1.622487 15.905806
1.621664 15.862130
1.621613 15.824724
1.622322 15.793593
1.623771 15.830599
1.625928 15.812411
1.628755 15.800390
1.632215 15.794555
1.636266 15.794790
1.640859 15.816818
1.645956 15.830143
1.651519 15.850666
1.657512 15.878381
1.663899 15.912835
1.670656 15.954878
1.677758 16.003576
1.685192 16.059298
1.692947 16.121469
1.701023 16.189992
1.709428 16.264601
1.718170 16.344759
1.727261 16.430294
1.736713 16.521542
1.746532 16.617747
1.756718 16.718492
1.767256 16.823269
1.778109 16.931571
1.789216 17.042555
1.800490 17.154039
1.811809 17.264203
1.823015 17.370116
1.833920 17.487734
1.844315 17.575145
1.853977 17.649348
1.862685 17.707868
1.870250 17.750174
1.876534 17.776989
1.881500 17.792225
1.885225 17.802655
1.887889 17.816096
1.889722 17.841363
1.890955 17.881900
1.891783 17.934740
1.892351 17.995733
1.892738 18.061203
1.892968 18.128436
1.893012 18.194822
1.892795 18.258396
1.892215 18.317210
1.891152 18.368705
1.889485 18.410657
1.887112 18.508357
1.883956 18.529299
1.879986 18.539682
1.875207 18.540404
1.869655 18.532612
1.863391 18.518406
1.856471 18.499102
1.848925 18.475337
1.840739 18.363469
1.831830 18.325969
1.822036 18.280052
1.811139 18.222726
1.798913 18.151316
1.785213 18.065292
1.770082 17.966359
1.753842 17.858717
1.737113 17.747703
1.720702 17.641709
1.705447 17.549848
1.692135 17.480446
1.681433 17.514508
1.673879 17.507471
1.669887 17.541134
1.669726 17.618831
1.673507 17.741856
1.681143 17.909276
1.692271 18.118225
1.706120 18.360741
1.721369 18.622884
1.736078 18.882530
1.747798 19.107852
1.753875 19.261017
1.751871 19.312500
1.740544 19.255260
1.720982 19.110706
1.696229 18.915800
1.669638 18.705278
1.643694 18.505527
1.619858 18.330664
1.598886 18.189019
1.581116 18.084366
1.566641 18.018081
1.555400 17.988568
1.547236 17.994177
1.541959 18.031353
1.539342 18.096559
1.539156 18.185546
1.541176 18.260709
1.545181 18.387078
1.550971 18.527547
1.558355 18.679516
1.567162 18.840835
1.577238 19.010017
1.588441 19.184693
1.600644 19.364881
1.613740 19.548813
1.627630 19.735488
1.642233 19.924630
1.657473 20.114842
1.673291 20.306214
1.689634 20.497955
1.706466 20.690295
1.723742 20.882882
1.741443 21.075070
1.759549 21.267383
1.778039 21.570801
1.796890 21.759829
1.816078 21.948688
1.835585 22.137553
1.855385 22.326407
1.875443 22.515195
1.895738 22.703822
1.916241 22.892278
1.936925 23.080306
1.957767 23.267890
1.978747 23.455127
1.999854 23.641442
2.021077 23.826661
2.042416 24.011146
2.063867 24.194937
2.085434 24.378033
2.107114 24.559673
2.128907 24.740496
2.150810 24.919887
2.172808 25.097550
2.194886 25.273614
2.217020 25.447577
2.239177 25.619026
2.261315 25.787694
2.283387 25.953356
2.305342 26.114857
2.327128 26.272093
2.348686 26.424376
2.369962 26.571567
2.390913 26.798836
2.411492 26.937739
2.431660 27.070241
2.451388 27.196900
2.470665 27.294156
2.489482 27.484642
2.507843 27.596697
2.525758 27.702897
2.543242 27.803985
2.560317 27.900225
2.577006 27.992814
2.593332 28.082284
2.609321 28.170884
2.624984 28.190118
2.640325 28.280983
2.655338 28.371771
2.669998 28.461181
2.684265 28.547690
2.698079 28.631005
2.711363 28.710865
2.724015 28.785800
2.735914 28.854456
2.746907 28.915301
2.756823 28.966230
2.765465 29.005591
2.772615 29.031186
2.778043 29.040756
2.781525 29.032425
2.782856 29.004128
2.781861 28.953961
2.778409 28.880405
2.772394 28.781871
2.763736 28.657676
2.752372 28.507535
2.738263 28.331783
2.721446 28.131670
2.702078 27.909404
2.680444 27.667843
2.656903 27.410297
2.631838 27.140189
2.605615 26.860979
2.578550 26.574859
2.550920 26.284967
2.522946 25.992958
2.494802 25.700802
2.466622 25.409909
2.438496 25.121399
2.410483 24.835898
2.382616 24.553889
2.354908 24.275271
2.327364 23.999005
2.299988 23.724165
2.272794 23.450807
2.245809 23.179039
2.219076 22.907875
2.192654 22.638438
2.166627 22.371233
2.141083 22.107445
2.116122 21.847969
2.091843 21.594190
2.068341 21.347472
2.045702 21.021818
2.024013 20.795958
2.003348 20.582062
1.983775 20.380641
1.965344 20.192473
1.948099 20.018127
1.932072 19.857806
1.917286 19.711433
1.903748 19.577707
1.891472 19.456079
1.880461 19.346093
1.870703 19.247251
1.862181 19.158842
1.854877 19.080332
1.848767 19.012010
1.843813 18.952734
1.839987 18.901885
1.837242 18.858901
1.835534 18.822849
1.834810 18.793432
1.835006 18.770106
1.836051 18.752134
1.837865 18.739064
1.840351 18.730010
1.843400 18.723947
1.846889 18.719797
1.850671 18.716304
1.854588 18.712164
1.858467 18.705886
1.862134 18.695689
1.865423 18.680665
1.868192 18.659152
1.870343 18.570710
1.871823 18.535553
1.872629 18.554327
1.872795 18.505940
1.872396 18.451296
1.871523 18.391218
1.870299 18.327244
1.868860 18.261059
1.867353 18.194278
1.865950 18.129195
1.864831 18.068179
1.864179 18.013836
1.864181 17.968968
1.865009 17.936406
1.866819 17.919028
1.869743 17.918594
1.873888 17.936145
1.879335 17.971841
1.886138 18.024860
1.894326 18.095584
1.903920 18.183163
1.914918 18.288116
1.927301 18.407743
1.941036 18.540624
1.956076 18.686207
1.972356 18.843718
1.989784 19.011927
2.008241 19.189807
2.027572 19.376154
2.047590 19.569303
2.068088 19.767825
2.088856 19.970077
2.109692 20.173870
2.130421 20.377277
2.150901 20.579243
2.171021 20.778183
2.190701 20.973142
2.209885 21.163295
2.228549 21.348901
2.246696 21.529323
2.264329 21.717791
2.281461 21.888630
2.298105 22.054846
2.314268 22.216567
2.329937 22.373469
2.345098 22.525243
2.359693 22.671533
2.373635 22.811353
2.386799 22.943091
2.399023 23.064748
2.410154 23.175513
2.420075 23.275273
2.428727 23.364096
2.436109 23.443808
2.442252 23.516788
2.447191 23.584540
2.450968 23.648669
2.453611 23.705487
2.455109 23.752208
2.455424 23.788221
2.454494 23.811359
2.452236 23.820392
2.448546 23.813769
2.443340 23.789132
2.436531 23.745292
2.428054 23.681231
2.417884 23.595674
2.406032 23.488852
2.392555 23.361088
2.377567 23.213517
2.361213 23.047971
2.343684 22.866441
2.325196 22.671580
2.305984 22.387265
2.286284 22.174217
2.266328 21.956118
2.246325 21.734513
2.226458 21.511816
2.206886 21.288927
2.187736 21.067478
2.169109 20.848576
2.151083 20.633496
2.133722 20.422760
2.117067 20.217427
2.101147 20.018610
2.085981 19.826787
2.071583 19.642488
2.057958 19.465448
2.045102 19.296556
2.033007 19.138044
2.021657 18.990972
2.011035 18.814096
2.001117 18.687988
1.991874 18.568944
1.983271 18.454845
1.975271 18.344631
1.967836 18.237930
1.960915 18.133333
1.954469 18.030906
1.948450 17.929932
1.942814 17.829548
1.937517 17.729206
1.932518 17.628600
1.927787 17.527630
1.923302 17.426132
1.919044 17.324123
1.915022 17.303706
1.911252 17.202236
1.907763 17.157361
1.904599 17.056294
1.901814 16.958181
1.899476 16.864868
1.897651 16.778169
1.896407 16.700378
1.895800 16.632108
1.895873 16.574181
1.896654 16.526461
1.898154 16.489453
1.900370 16.463336
1.903288 16.448222
1.906884 16.443569
1.911129 16.448691
1.915988 16.462942
1.921417 16.485191
1.927367 16.515275
1.933770 16.552116
1.940551 16.594170
1.947634 16.640778
1.954945 16.691478
1.962424 16.745071
1.970035 16.800542
1.977762 16.858688
1.985619 16.920347
1.993653 16.985896
2.001940 17.056480
2.010581 17.158661
2.019709 17.248011
2.029463 17.347648
2.039985 17.458729
2.051393 17.582396
2.063786 17.719933
2.077220 17.872308
2.091706 18.039279
2.107212 18.220275
2.123663 18.413826
2.140961 18.619057
2.158974 18.833572
2.177552 19.055610
2.196548 19.283061
2.215815 19.514472
2.235232 19.748565
2.254710 19.984169
2.274190 20.220033
2.293657 20.455962
2.313139 20.669280
2.332701 20.906110
2.352452 21.144176
2.372527 21.384600
2.393100 21.628786
2.414357 21.879188
2.436504 22.138707
2.459739 22.410724
2.484272 22.697127
2.510303 23.000895
2.538010 23.323473
2.567571 23.666509
2.599131 24.031728
2.632822 24.418659
2.668747 24.827585
2.706996 25.259288
2.747626 25.713920
2.790657 26.192145
2.836080 26.694337
2.883845 27.220235
2.933862 27.769150
2.985995 28.340079
3.040063 28.931159
3.095839 29.540099
3.153053 30.164795
3.211382 30.802165
3.270456 31.448777
3.329856 32.100651
3.389109 32.752993
3.447692 33.401176
3.505021 34.039585
3.560457 34.661388
3.613325 35.259567
3.662929 35.826848
3.708582 36.355980
3.749671 36.840414
3.785723 37.274811
3.816436 37.655671
3.841714 37.981332
3.861633 38.251246
3.876420 38.466619
3.886442 38.630061
3.892162 38.745642
3.894131 38.818138
3.892942 38.852623
3.889171 38.853595
3.883330 38.825524
3.875816 38.770806
3.866890 38.691092
3.856679 38.586764
3.845193 38.457874
3.832352 38.303237
3.817999 38.121188
3.801951 37.911958
3.784090 37.676128
3.764510 37.415137
3.743575 37.134197
3.721841 36.839317
3.699929 36.537179
3.678445 36.234711
3.657927 35.937925
3.638810 35.652394
3.621414 35.381779
3.605935 35.129072
3.592451 34.894833
3.580922 34.678828
3.571204 34.479790
3.563053 34.297081
3.556145 34.128587
3.550100 33.975503
3.544505 33.833152
3.538949 33.697001
3.533059 33.562327
3.526537 33.423529
3.519182 33.278098
3.510911 33.124586
3.501761 32.963766
3.491874 32.798249
3.481477 32.631111
3.470855 32.465751
3.460318 32.305679
3.450160 32.153874
3.440651 32.013518
3.432025 31.887173
3.424473 31.777461
3.418148 31.686795
3.413164 31.617202
3.409583 31.569162
3.407404 31.543200
3.406547 31.538315
3.406803 31.552070
3.407780 31.580236
3.408883 31.617096
3.409417 31.656074
3.408793 31.691257
3.406665 31.718591
3.402847 31.734578
3.397204 31.736677
3.389631 31.722488
3.380022 31.690144
3.368250 31.638357
3.354152 31.563703
3.337495 31.462155
3.317904 31.326690
3.294797 31.148049
3.267284 30.957561
3.234369 30.660768
3.195668 30.299764
3.151938 29.882497
3.104698 29.423932
3.055567 28.942204
3.006024 28.455367
2.957297 27.979111
2.910346 27.635943
2.865895 27.208028
2.824453 26.819861
2.786357 26.476225
2.751808 26.179674
2.720892 25.931027
2.693606 25.729277
2.669841 25.573147
2.649391 25.458522
2.631942 25.380430
2.617072 25.331303
2.604264 25.302087
2.592916 25.282696
2.582377 25.330796
2.572004 25.221962
2.561294 25.174207
2.550052 25.113326
2.538412 25.041446
2.526631 24.961245
2.514900 24.874541
2.503257 24.780836
2.491601 24.678545
2.479728 24.565133
2.467367 24.436532
2.454240 24.287986
2.440092 24.115740
2.424745 23.917482
2.408151 23.694052
2.390412 23.447403
2.371776 23.180822
2.352598 22.898614
2.333292 22.605927
2.314301 22.308437
2.296069 22.012913
2.279022 21.725848
2.263557 21.453075
2.250004 21.199967
2.238611 20.968955
2.229535 20.762819
2.222852 20.584128
2.218560 20.432698
2.216602 20.308728
2.216868 20.211837
2.219218 20.140984
2.223501 20.094639
2.229558 20.071845
2.237236 20.071435
2.246394 20.092521
2.256916 20.134856
2.268709 20.198005
2.281700 20.281753
2.295837 20.385875
2.311078 20.510607
2.327381 20.655590
2.344699 20.873470
2.362972 21.059976
2.382116 21.263423
2.402011 21.480665
2.422502 21.709558
2.443385 21.946403
2.464408 22.187885
2.485265 22.428515
2.505616 22.663144
2.525102 22.888416
2.543403 23.100461
2.560289 23.296371
2.575668 23.475161
2.589587 23.637896
2.602197 23.785888
2.613698 23.921251
2.624285 24.046185
2.634132 24.162051
2.643344 24.269863
2.651971 24.369857
2.659988 24.521465
2.667316 24.601424
2.673847 24.667969
2.679478 24.718886
2.684136 24.753159
2.687803 24.770251
2.690515 24.771085
2.692361 24.807353
2.693438 24.779558
2.693826 24.738905
2.693565 24.686926
2.692649 24.625140
2.691027 24.539899
2.688621 24.401029
2.685333 24.310230
2.681057 24.211714
2.675693 24.105548
2.669145 23.991718
2.661327 23.870101
2.652155 23.740428
2.641548 23.602395
2.629425 23.455916
2.615712 23.298575
2.600331 23.129519
2.583210 22.946834
2.564288 22.748950
2.543534 22.534169
2.520963 22.301032
2.496652 22.049691
2.470752 21.780084
2.443492 21.493699
2.415187 21.147895
2.386226 20.838432
2.357041 20.522906
2.328110 20.208117
2.299914 19.901830
2.272922 19.613437
2.247578 19.353344
2.224291 19.132009
2.203419 18.956607
2.185270 18.830447
2.170102 18.753283
2.158119 18.722138
2.149461 18.734193
2.144190 18.807993
2.142266 18.898420
2.143483 19.016220
2.147385 19.166962
2.153134 19.330419
2.159333 19.489375
2.163994 19.622820
2.164881 19.705849
2.160273 19.715368
2.149437 19.638581
2.132708 19.476005
2.111276 19.242817
2.086792 18.962227
2.061003 18.659506
2.035455 18.356435
2.011340 18.068636
1.989474 17.806170
1.970351 17.575503
1.954222 17.379610
1.941175 17.218573
1.931185 17.091862
1.924153 16.997952
1.919925 16.935800
1.918308 16.903143
1.919085 16.897777
1.922004 16.918568
1.926795 16.962889
1.933169 17.028470
1.940835 17.113018
1.949508 17.214365
1.958909 17.330302
1.968775 17.458428
1.978864 17.596435
1.988955 17.741621
1.998844 17.898843
2.008345 18.049279
2.017272 18.197778
2.025431 18.340863
2.032625 18.474703
2.038633 18.595617
2.043213 18.699678
2.046113 18.783106
2.047076 18.842405
2.045866 18.874500
2.042320 18.877259
2.036403 18.850154
2.028206 18.793738
2.017928 18.709591
2.005830 18.600228
1.992218 18.468249
1.977400 18.317173
1.961687 18.150652
1.945366 17.972093
1.928714 17.784791
1.911961 17.591632
1.895333 17.395382
1.878995 17.198794
1.863111 17.003415
1.847774 16.811045
1.833078 16.622795
1.819055 16.439596
1.805755 16.262283
1.793181 16.092856
1.781386 15.932398
1.770462 15.782994
1.760593 15.647010
1.752035 15.527672
1.745087 15.428645
1.740065 15.352992
1.737232 15.304387
1.736792 15.285634
1.738878 15.299274
1.743545 15.346601
1.750776 15.427416
1.760474 15.544063
1.772457 15.689225
1.786463 15.858858
1.802145 16.048228
1.819076 16.251749
1.836758 16.463518
1.854631 16.676165
1.872097 16.882926
1.888522 17.076304
1.903274 17.248778
1.915721 17.392002
1.925248 17.498219
1.931307 17.560031
1.933468 17.572059
1.931505 17.531153
1.925444 17.437244
1.915576 17.293749
1.902402 17.107012
1.886549 16.884671
1.868679 16.635542
1.849433 16.368525
1.829387 16.091706
1.809017 15.812828
1.788689 15.537962
1.768672 15.285698
1.749136 15.030388
1.730171 14.788935
1.711785 14.562553
1.693932 14.349796
1.676523 14.150055
1.659439 13.961492
1.642546 13.783177
1.625709 13.615188
1.608797 13.453130
1.591695 13.297554
1.574310 13.147259
1.556574 13.000165
1.538448 12.854800
1.519923 12.709737
1.501035 12.563553
1.481841 12.415941
1.462418 12.267271
1.442854 12.117232
1.423256 11.966951
1.403739 11.816971
1.384409 11.668074
1.365378 11.521238
1.346742 11.377545
1.328598 11.237997
1.311026 11.104416
1.294089 10.977264
1.277850 10.857430
1.262352 10.745342
1.247625 10.641760
1.233691 10.547227
1.220557 10.462564
1.208230 10.388026
1.196718 10.324604
1.186018 10.272606
1.176126 10.232179
1.167038 10.203449
1.158749 10.185730
1.151258 10.179035
1.144563 10.182999
1.138657 10.197248
1.133541 10.221216
1.129216 10.254841
1.125678 10.298236
1.122932 10.351516
1.120972 10.413713
1.119793 10.484811
1.119391 10.564817
1.119757 10.653247
1.120869 10.749815
1.122708 10.853713
1.125242 10.963560
1.128432 11.078821
1.132232 11.198184
1.136583 11.320341
1.141424 11.444538
1.146689 11.569450
1.152297 11.693984
1.158169 11.817319
1.164235 11.938902
1.170419 12.057901
1.176658 12.173317
1.182905 12.284807
1.189121 12.392235
1.195280 12.495437
1.201369 12.594775
1.207382 12.690328
1.213329 12.782204
1.219213 12.870935
1.225046 12.956900
1.230830 13.040666
1.236562 13.122561
1.242234 13.202754
1.247831 13.281620
1.253322 13.359128
1.258667 13.435362
1.263815 13.511954
1.268706 13.583426
1.273268 13.651261
1.277421 13.714997
1.281083 13.773613
1.284163 13.826150
1.286574 13.835076
1.288247 13.869830
1.289107 13.895586
1.289100 13.911711
1.288196 13.914659
1.286372 13.910857
1.283621 13.896861
1.279953 13.873519
1.275393 13.840122
1.269981 13.797540
1.263765 13.746192
1.256810 13.686698
1.249192 13.619669
1.241011 13.546414
1.232384 13.468181
1.223446 13.386509
1.214352 13.303773
1.205272 13.221324
1.196383 13.142049
1.187857 13.015527
1.179862 12.950262
1.172524 12.918627
1.165922 12.871161
1.160045 12.832134
1.154764 12.799220
1.149797 12.768905
1.144722 12.735239
1.139021 12.692223
1.132161 12.633656
1.123725 12.554498
1.113487 12.451100
1.101446 12.322807
1.087791 12.171027
1.072849 11.999132
1.057018 11.812247
1.040714 11.615475
1.024330 11.413289
1.008222 11.211449
0.992686 11.014607
0.977966 10.827274
0.964260 10.652027
0.951734 10.491587
0.940522 10.348152
0.930739 10.222951
0.922489 10.117016
0.915865 10.030782
0.910959 9.965459
0.907851 9.921445
0.906620 9.899844
0.907345 9.902490
0.910101 9.916797
0.914960 9.971281
0.921989 10.052824
0.931251 10.161542
0.942806 10.298034
0.956715 10.461501
0.973032 10.651570
0.991799 10.868391
1.013046 11.112455
1.036789 11.383876
1.063029 11.681736
1.091741 12.005952
1.122870 12.355886
1.156314 12.730963
1.191929 13.129311
1.229517 13.549435
1.268813 13.988036
1.309482 14.440963
1.351104 14.903339
1.393188 15.369039
1.435169 15.831188
1.476434 16.282720
1.516340 16.715909
1.554257 17.124235
1.589596 17.500952
1.621840 17.840431
1.650568 18.124704
1.675451 18.376996
1.696275 18.581594
1.712946 18.739244
1.725494 18.850044
1.734048 18.916470
1.738814 18.942141
1.740010 18.930822
1.737820 18.885909
1.732362 18.808364
1.723693 18.699110
1.711829 18.558573
1.696790 18.386567
1.678663 18.183673
1.657606 17.951084
1.633861 17.690654
1.607754 17.393799
1.579668 17.087951
1.550006 16.764902
1.519168 16.428784
1.487535 16.083155
1.455449 15.731307
1.423214 15.376050
1.391110 15.020745
1.359376 14.675311
1.328213 14.325682
1.297810 13.983127
1.268337 13.648884
1.239937 13.324843
1.212743 13.012520
1.186875 12.713851
1.162438 12.429460
1.139518 12.161526
1.118201 11.911180
1.098556 11.679551
1.080639 11.467850
1.064501 11.276766
1.050183 11.107190
1.037715 10.959825
1.027119 10.836514
1.018412 10.737240
1.011603 10.662763
1.006691 10.613251
1.003674 10.588177
1.002538 10.586759
1.003257 10.615687
1.005813 10.647946
1.010172 10.710761
1.016292 10.793490
1.024119 10.895523
1.033593 11.015486
1.044641 11.152034
1.057182 11.304502
1.071128 11.471791
1.086375 11.651959
1.102806 11.844302
1.120304 12.047546
1.138734 12.259881
1.157955 12.479642
1.177822 12.705231
1.198179 12.934038
1.218876 13.165575
1.239774 13.397535
1.260734 13.627899
1.281628 13.855207
1.302343 14.077626
1.322794 14.293908
1.342911 14.503318
1.362651 14.704846
1.381991 14.898095
1.400919 15.082601
1.419444 15.258439
1.437579 15.426092
1.455339 15.585688
1.472733 15.738214
1.489767 15.884100
1.506447 16.024994
1.522769 16.161567
1.538738 16.294878
1.554375 16.424725
1.569709 16.551163
1.584816 16.673859
1.599805 16.793058
1.614816 16.909914
1.630022 17.025331
1.645608 17.122634
1.661763 17.239039
1.678657 17.358977
1.696432 17.483914
1.715171 17.614997
1.734895 17.752989
1.755553 17.897302
1.777027 18.047977
1.799107 18.202945
1.821522 18.361321
1.843927 18.520126
1.865931 18.675816
1.887124 18.824163
1.907114 18.961301
1.925566 19.083701
1.942262 19.188644
1.957116 19.274704
1.970193 19.342733
1.981691 19.393661
1.991914 19.429820
2.001248 19.454986
2.010104 19.472514
2.018884 19.485950
2.027953 19.498644
2.037613 19.513787
2.048106 19.533830
2.059602 19.560879
2.072211 19.596523
2.085985 19.641633
2.100928 19.697169
2.116993 19.763598
2.134086 19.841070
2.152083 19.929195
2.170819 20.027764
2.190118 20.136016
2.209794 20.253044
2.229669 20.379381
2.249592 20.516345
2.269456 20.661536
2.289206 20.814316
2.308846 20.975060
2.328451 21.144652
2.348143 21.325061
2.368088 21.518013
2.388482 21.724878
2.409524 21.948148
2.431408 22.191002
2.454313 22.457031
2.478388 22.748508
2.503756 23.077167
2.530504 23.418443
2.558673 23.784623
2.588262 24.174971
2.619223 24.588180
2.651448 25.022505
2.684756 25.474955
2.718876 25.941521
2.753416 26.416552
2.787807 26.891167
2.821245 27.352539
2.852601 27.781667
2.880281 28.152287
2.902089 28.432038
2.915613 28.589501
2.919469 28.606564
2.914005 28.487670
2.900842 28.254677
2.882189 27.938878
2.860091 27.571145
2.836204 27.178105
2.811780 26.779252
2.787718 26.388765
2.764626 26.016406
2.742897 25.668352
2.722774 25.347901
2.704384 25.057118
2.687777 24.796838
2.672960 24.567208
2.659897 24.367397
2.648544 24.196626
2.638831 24.053252
2.630677 23.935526
2.623990 23.841581
2.618670 23.769830
2.614621 23.718549
2.611727 23.685740
2.609870 23.669624
2.608926 23.668506
2.608755 23.680298
2.609213 23.701888
2.610151 23.731429
2.611409 23.766675
2.612823 23.805226
2.614226 23.845001
2.615453 23.883605
2.616348 23.919105
2.616765 23.840145
2.616577 23.862112
2.615676 23.875449
2.613980 23.878762
2.611438 23.871867
2.608032 23.854469
2.603775 23.826652
2.598712 23.789416
2.592916 23.743444
2.586490 23.690157
2.579555 23.630623
2.572238 23.566211
2.564671 23.498693
2.556981 23.429234
2.549291 23.359066
2.541712 23.289244
2.534341 23.220548
2.527261 23.153935
2.520551 23.090095
2.514278 23.007355
2.508498 22.949578
2.503264 22.895538
2.498630 22.845189
2.494639 22.798996
2.491337 22.756699
2.488763 22.718278
2.486956 22.683684
2.485943 22.653385
2.485742 22.626543
2.486354 22.602676
2.487758 22.581431
2.489898 22.561708
2.492680 22.543719
2.495981 22.526563
2.499650 22.509819
2.503537 22.492612
2.507529 22.474719
2.511541 22.455764
2.515521 22.435453
2.519452 22.413976
2.523327 22.391776
2.527156 22.369612
2.530967 22.347747
2.534790 22.326660
2.538655 22.277895
2.542597 22.258890
2.546641 22.242989
2.550810 22.232105
2.555119 22.227464
2.559596 22.230308
2.564304 22.242560
2.569342 22.265347
2.574843 22.300735
2.580940 22.349904
2.587712 22.441897
2.595166 22.521568
2.603181 22.611163
2.611489 22.704837
2.619608 22.716378
2.626764 22.830784
2.631913 22.873523
2.634213 22.883248
2.633597 22.860776
2.630581 22.809906
2.625688 22.735483
2.619254 22.641142
2.611435 22.529057
2.602218 22.399357
2.591440 22.251356
2.578821 22.082747
2.564006 21.890809
2.546623 21.671258
2.526344 21.421904
2.502947 21.140807
2.476352 20.827193
2.446624 20.481869
2.413974 20.106539
2.378714 19.705258
2.341219 19.244910
2.301894 18.810244
2.261150 18.365919
2.219388 17.918737
2.177002 17.474555
2.134370 17.039155
2.091832 16.617681
2.049692 16.215452
2.008208 15.836436
1.967606 15.482728
1.928073 15.156724
1.889765 14.859243
1.852804 14.590093
1.817289 14.348979
1.783285 14.134843
1.750833 13.944589
1.719949 13.775722
1.690623 13.626104
1.662821 13.493826
1.636480 13.376841
1.611524 13.273223
1.587851 13.180545
1.565361 13.097170
1.543931 13.026033
1.523430 12.953720
1.503729 12.884715
1.484694 12.817632
1.466210 12.751672
1.448177 12.685236
1.430518 12.617990
1.413191 12.549590
1.396185 12.480299
1.379512 12.410011
1.363211 12.339225
1.347317 12.269297
1.331883 12.200038
1.316957 12.124758
1.302581 12.058948
1.288794 11.996228
1.275629 11.936931
1.263109 11.881026
1.251259 11.828707
1.240095 11.780534
1.229631 11.736448
1.219881 11.696956
1.210851 11.662423
1.202545 11.633226
1.194967 11.610249
1.188115 11.593475
1.181990 11.582939
1.176592 11.578856
1.171928 11.581917
1.168011 11.592449
1.164861 11.603598
1.162499 11.631525
1.160973 11.668756
1.160328 11.716449
1.160612 11.775318
1.161879 11.845891
1.164180 11.928416
1.167564 12.022290
1.172077 12.128869
1.177753 12.247394
1.184612 12.377737
1.192646 12.519377
1.201806 12.671334
1.211976 12.831379
1.222928 12.996053
1.234247 13.160604
1.245260 13.317679
1.255129 13.459313
1.263038 13.575786
1.268389 13.658683
1.270827 13.700757
1.270215 13.696868
1.266549 13.643671
1.259766 13.541687
1.249720 13.394637
1.236607 13.212332
1.221328 13.006887
1.205071 12.789889
1.188800 12.570715
1.173150 12.356113
1.158530 12.150841
1.145190 11.957874
1.133271 11.778854
1.122833 11.615026
1.113897 11.458403
1.106448 11.325789
1.100456 11.209224
1.095870 11.108467
1.092639 11.023024
1.090707 10.952282
1.090010 10.895568
1.090489 10.852131
1.092085 10.821590
1.094734 10.803508
1.098378 10.797653
1.102958 10.804136
1.108424 10.823828
1.114726 10.858608
1.121829 10.910966
1.129707 10.980012
1.138345 11.062138
1.147741 11.155146
1.157900 11.257042
1.168832 11.366594
1.180549 11.483321
1.193044 11.606991
1.206315 11.737557
1.220349 11.874401
1.235108 12.017657
1.250541 12.166302
1.266582 12.351179
1.283147 12.508926
1.300143 12.668562
1.317471 12.828940
1.335023 12.988748
1.352680 13.161865
1.370331 13.316427
1.387870 13.476277
1.405197 13.620088
1.422238 13.757094
1.438940 13.886090
1.455288 14.007544
1.471296 14.121420
1.487001 14.227892
1.502443 14.328260
1.517662 14.422986
1.532685 14.512057
1.547510 14.595802
1.562106 14.674505
1.576408 14.747710
1.590316 14.814532
1.603714 14.874433
1.616475 14.926283
1.628481 14.969412
1.639643 15.003193
1.649912 15.027136
1.659274 15.040988
1.667756 15.051451
1.675411 15.045638
1.682321 15.030098
1.688578 15.005173
1.694284 14.971098
1.699541 14.928902
1.704460 14.878527
1.709149 14.821396
1.713721 14.758038
1.718295 14.690533
1.722989 14.620647
1.727913 14.550479
1.733170 14.482082
1.738856 14.418569
1.745047 14.363477
1.751812 14.318558
1.759194 14.286084
1.767224 14.268414
1.775914 14.255886
1.785259 14.279063
1.795250 14.325916
1.805861 14.400003
1.817049 14.509821
1.828757 14.659265
1.840905 14.841461
1.853396 15.047163
1.866097 15.268541
1.878853 15.500487
1.891475 15.741030
1.903752 15.989473
1.915456 16.238409
1.926351 16.483397
1.936191 16.720953
1.944724 16.946949
1.951702 17.157640
1.956881 17.349122
1.960022 17.517468
1.960909 17.659185
1.959349 17.770885
1.955173 17.848656
1.948257 17.889768
1.938527 17.891811
1.925974 17.854266
1.910676 17.777538
1.892816 17.664667
1.872673 17.519397
1.850583 17.346168
1.826897 17.149368
1.801951 16.932823
1.776044 16.700524
1.749471 16.454663
1.722507 16.198364
1.695440 15.935776
1.668561 15.670997
1.642175 15.407822
1.616584 15.150114
1.592081 14.901748
1.568940 14.666927
1.547413 14.448980
1.527712 14.251289
1.510009 14.076660
1.494438 13.927026
1.481091 13.803708
1.470022 13.707441
1.461247 13.638034
1.454750 13.595146
1.450484 13.577280
1.448367 13.583140
1.448300 13.610821
1.450155 13.657628
1.453790 13.721498
1.459036 13.800196
1.465728 13.891604
1.473688 13.993527
1.482732 14.103828
1.492678 14.219829
1.503358 14.339204
1.514611 14.459467
1.526285 14.578492
1.538240 14.694782
1.550359 14.806889
1.562536 14.914137
1.574704 15.016325
1.586819 15.113749
1.598854 15.206551
1.610795 15.294902
1.622635 15.378861
1.634345 15.457852
1.645888 15.531743
1.657209 15.600242
1.668240 15.662331
1.678908 15.718203
1.689121 15.767594
1.698778 15.810703
1.707765 15.847429
1.715953 15.878176
1.723218 15.903338
1.729460 15.924324
1.734639 15.945215
1.738812 15.979699
1.742145 16.013918
1.744914 16.051723
1.747466 16.094205
1.750184 16.143877
1.753459 16.204230
1.757627 16.277908
1.762960 16.366272
1.769656 16.470336
1.777827 16.591015
1.787520 16.728555
1.798717 16.882731
1.811338 17.051721
1.825254 17.233680
1.840279 17.426613
1.856176 17.627080
1.872636 17.832495
1.889279 18.038358
1.905616 18.239572
1.921044 18.430502
1.934844 18.604158
1.946242 18.753078
1.954468 18.869061
1.958884 18.944818
1.959094 18.975535
1.955031 18.959791
1.946986 18.901158
1.935555 18.805333
1.921544 18.681732
1.905844 18.540184
1.889312 18.389459
1.872702 18.237475
1.856607 18.090079
1.841447 17.951097
1.827491 17.822801
1.814876 17.706784
1.803647 17.603196
1.793773 17.512219
1.785165 17.432244
1.777704 17.361971
1.771243 17.300129
1.765616 17.244773
1.760661 17.193707
1.756209 17.145207
1.752100 17.097785
1.748189 17.049673
1.744348 16.999938
1.740469 16.948281
1.736473 16.893416
1.732304 16.833880
1.727930 16.769166
1.723343 16.699795
1.718564 16.625217
1.713640 16.545800
1.708631 16.461843
1.703613 16.374365
1.698681 16.284626
1.693934 16.193807
1.689484 16.103319
1.685439 16.014563
1.681914 15.929220
1.679018 15.848891
1.676855 15.775067
1.675517 15.708000
1.675090 15.648696
1.675647 15.597599
1.677252 15.555698
1.679951 15.523798
1.683773 15.502239
1.688736 15.516676
1.694843 15.515990
1.702074 15.525777
1.710405 15.546004
1.719793 15.576426
1.730184 15.617129
1.741508 15.667708
1.753673 15.728425
1.766581 15.797049
1.780122 15.852521
1.794164 15.936417
1.808572 16.026949
1.823200 16.122651
1.837892 16.223149
1.852479 16.327071
1.866777 16.432661
1.880604 16.537278
1.893762 16.637773
1.906054 16.730920
1.917278 16.813962
1.927247 16.883913
1.935786 16.938156
1.942754 16.974441
1.948063 16.990751
1.951691 16.986532
1.953688 16.962013
1.954191 16.918773
1.953402 16.859557
1.951586 16.787865
1.949036 16.707039
1.946036 16.621048
1.942847 16.533126
1.939681 16.447196
1.936695 16.365383
1.933989 16.289535
1.931601 16.220479
1.929523 16.158417
1.927707 16.103088
1.926069 16.053938
1.924490 16.009736
1.922836 15.969530
1.920948 15.931444
1.918641 15.893820
1.915716 15.854196
1.911957 15.809986
1.907147 15.758408
1.901081 15.697696
1.893596 15.625960
1.884571 15.541662
1.873940 15.444707
1.861699 15.334943
1.847894 15.212728
1.832617 15.079149
1.815988 14.934914
1.798139 14.781451
1.779220 14.620309
1.759384 14.452918
1.738780 14.280560
1.717558 14.104989
1.695871 13.926986
1.673878 13.748526
1.651732 13.570229
1.629590 13.394139
1.607604 13.221203
1.585940 13.053128
1.564754 12.891517
1.544202 12.737734
1.524428 12.593488
1.505580 12.459707
1.487798 12.338186
1.471208 12.229833
1.455934 12.135520
1.442089 12.056617
1.429769 11.993499
1.419067 11.946714
1.410061 11.917724
1.402810 11.906264
1.397358 11.912793
1.393723 11.937303
1.391886 11.940214
1.391801 12.000038
1.393346 12.075060
1.396295 12.162903
1.400289 12.259082
1.404745 12.357975
1.408815 12.451936
1.411414 12.531332
1.411376 12.586465
1.407754 12.607928
1.400027 12.590016
1.388166 12.530942
1.372563 12.433050
1.353897 12.302634
1.332976 12.147724
1.310612 11.976466
1.287524 11.796033
1.264303 11.589930
1.241395 11.408491
1.219113 11.230749
1.197671 11.058466
1.177200 10.892511
1.157760 10.733646
1.139381 10.582212
1.122071 10.437496
1.105818 10.305390
1.090603 10.176491
1.076405 10.055753
1.063199 9.942706
1.050968 9.836315
1.039703 9.735987
1.029399 9.642091
1.020051 9.553792
1.011668 9.472187
1.004264 9.397382
0.997848 9.330256
0.992439 9.271672
0.988062 9.223092
0.984735 9.187388
0.982484 9.167084
0.981332 9.165173
0.981302 9.180300
0.982416 9.209488
0.984698 9.251136
0.988168 9.304074
0.992842 9.368056
0.998735 9.442775
1.005857 9.528086
1.014215 9.623988
1.023804 9.725164
1.034620 9.844522
1.046643 9.969949
1.059851 10.104557
1.074204 10.247937
1.089642 10.399364
1.106084 10.557856
1.123421 10.722206
1.141511 10.890939
1.160164 11.062322
1.179139 11.234491
1.198147 11.404205
1.216850 11.568642
1.234875 11.724403
1.251827 11.867234
1.267317 11.993378
1.281014 12.100545
1.292641 12.185134
1.301997 12.245178
1.308969 12.279802
1.313540 12.288599
1.315801 12.273929
1.315944 12.238257
1.314250 12.184817
1.311062 12.117365
1.306739 12.039811
1.301629 11.955281
1.296040 11.867198
1.290239 11.778862
1.284449 11.692200
1.278849 11.609619
1.273583 11.533145
1.268760 11.463661
1.264458 11.401999
1.260723 11.348840
1.257572 11.303615
1.254995 11.266198
1.252966 11.235843
1.251440 11.212651
1.250356 11.195041
1.249640 11.182606
1.249208 11.174408
1.248979 11.169606
1.248870 11.157002
1.248801 11.154973
1.248706 11.192453
1.248528 11.178305
1.248228 11.173128
1.247782 11.166583
1.247184 11.158761
1.246433 11.150173
1.245548 11.140337
1.244562 11.129710
1.243507 11.118195
1.242418 11.106236
1.241340 11.094762
1.240319 11.095995
1.239398 11.085776
1.238621 11.077200
1.238037 11.070712
1.237691 11.066690
1.237631 11.066256
1.237896 11.069528
1.238533 11.076616
1.239583 11.088160
1.241073 11.104587
1.243021 11.126379
1.245441 11.153012
1.248313 11.184697
1.251609 11.220518
1.255266 11.260142
1.259186 11.302616
1.263235 11.346469
1.267235 11.389798
1.270966 11.430376
1.274183 11.465409
1.276618 11.491403
1.278005 11.505603
1.278115 11.505203
1.276771 11.487590
1.273873 11.451036
1.269425 11.395777
1.263528 11.323007
1.256372 11.233839
1.248222 11.131764
1.239382 11.020046
1.230175 10.902488
1.220918 10.784149
1.211902 10.666834
1.203387 10.553900
1.195586 10.448355
1.188668 10.351822
1.182752 10.266040
1.177924 10.191243
1.174225 10.128073
1.171677 10.077810
1.170279 10.040066
1.170013 10.015038
1.170846 9.988214
1.172745 9.986991
1.175672 9.997453
1.179584 10.019472
1.184439 10.053480
1.190204 10.099404
1.196842 10.156388
1.204323 10.223835
1.212618 10.301647
1.221707 10.389361
1.231568 10.486587
1.242185 10.593118
1.253539 10.707883
1.265621 10.830529
1.278423 10.960316
1.291933 11.096700
1.306135 11.239499
1.321010 11.388098
1.336536 11.541639
1.352681 11.700574
1.369411 11.864286
1.386679 12.031925
1.404427 12.203127
1.422580 12.376506
1.441063 12.552082
1.459783 12.728583
1.478635 12.904835
1.497514 13.079829
1.516296 13.252619
1.534867 13.421748
1.553113 13.585838
1.570924 13.744029
1.588204 13.895046
1.604875 14.038831
1.620880 14.174608
1.636176 14.301952
1.650741 14.421009
1.664580 14.531928
1.677712 14.604615
1.690175 14.701023
1.702015 14.790942
1.713288 14.874917
1.724053 14.954379
1.734359 15.029623
1.744248 15.101879
1.753750 15.170895
1.762879 15.237084
1.771635 15.299644
1.779999 15.357756
1.787952 15.411654
1.795457 15.460547
1.802473 15.504251
1.808961 15.542101
1.814878 15.573169
1.820193 15.597189
1.824877 15.613888
1.828921 15.622376
1.832321 15.622170
1.835094 15.613369
1.837278 15.596058
1.838921 15.570205
1.840099 15.536267
1.840906 15.494918
1.841448 15.446968
1.841858 15.413684
1.842283 15.356589
1.842878 15.297516
1.843798 15.237989
1.845193 15.180281
1.847198 15.153046
1.849923 15.103986
1.853459 15.061418
1.857863 15.026473
1.863147 15.000001
1.869299 14.981798
1.876266 14.971844
1.883965 14.969974
1.892289 14.975499
1.901117 14.987703
1.910320 15.005505
1.919775 15.028511
1.929364 15.055654
1.938993 15.086360
1.948581 15.120218
1.958074 15.156975
1.967440 15.197147
1.976676 15.241244
1.985825 15.289713
1.994958 15.343661
2.004174 15.403530
2.013592 15.470413
2.023331 15.524153
2.033487 15.608207
2.044141 15.701848
2.055335 15.805460
2.067084 15.918744
2.079368 16.040431
2.092137 16.169370
2.105322 16.303513
2.118834 16.442154
2.132583 16.583200
2.146491 16.726499
2.160485 16.871406
2.174525 17.018182
2.188594 17.166737
2.202706 17.317643
2.216897 17.471091
2.231222 17.627567
2.245747 17.787602
2.260538 17.952117
2.275653 18.121731
2.291123 18.296492
2.306934 18.476567
2.323020 18.661004
2.339234 18.848485
2.355347 19.036380
2.371019 19.102648
2.385806 19.274539
2.399158 19.433128
2.410447 19.571703
2.418999 19.683713
2.424142 19.761737
2.425286 19.799784
2.421967 19.870971
2.413904 19.816796
2.401033 19.713627
2.383495 19.563487
2.361623 19.370561
2.335910 19.141208
2.306949 18.882830
2.275396 18.602669
2.241900 18.307667
2.207055 18.003588
2.171373 17.694850
2.135272 17.385824
2.099085 17.077990
2.063075 16.773836
2.027453 16.474494
1.992386 16.181092
1.958013 15.894698
1.924449 15.616441
1.891796 15.347275
1.860142 15.088422
1.829570 14.841181
1.800165 14.606718
1.772007 14.386965
1.745179 14.183924
1.719774 13.998679
1.695890 13.831988
1.673637 13.684162
1.653122 13.549607
1.634441 13.433187
1.617676 13.344066
1.602862 13.276745
1.589994 13.229813
1.578982 13.201797
1.569653 13.249587
1.561719 13.250481
1.554780 13.260238
1.548327 13.272883
1.541786 13.282357
1.534562 13.281828
1.526115 13.264291
1.516043 13.225173
1.504123 13.160346
1.490336 13.070455
1.474852 12.957895
1.457984 12.827491
1.440148 12.684599
1.421810 12.535606
1.403432 12.386336
1.385446 12.241879
1.368237 12.106480
1.352133 11.983868
1.337410 11.877210
1.324295 11.788622
1.312973 11.720110
1.303588 11.673152
1.296245 11.648797
1.291019 11.647898
1.287954 11.670270
1.287053 11.716940
1.288296 11.786707
1.291625 11.878760
1.296953 11.992175
1.304143 12.125129
1.313003 12.275221
1.323273 12.439665
1.334612 12.614572
1.346578 12.794598
1.358616 12.973342
1.370069 13.142425
1.380178 13.293347
1.388145 13.424552
1.393234 13.511444
1.394907 13.555868
1.392922 13.555736
1.387388 13.513664
1.378782 13.436429
1.367872 13.332725
1.355494 13.211619
1.342373 13.080853
1.329063 12.946316
1.315949 12.813297
1.303277 12.683721
1.291189 12.560465
1.279738 12.462966
1.268924 12.354935
1.258708 12.253777
1.249019 12.158370
1.239780 12.067699
1.230906 11.981152
1.222318 11.897571
1.213943 11.816280
1.205728 11.736389
1.197631 11.657195
1.189625 11.608969
1.181698 11.531949
1.173848 11.455202
1.166088 11.378662
1.158435 11.303238
1.150916 11.227947
1.143555 11.153491
1.136384 11.080106
1.129424 11.008103
1.122702 10.938159
1.116245 10.870064
1.110067 10.804375
1.104185 10.741318
1.098604 10.681171
1.093322 10.623470
1.088332 10.568257
1.083612 10.511523
1.079136 10.459494
1.074859 10.408329
1.070730 10.357855
1.066684 10.267103
1.062646 10.216676
1.058533 10.165654
1.054270 10.112461
1.049782 10.056321
1.045007 9.997175
1.039902 9.934016
1.034452 9.867423
1.028670 9.797284
1.022599 9.723843
1.016313 9.648158
1.009908 9.570871
1.003493 9.493183
0.997195 9.416959
0.991139 9.343013
0.985446 9.273301
0.980214 9.208756
0.975536 9.151481
0.971487 9.102223
0.968113 9.062790
0.965449 9.034915
0.963500 9.019535
0.962263 9.017840
0.961716 9.031220
0.961823 9.060314
0.962533 9.103908
0.963784 9.160046
0.965507 9.224890
0.967625 9.296528
0.970049 9.372583
0.972699 9.451401
0.975487 9.530633
0.978336 9.609521
0.981159 9.686362
0.983872 9.760732
0.986402 9.831609
0.988675 9.898112
0.990622 9.959570
0.992187 10.015083
0.993318 10.064078
0.993970 10.106429
0.994110 10.141921
0.993706 10.177574
0.992735 10.197966
0.991185 10.211232
0.989050 10.217977
0.986329 10.217581
0.983029 10.210362
0.979166 10.186826
0.974756 10.167673
0.969827 10.142789
0.964402 10.112141
0.958513 10.068519
0.952194 10.026885
0.945483 9.980393
0.938418 9.929549
0.931037 9.874849
0.923375 9.809494
0.915473 9.747494
0.907373 9.683059
0.899124 9.616787
0.890759 9.548883
0.882321 9.487420
0.873849 9.417476
0.865383 9.347738
0.856960 9.278482
0.848619 9.211199
0.840394 9.145389
0.832320 9.081291
0.824428 9.019735
0.816750 8.960609
0.809305 8.904341
0.802120 8.822616
0.795213 8.771310
0.788600 8.723088
0.782299 8.677836
0.776317 8.635669
0.770659 8.596304
0.765328 8.559803
0.760317 8.526057
0.755617 8.494346
0.751223 8.464464
0.747126 8.436393
0.743313 8.410004
0.739772 8.385261
0.736495 8.350435
0.733467 8.328662
0.730689 8.308066
0.728160 8.288419
0.725884 8.269660
0.723870 8.251439
0.722130 8.234124
0.720687 8.217829
0.719571 8.202582
0.718808 8.189120
0.718437 8.177711
0.718492 8.169022
0.719010 8.163748
0.720037 8.162456
0.721611 8.165972
0.723773 8.175196
0.726556 8.190376
0.729997 8.212248
0.734127 8.241194
0.738968 8.277688
0.744548 8.321812
0.750881 8.373896
0.757975 8.433899
0.765833 8.502199
0.774444 8.578074
0.783791 8.661492
0.793839 8.751658
0.804547 8.848168
0.815852 8.950249
0.827669 9.056375
0.839899 9.165585
0.852412 9.275826
0.865042 9.385245
0.877599 9.491612
0.889842 9.591769
0.901489 9.683255
0.912241 9.763493
0.921816 9.829183
0.930015 9.878842
0.936732 9.911085
0.941956 9.925348
0.945757 9.921728
0.948236 9.900825
0.949494 9.863575
0.949603 9.811764
0.948621 9.746612
0.946652 9.670130
0.943869 9.584817
0.940514 9.493391
0.936861 9.398148
0.933172 9.301861
0.929687 9.207306
0.926612 9.116633
0.924121 9.031385
0.922350 8.953121
0.921406 8.883298
0.921364 8.822219
0.922279 8.771216
0.924190 8.730449
0.927110 8.700257
0.931040 8.680837
0.935967 8.672090
0.941873 8.674041
0.948737 8.686415
0.956532 8.709835
0.965232 8.744148
0.974811 8.789295
0.985252 8.845784
0.996536 8.913559
1.008652 8.999825
1.021595 9.088043
1.035367 9.187083
1.049981 9.298540
1.065449 9.421349
1.081797 9.556321
1.099054 9.703848
1.117252 9.864753
1.136417 10.039550
1.156587 10.228746
1.177788 10.431957
1.200048 10.649324
1.223384 10.880236
1.247802 11.123290
1.273301 11.377287
1.299858 11.640681
1.327441 11.912752
1.355989 12.191664
1.385431 12.461799
1.415682 12.749327
1.446644 13.038958
1.478212 13.329528
1.510284 13.619211
1.542758 13.906582
1.575531 14.191051
1.608504 14.471312
1.641578 14.746880
1.674661 15.017087
1.707665 15.281896
1.740500 15.540426
1.773065 15.855255
1.805239 16.100603
1.836876 16.336473
1.867799 16.560893
1.897810 16.771404
1.926693 16.965508
1.954230 17.141472
1.980217 17.297302
2.004492 17.431360
2.026941 17.542974
2.047520 17.632150
2.066245 17.699635
2.083175 17.746628
2.098400 17.775018
2.112016 17.787157
2.124128 17.785527
2.134844 17.736623
2.144279 17.714143
2.152560 17.685287
2.159847 17.652435
2.166304 17.617743
2.172132 17.583588
2.177535 17.552044
2.182721 17.524032
2.187901 17.501582
2.193270 17.486046
2.199002 17.479155
2.205249 17.482148
2.212132 17.495970
2.219734 17.521464
2.228102 17.557797
2.237239 17.605633
2.247088 17.663514
2.257522 17.730031
2.268318 17.802694
2.279137 17.878012
2.289527 17.950325
2.298966 18.015271
2.306950 18.067368
2.313093 18.102339
2.317131 18.115496
2.318898 18.105878
2.318319 18.073590
2.315483 18.021482
2.310709 17.954273
2.304533 17.876944
2.297587 17.796037
2.290457 17.716238
2.283647 17.642334
2.277572 17.578376
2.272569 17.550595
2.268905 17.518457
2.266797 17.507383
2.266420 17.519501
2.267900 17.556970
2.271324 17.620308
2.276745 17.710330
2.284178 17.826274
2.293608 17.967628
2.304967 18.132179
2.318140 18.317713
2.332937 18.521031
2.349089 18.738297
2.366205 18.964778
2.383755 19.194382
2.401051 19.482226
2.417243 19.695561
2.431400 19.889461
2.442792 20.061355
2.451136 20.206837
2.456551 20.325384
2.459311 20.417815
2.459695 20.486166
2.457942 20.531912
2.454247 20.592939
2.448744 20.597364
2.441503 20.582865
2.432534 20.550373
2.421822 20.500549
2.409395 20.434442
2.395400 20.353977
2.380099 20.261353
2.363823 20.159266
2.346908 20.050057
2.329673 19.937258
2.312387 19.822676
2.295236 19.707381
2.278306 19.592502
2.261563 19.476669
2.244827 19.358542
2.227822 19.236385
2.210301 19.109142
2.192182 18.976247
2.173556 18.849063
2.154595 18.707500
2.135489 18.562434
2.116403 18.414598
2.097469 18.264843
2.078784 18.113947
2.060403 17.961951
2.042354 17.808953
2.024647 17.655205
2.007266 17.500630
1.990178 17.345221
1.973357 17.188505
1.956776 17.035044
1.940413 16.876732
1.924260 16.718155
1.908315 16.560293
1.892598 16.403489
1.877142 16.248396
1.861989 16.096320
1.847196 15.947903
1.832840 15.804532
1.819004 15.666585
1.805776 15.535779
1.793253 15.413218
1.781525 15.300640
1.770686 15.198979
1.760827 15.109416
1.752023 15.032694
1.744341 14.969342
1.737830 14.919468
1.732522 14.883937
1.728421 14.862422
1.725505 14.854644
1.723718 14.859377
1.722967 14.875502
1.723118 14.900537
1.724005 14.933168
1.725422 14.969661
1.727136 15.007923
1.728884 15.044320
1.730386 15.075295
1.731361 15.097575
1.731544 15.108400
1.730717 15.105679
1.728709 15.088214
1.725416 15.055323
1.720805 15.007160
1.714903 14.944280
1.707792 14.868364
1.699611 14.780248
1.690531 14.682120
1.680753 14.576268
1.670500 14.465194
1.659987 14.351348
1.649425 14.236632
1.639001 14.123594
1.628877 14.013762
1.619182 13.908938
1.610011 13.810330
1.601431 13.718550
1.593479 13.634044
1.586164 13.557061
1.579473 13.487948
1.573382 13.426697
1.567845 13.373279
1.562810 13.327105
1.558217 13.287767
1.553998 13.255443
1.550088 13.229235
1.546421 13.209076
1.542936 13.193929
1.539580 13.184233
1.536299 13.179520
1.533045 13.179898
1.529776 13.185558
1.526449 13.196035
1.523031 13.211330
1.519490 13.230736
1.515790 13.252668
1.511904 13.275420
1.507804 13.297254
1.503468 13.316781
1.498876 13.333140
1.494010 13.344932
1.488853 13.351632
1.483405 13.352122
1.477663 13.345832
1.471635 13.332607
1.465332 13.311909
1.458774 13.284025
1.451985 13.248685
1.445004 13.206207
1.437874 13.157021
1.430642 13.101661
1.423369 13.040867
1.416119 12.975301
1.408959 12.905716
1.401959 12.833053
1.395192 12.758836
1.388728 12.684046
1.382638 12.609635
1.376992 12.537133
1.371854 12.467819
1.367284 12.402366
1.363326 12.342004
1.360021 12.287306
1.357403 12.238541
1.355492 12.196266
1.354298 12.160257
1.353818 12.130950
1.354038 12.108224
1.354936 12.091570
1.356484 12.081015
1.358651 12.076460
1.361403 12.077859
1.364723 12.084229
1.368599 12.095561
1.373031 12.111929
1.378034 12.133662
1.383634 12.170586
1.389869 12.204588
1.396791 12.245501
1.404458 12.294066
1.412925 12.351384
1.422243 12.418483
1.432453 12.496422
1.443581 12.585705
1.455639 12.687332
1.468618 12.802044
1.482481 12.930253
1.497173 13.072932
1.512619 13.230907
1.528710 13.405061
1.545304 13.595584
1.562219 13.801234
1.579230 14.018852
1.596068 14.244023
1.612412 14.470870
1.627904 14.693872
1.642158 14.906899
1.654783 15.103909
1.665385 15.278980
1.673602 15.426695
1.679102 15.542166
1.681607 15.622002
1.680928 15.663529
1.676986 15.665696
1.669840 15.629299
1.659705 15.556476
1.646921 15.451524
1.631942 15.318591
1.615292 15.163427
1.597515 14.991848
1.579143 14.784312
1.560669 14.593975
1.542536 14.403040
1.525126 14.215642
1.508763 14.035200
1.493719 13.865198
1.480207 13.708264
1.468399 13.566685
1.458425 13.442089
1.450382 13.336156
1.444335 13.249985
1.440330 13.184760
1.438400 13.141078
1.438556 13.120252
1.440811 13.123813
1.445166 13.152307
1.451611 13.205873
1.460128 13.284074
1.470697 13.386632
1.483279 13.513240
1.497835 13.663956
1.514312 13.837574
1.532635 14.032327
1.552718 14.246801
1.574460 14.477918
1.597735 14.723822
1.622393 14.982589
1.648254 15.251696
1.675111 15.528511
1.702729 15.810412
1.730842 16.094312
1.759157 16.377374
1.787354 16.656463
1.815100 16.927534
1.842062 17.187610
1.867894 17.433534
1.892272 17.661764
1.914889 17.869803
1.935468 18.055448
1.953769 18.216102
1.969591 18.349499
1.982791 18.421792
1.993290 18.492742
2.001081 18.531913
2.006235 18.540306
2.008897 18.518306
2.009285 18.468457
2.007680 18.393618
2.004410 18.297262
1.999829 18.182866
1.994306 18.055023
1.988199 17.917515
1.981857 17.774492
1.975606 17.630103
1.969739 17.487987
1.964514 17.352141
1.960159 17.225365
1.956862 17.110549
1.954778 17.009978
1.954028 16.925455
1.954699 16.858557
1.956843 16.810554
1.960489 16.889036
1.965632 16.878209
1.972233 16.886945
1.980233 16.914478
1.989544 16.960399
2.000058 17.024282
2.011647 17.104939
2.024180 17.199656
2.037512 17.306861
2.051495 17.425591
2.065978 17.555237
2.080791 17.693523
2.095762 17.873026
2.110730 18.075380
2.125581 18.222463
2.140254 18.371387
2.154738 18.521491
2.169072 18.673284
2.183301 18.826813
2.197468 18.982647
2.211607 19.141655
2.225733 19.304551
2.239869 19.471296
2.254027 19.641982
2.268218 19.816606
2.282447 19.995151
2.296720 20.177533
2.311048 20.363306
2.325435 20.552447
2.339880 20.734820
2.354355 20.930583
2.368817 21.127218
2.383193 21.322695
2.397356 21.515387
2.411138 21.702499
2.424312 21.860721
2.436605 22.025018
2.447724 22.174150
2.457409 22.305452
2.465482 22.416541
2.471860 22.505767
2.476521 22.572114
2.479454 22.615318
2.480617 22.634318
2.479928 22.628935
2.477278 22.598742
2.472591 22.544764
2.465881 22.468108
2.457256 22.371162
2.446898 22.256606
2.435039 22.127878
2.421953 22.016879
2.407941 21.872770
2.393305 21.725360
2.378331 21.577746
2.363290 21.433113
2.348417 21.293495
2.333919 21.160798
2.319965 21.036341
2.306691 20.921583
2.294197 20.816956
2.282556 20.723293
2.271823 20.663228
2.262014 20.590621
2.253138 20.528887
2.245179 20.477213
2.238110 20.435284
2.231881 20.402020
2.226437 20.376788
2.221724 20.358879
2.217671 20.346840
2.214203 20.339699
2.211243 20.336723
2.208710 20.336557
2.206523 20.338424
2.204602 20.341069
2.202872 20.343603
2.201259 20.344904
2.199696 20.360899
2.198125 20.358466
2.196495 20.352915
2.194756 20.343621
2.192879 20.329990
2.190839 20.311798
2.188618 20.288736
2.186203 20.260419
2.183594 20.226308
2.180799 20.187392
2.177824 20.143005
2.174694 20.093398
2.171424 20.038862
2.168052 19.979635
2.164605 19.916691
2.161123 19.849573
2.157644 19.778876
2.154201 19.705045
2.150818 19.628339
2.147528 19.549694
2.144348 19.469700
2.141287 19.388477
2.138346 19.306544
2.135511 19.253208
2.132760 19.171748
2.130046 19.089999
2.127318 19.008045
2.124518 18.926295
2.121566 18.844458
2.118377 18.762656
2.114862 18.680344
2.110924 18.596470
2.106470 18.510522
2.101413 18.421500
2.095668 18.329856
2.089164 18.234032
2.081843 18.133984
2.073664 18.029567
2.064600 17.920672
2.054647 17.807122
2.043825 17.688687
2.032169 17.565484
2.019745 17.437135
2.006634 17.304090
1.992937 17.199621
1.978765 17.058104
1.964246 16.914262
1.949511 16.769261
1.934681 16.623049
1.919881 16.452941
1.905227 16.307678
1.890816 16.124321
1.876737 15.982564
1.863075 15.893573
1.849890 15.760964
1.837239 15.633957
1.825170 15.513101
1.813713 15.398429
1.802888 15.290047
1.792698 15.188089
1.783143 15.092639
1.774205 15.004170
1.765865 14.922168
1.758090 14.846671
1.750843 14.777977
1.744080 14.716258
1.737754 14.661194
1.731819 14.612951
1.726221 14.571546
1.720913 14.537145
1.715838 14.509598
1.710949 14.488341
1.706191 14.476159
1.701515 14.465488
1.696871 14.459120
1.692212 14.456290
1.687489 14.456398
1.682657 14.458517
1.677673 14.462714
1.672507 14.468314
1.667135 14.475170
1.661540 14.483200
1.655725 14.492257
1.649701 14.501950
1.643489 14.512958
1.637120 14.525557
1.630625 14.538921
1.624030 14.553661
1.617353 14.569572
1.610584 14.585770
1.603680 14.600766
1.596558 14.613319
1.589085 14.620978
1.581092 14.621391
1.572377 14.611953
1.562756 14.590340
1.552058 14.554385
1.540132 14.502025
1.526826 14.431650
1.512010 14.342838
1.495615 14.236432
1.477708 14.113972
1.458486 13.977023
1.438208 13.829053
1.417138 13.672868
1.395511 13.511113
1.373505 13.345799
1.351247 13.177923
1.328812 13.008922
1.306238 12.838283
1.283523 12.666011
1.260640 12.491419
1.237546 12.313928
1.214199 12.132695
1.190548 11.947298
1.166546 11.757123
1.142161 11.561962
1.117365 11.361766
1.092144 11.156456
1.066493 10.946395
1.040423 10.732017
1.013968 10.513335
0.987184 10.291461
0.960146 10.076849
0.932949 9.851782
0.905712 9.626879
0.878563 9.403794
0.851638 9.184171
0.825072 8.969738
0.798989 8.760913
0.773506 8.559323
0.748728 8.366088
0.724749 8.181708
0.701650 8.006898
0.679492 7.842116
0.658327 7.687746
0.638193 7.544094
0.619110 7.411212
0.601098 7.288807
0.584158 7.177471
0.568294 7.075799
0.553499 6.984505
0.539761 6.903277
0.527062 6.831682
0.515380 6.769426
0.504688 6.716180
0.494959 6.671934
0.486168 6.635896
0.478282 6.607911
0.471268 6.587280
0.465092 6.573576
0.459722 6.566687
0.455119 6.566364
0.451246 6.571970
0.448061 6.582607
0.445531 6.598328
0.443620 6.618795
0.442290 6.643653
0.441505 6.672415
0.441229 6.704325
0.441435 6.739019
0.442092 6.776572
0.443175 6.816711
0.444663 6.859261
0.446537 6.904161
0.448786 6.951219
0.451404 7.001197
0.454396 7.053207
0.457769 7.107800
0.461532 7.165027
0.465702 7.225146
0.470298 7.288040
0.475345 7.354223
0.480867 7.423659
0.486891 7.496758
0.493441 7.573902
0.500544 7.655185
0.508223 7.741126
0.516499 7.831971
0.525390 7.927775
0.534907 8.029365
0.545053 8.136491
0.555831 8.249044
0.567234 8.367333
0.579250 8.491335
0.591861 8.620526
0.605045 8.754465
0.618772 8.892776
0.633009 9.034553
0.647716 9.179814
0.662853 9.327655
0.678370 9.477652
0.694211 9.629470
0.710326 9.781382
0.726652 9.932636
0.743127 10.083020
0.759688 10.231197
0.776274 10.375910
0.792818 10.516615
0.809262 10.652420
0.825555 10.782339
0.841644 10.905197
0.857505 11.021467
0.873116 11.130341
0.888472 11.231758
0.903581 11.325735
0.918467 11.412759
0.933175 11.492598
0.947759 11.568226
0.962289 11.635975
0.976836 11.699296
0.991482 11.759878
1.006307 11.818260
1.021389 11.876056
1.036793 11.933838
1.052575 11.993196
1.068780 12.054409
1.085441 12.118452
1.102572 12.185448
1.120185 12.256428
1.138281 12.347868
1.156857 12.428726
1.175912 12.515440
1.195447 12.611774
1.215465 12.729391
1.235988 12.890595
1.257041 13.099216
1.278664 13.334365
1.300903 13.586467
1.323813 13.829232
1.347451 14.106267
1.371881 14.394637
1.397153 14.694724
1.423321 15.006220
1.450414 15.329158
1.478432 15.663600
1.507338 16.008802
1.537037 16.363520
1.567363 16.725162
1.598047 17.090775
1.628724 17.455921
1.658915 17.814251
1.688071 18.159128
1.715619 18.415592
1.741016 18.710881
1.763809 18.970416
1.783663 19.188558
1.800372 19.374291
1.813850 19.416155
1.824143 19.411983
1.831386 19.453265
1.835813 19.454088
1.837722 19.418772
1.837467 19.353339
1.835452 19.264339
1.832116 19.158891
1.827886 19.042813
1.823132 18.921230
1.818144 18.798368
1.813133 18.676513
1.808222 18.557541
1.803493 18.442375
1.798988 18.331534
1.794727 18.224936
1.790722 18.123241
1.786983 18.027243
1.783524 17.936984
1.780366 17.853081
1.777529 17.775715
1.775033 17.705621
1.772895 17.644018
1.771128 17.590339
1.769728 17.544030
1.768687 17.505488
1.767972 17.475131
1.767534 17.452903
1.767300 17.438276
1.767173 17.430442
1.767045 17.428359
1.766778 17.429422
1.766224 17.409442
1.765228 17.405718
1.763626 17.397170
1.761261 17.382771
1.757982 17.360322
1.753660 17.328745
1.748185 17.286538
1.741478 17.232832
1.733485 17.166660
1.724186 17.087617
1.713592 16.995938
1.701736 16.891771
1.688670 16.775283
1.674457 16.647791
1.659180 16.508795
1.642932 16.359842
1.625810 16.201553
1.607912 16.035539
1.589346 15.861791
1.570219 15.681550
1.550646 15.496196
1.530741 15.307019
1.510625 15.115283
1.490419 14.921843
1.470248 14.728476
1.450228 14.536296
1.430482 14.346889
1.411125 14.161606
1.392264 13.981644
1.373997 13.808422
1.356420 13.642967
1.339616 13.486282
1.323656 13.339702
1.308603 13.203958
1.294509 13.079922
1.281415 12.968130
1.269350 12.869165
1.258336 12.784085
1.248386 12.711809
1.239506 12.653004
1.231686 12.607525
1.224917 12.575058
1.219170 12.554732
1.214418 12.546356
1.210616 12.549046
1.207717 12.517344
1.205655 12.589511
