Vs+E_c p
-1.324022 0.512000
-0.561914 0.536144
-1.526800 0.537279
-0.391439 0.538383
-1.594419 0.539833
-0.429820 0.541776
-1.609167 0.543974
-0.477557 0.546044
-1.610510 0.549957
-0.521625 0.552761
-1.607430 0.557778
-0.561015 0.561228
-1.603075 0.567332
-0.596438 0.571145
-1.598551 0.578432
-0.628654 0.583019
-1.594238 0.591636
-0.658247 0.596925
-1.590242 0.607008
-0.685640 0.613090
-1.586569 0.624797
-0.711141 0.631766
-1.583187 0.645260
-0.734979 0.653217
-1.580045 0.668693
-0.757320 0.677751
-1.577087 0.695426
-0.778285 0.705704
-1.574257 0.725810
-0.797960 0.737432
-1.571496 0.760230
-0.816403 0.773679
-1.568747 0.799439
-0.833644 0.814163
-1.565951 0.843192
-0.849696 0.859694
-1.563052 0.892316
-0.864554 0.910765
-1.559993 0.947334
-0.878196 0.967910
-1.556716 1.008811
-0.890588 1.031709
-1.553162 1.077356
-0.901680 1.102783
-1.549273 1.153629
-0.911414 1.181807
-1.544985 1.238342
-0.919718 1.269508
-1.540235 1.332654
-0.926510 1.367063
-1.534956 1.436626
-0.931700 1.474551
-1.529076 1.551565
-0.935186 1.593300
-1.522521 1.678474
-0.936862 1.724336
-1.515211 1.818449
-0.936614 1.868777
-1.507058 1.972697
-0.934327 2.027852
-1.497971 2.142538
-0.929893 2.202905
-1.487857 2.328778
-0.923256 2.394761
-1.476603 2.534285
-0.914280 2.606319
-1.464089 2.760183
-0.902967 2.838722
-1.450186 3.008384
-0.889376 3.093906
-1.434759 3.280967
-0.873681 3.373967
-1.417661 3.580158
-0.856228 3.681145
-1.398740 3.908285
-0.837588 4.017774
-1.377844 4.267468
-0.818658 4.385979
-1.354820 4.660418
-0.800494 4.788460
-1.329534 5.088830
-0.784401 5.226898
-1.301882 5.554047
-0.771665 5.702602
-1.271812 6.056476
-0.763212 6.215930
-1.239339 6.595250
-0.759212 6.765945
-1.204561 7.167983
-0.758841 7.349690
-1.167661 7.770241
-0.760353 7.964011
-1.128891 8.397103
-0.761483 8.601890
-1.088555 9.042150
-0.760066 9.258342
-1.046973 9.698006
-0.754446 9.925003
-1.004470 10.359223
-0.743668 10.595332
-0.961334 11.017705
-0.727504 11.261752
-0.917853 11.666770
-0.706327 11.916687
-0.874329 12.300220
-0.680943 12.552855
-0.831162 12.911609
-0.652433 13.163669
-0.788914 13.494362
-0.622035 13.740224
-0.748337 14.041095
-0.590997 14.275667
-0.710245 14.544148
-0.560497 14.761530
-0.675350 14.996134
-0.531552 15.189871
-0.644132 15.388532
-0.504958 15.553780
-0.616829 15.716600
-0.481255 15.852000
-0.593455 15.979558
-0.460699 16.083647
-0.573838 16.178370
-0.443293 16.252634
-0.557665 16.317642
-0.428849 16.365081
-0.544539 16.404042
-0.417035 16.428126
-0.534007 16.445313
-0.407451 16.450277
-0.525594 16.450319
-0.399639 16.440083
-0.518837 16.426410
-0.393167 16.404837
-0.513300 16.381798
-0.387610 16.352814
-0.508589 16.323805
-0.382589 16.290784
-0.504367 16.259243
-0.377796 16.224404
-0.500357 16.192766
-0.372960 16.160027
-0.496326 16.130531
-0.367874 16.101028
-0.492107 16.075747
-0.362381 16.052283
-0.487579 16.033194
-0.356377 16.015713
-0.482669 16.001941
-0.349796 15.989652
-0.477342 15.981080
-0.342597 15.974462
-0.471588 15.971155
-0.334767 15.969715
-0.465415 15.971461
-0.326300 15.975847
-0.458841 15.982761
-0.317207 15.992168
-0.451895 16.003674
-0.307500 16.017885
-0.444606 16.033480
-0.297201 16.051861
-0.437013 16.071613
-0.286323 16.094609
-0.429133 16.118466
-0.274874 16.144923
-0.420996 16.172295
-0.262866 16.202861
-0.412611 16.233771
-0.250299 16.267971
-0.403990 16.302179
-0.237173 16.339484
-0.395137 16.376614
-0.223483 16.416374
-0.386052 16.456092
-0.209229 16.498154
-0.376740 16.540271
-0.194399 16.584887
-0.367185 16.629033
-0.178973 16.675714
-0.357374 16.722155
-0.162941 16.770796
-0.347295 16.819956
-0.146291 16.871230
-0.336931 16.922623
-0.129003 16.975876
-0.326256 17.029648
-0.111063 17.085396
-0.315247 17.141778
-0.092454 17.200260
-0.303884 17.260017
-0.073166 17.320504
-0.292144 17.383571
-0.053188 17.447741
-0.280006 17.514693
-0.032522 17.582389
-0.267456 17.653270
-0.011170 17.725675
-0.254473 17.802441
0.010863 17.879249
-0.241052 17.961286
0.033547 18.042879
-0.227201 18.130682
0.056780 18.217853
-0.212942 18.312147
0.080523 18.405121
-0.198307 18.506164
0.104658 18.604788
-0.183359 18.712156
0.129014 18.816810
-0.168189 18.931336
0.153329 19.041449
-0.152914 19.162116
0.177343 19.276497
-0.137708 19.402010
0.200668 19.520165
-0.122792 19.649747
0.222806 19.769086
-0.108449 19.899686
0.243190 20.017623
-0.095069 20.145529
0.261045 20.256736
-0.083160 20.377548
0.275455 20.476277
-0.073359 20.582373
0.285385 20.661522
-0.066351 20.745953
0.289771 20.798600
-0.062746 20.855337
0.287740 20.875979
-0.062875 20.900816
0.278803 20.888415
-0.066629 20.884038
0.263114 20.842010
-0.073467 20.813707
0.241275 20.750012
-0.082535 20.705761
0.214283 20.629462
-0.092908 20.577245
0.183310 20.496594
-0.103750 20.444146
0.149606 20.364373
-0.114413 20.316249
0.114415 20.242411
-0.124441 20.201504
0.078956 20.135999
-0.133519 20.104660
0.044388 20.049652
-0.141449 20.027930
0.011746 19.984448
-0.148099 19.973144
-0.018107 19.942035
-0.153392 19.940956
-0.044536 19.922315
-0.157276 19.931566
-0.067155 19.925596
-0.159740 19.944633
-0.085843 19.950545
-0.160821 19.978509
-0.100727 19.994945
-0.160643 20.030680
-0.112172 20.056486
-0.159455 20.097607
-0.120750 20.129651
-0.157660 20.172629
-0.127220 20.206353
-0.155846 20.247056
-0.132491 20.278086
-0.154735 20.310576
-0.137522 20.332560
-0.155059 20.352095
-0.143170 20.359914
-0.157374 20.362922
-0.150004 20.354028
-0.161886 20.338685
-0.158185 20.313057
-0.168422 20.282286
-0.167546 20.242947
-0.176543 20.200004
-0.177701 20.151444
-0.185701 20.099856
-0.188212 20.046133
-0.195356 19.991658
-0.198676 19.935996
-0.205060 19.881783
-0.208786 19.828196
-0.214490 19.776133
-0.218341 19.725733
-0.223437 19.677649
-0.227230 19.631757
-0.231790 19.588203
-0.235426 19.547121
-0.239527 19.508181
-0.242958 19.470989
-0.246671 19.436895
-0.249890 19.404061
-0.253285 19.372679
-0.256304 19.343128
-0.259441 19.314613
-0.262283 19.287429
-0.265210 19.261269
-0.267897 19.235862
-0.270651 19.211229
-0.273194 19.187298
-0.275794 19.164074
-0.278199 19.141370
-0.280647 19.119342
-0.282905 19.097388
-0.285188 19.076938
-0.287274 19.057929
-0.289368 19.039962
-0.291251 19.023182
-0.293116 19.008146
-0.294751 18.995387
-0.296343 18.985015
-0.297682 18.977353
-0.298953 18.973232
-0.299951 18.972942
-0.300857 18.976423
-0.301476 18.984037
-0.301990 18.995700
-0.302208 19.011823
-0.302315 19.032422
-0.302139 19.056723
-0.301874 19.085308
-0.301369 19.117333
-0.300843 19.152402
-0.300181 19.189817
-0.299638 19.227824
-0.299153 19.264140
-0.299033 19.296750
-0.299283 19.322939
-0.300262 19.339409
-0.301991 19.343653
-0.304776 19.333813
-0.308530 19.308324
-0.313404 19.266878
-0.319184 19.209739
-0.325937 19.137757
-0.333418 19.052227
-0.341680 18.954784
-0.350484 18.846597
-0.359900 18.729503
-0.369722 18.603806
-0.380037 18.469959
-0.390668 18.329122
-0.401719 18.181819
-0.413032 18.028471
-0.424716 17.869446
-0.436621 17.705178
-0.448855 17.535735
-0.461264 17.361675
-0.473941 17.183909
-0.486732 17.003306
-0.499707 16.819912
-0.512707 16.635143
-0.525789 16.449519
-0.538788 16.264418
-0.551754 16.080611
-0.564528 15.899519
-0.577153 15.722172
-0.589481 15.549956
-0.601556 15.383780
-0.613241 15.223672
-0.624582 15.071095
-0.635456 14.926988
-0.645913 14.791520
-0.655842 14.665490
-0.665297 14.549185
-0.674184 14.443134
-0.682558 14.347375
-0.690342 14.262388
-0.697596 14.187757
-0.704259 14.122736
-0.710401 14.068431
-0.715979 14.023896
-0.721075 13.988907
-0.725670 13.962464
-0.729858 13.943970
-0.733649 13.932269
-0.737156 13.926195
-0.740418 13.924687
-0.743564 13.925556
-0.746663 13.927018
-0.749848 13.928763
-0.753191 13.926758
-0.756813 13.920510
-0.760772 13.909386
-0.765142 13.891537
-0.769930 13.866312
-0.775140 13.835213
-0.780710 13.798859
-0.786573 13.758550
-0.792618 13.716722
-0.798747 13.673572
-0.804840 13.631289
-0.810813 13.591292
-0.816580 13.555043
-0.822091 13.523197
-0.827300 13.496054
-0.832184 13.473935
-0.836731 13.456909
-0.840949 13.444403
-0.844852 13.435808
-0.848472 13.430472
-0.851840 13.427622
-0.855004 13.425729
-0.858019 13.423409
-0.860941 13.419556
-0.863833 13.413576
-0.866760 13.403253
-0.869782 13.387402
-0.872956 13.365084
-0.876330 13.335034
-0.879937 13.297096
-0.883796 13.250338
-0.887911 13.194506
-0.892268 13.130977
-0.896845 13.059318
-0.901599 12.980836
-0.906485 12.896869
-0.911453 12.808289
-0.916448 12.716395
-0.921420 12.622323
-0.926319 12.526837
-0.931107 12.431453
-0.935744 12.337470
-0.940198 12.244894
-0.944445 12.154967
-0.948465 12.067576
-0.952251 11.982966
-0.955793 11.902152
-0.959091 11.824918
-0.962148 11.751251
-0.964969 11.681529
-0.967565 11.615265
-0.969947 11.552273
-0.972129 11.492059
-0.974125 11.435311
-0.975949 11.381256
-0.977619 11.330197
-0.979146 11.280660
-0.980545 11.233938
-0.981829 11.188988
-0.983007 11.146345
-0.984088 11.105567
-0.985084 11.066804
-0.986001 11.029401
-0.986845 10.993711
-0.987622 10.959608
-0.988337 10.927340
-0.988998 10.896641
-0.989606 10.867303
-0.990171 10.840080
-0.990693 10.814375
-0.991176 10.790953
-0.991624 10.769625
-0.992042 10.751036
-0.992437 10.735016
-0.992817 10.722461
-0.993189 10.712718
-0.993563 10.707284
-0.993946 10.705644
-0.994352 10.709303
-0.994791 10.717657
-0.995276 10.730079
-0.995822 10.745306
-0.996443 10.762198
-0.997150 10.780438
-0.997957 10.799360
-0.998878 10.817823
-0.999924 10.836252
-1.001106 10.853471
-1.002432 10.869481
-1.003906 10.883699
-1.005535 10.896623
-1.007317 10.906709
-1.009251 10.914756
-1.011333 10.921010
-1.013558 10.924174
-1.015912 10.924169
-1.018377 10.923020
-1.020941 10.919562
-1.023581 10.914761
-1.026279 10.908799
-1.029014 10.901858
-1.031762 10.893985
-1.034502 10.886006
-1.037216 10.877890
-1.039884 10.870385
-1.042486 10.863983
-1.045005 10.858969
-1.047430 10.855163
-1.049745 10.853055
-1.051941 10.853076
-1.054009 10.854865
-1.055942 10.858969
-1.057736 10.865009
-1.059387 10.873205
-1.060896 10.883532
-1.062262 10.895927
-1.063488 10.910429
-1.064580 10.926644
-1.065541 10.944994
-1.066375 10.964307
-1.067090 10.986049
-1.067690 11.009148
-1.068181 11.033229
-1.068572 11.058549
-1.068866 11.084852
-1.069070 11.111973
-1.069193 11.139822
-1.069241 11.168023
-1.069221 11.196686
-1.069139 11.225482
-1.069000 11.254588
-1.068811 11.283317
-1.068576 11.311905
-1.068300 11.340234
-1.067991 11.368350
-1.067655 11.395502
-1.067295 11.421876
-1.066919 11.447366
-1.066533 11.471988
-1.066144 11.495136
-1.065755 11.517116
-1.065376 11.537185
-1.065010 11.555997
-1.064659 11.573088
-1.064327 11.588475
-1.064017 11.602050
-1.063729 11.613879
-1.063467 11.623647
-1.063230 11.632103
-1.063014 11.638261
-1.062816 11.642530
-1.062632 11.644691
-1.062459 11.645660
-1.062288 11.645259
-1.062115 11.643189
-1.061931 11.640067
-1.061729 11.635686
-1.061504 11.630629
-1.061249 11.624770
-1.060956 11.618030
-1.060619 11.610735
-1.060233 11.602958
-1.059793 11.594796
-1.059298 11.586988
-1.058739 11.578897
-1.058112 11.570848
-1.057412 11.563126
-1.056639 11.555685
-1.055783 11.548242
-1.054839 11.541657
-1.053803 11.535583
-1.052666 11.535449
-1.051422 11.531491
-1.050065 11.529070
-1.048585 11.528015
-1.046973 11.528968
-1.045225 11.531337
-1.043324 11.537260
-1.041262 11.546518
-1.039027 11.558873
-1.036607 11.572108
-1.033991 11.591547
-1.031164 11.615098
-1.028115 11.642952
-1.024831 11.675367
-1.021300 11.712261
-1.017509 11.753913
-1.013444 11.800360
-1.009095 11.851622
-1.004450 11.907764
-0.999502 11.968303
-0.994244 12.033996
-0.988666 12.104958
-0.982761 12.170985
-0.976525 12.252337
-0.969959 12.338149
-0.963058 12.429389
-0.955827 12.525409
-0.948276 12.626011
-0.940419 12.730882
-0.932271 12.840108
-0.923857 12.937466
-0.915205 13.051967
-0.906348 13.168578
-0.897326 13.286211
-0.888182 13.398931
-0.878964 13.516724
-0.869723 13.633550
-0.860511 13.748097
-0.851378 13.859497
-0.842367 13.966892
-0.833523 14.056684
-0.824874 14.153541
-0.816440 14.245166
-0.808231 14.330625
-0.800245 14.410183
-0.792467 14.484445
-0.784874 14.553849
-0.777434 14.619084
-0.770115 14.680900
-0.762889 14.739220
-0.755728 14.795736
-0.748625 14.850217
-0.741590 14.902935
-0.734661 14.953180
-0.727908 15.000270
-0.721438 15.042668
-0.715395 15.078552
-0.709944 15.105085
-0.705255 15.119744
-0.701480 15.120416
-0.698727 15.104845
-0.697047 15.072860
-0.696425 15.024489
-0.696777 14.961197
-0.697965 14.885513
-0.699808 14.800526
-0.702103 14.709781
-0.704643 14.616712
-0.707236 14.524124
-0.709718 14.434915
-0.711948 14.351586
-0.713817 14.206938
-0.715251 14.139095
-0.716197 14.081085
-0.716617 14.033845
-0.716498 13.996673
-0.715845 13.969817
-0.714677 13.936687
-0.713022 13.930025
-0.710916 13.932280
-0.708407 13.943445
-0.705547 13.962992
-0.702392 13.990007
-0.698998 14.023606
-0.695423 14.061787
-0.691725 14.103512
-0.687961 14.146758
-0.684183 14.190530
-0.680440 14.233546
-0.676777 14.273975
-0.673234 14.311619
-0.669838 14.345348
-0.666614 14.374637
-0.663577 14.411223
-0.660730 14.430126
-0.658070 14.443906
-0.655584 14.453087
-0.653251 14.457958
-0.651046 14.458795
-0.648940 14.456629
-0.646895 14.451773
-0.644882 14.444355
-0.642868 14.435945
-0.640824 14.426419
-0.638729 14.417315
-0.636563 14.408393
-0.634316 14.400430
-0.631988 14.393537
-0.629583 14.387634
-0.627118 14.382473
-0.624618 14.376512
-0.622110 14.370419
-0.619637 14.300050
-0.617251 14.291921
-0.615007 14.281375
-0.612970 14.267501
-0.611210 14.249488
-0.609796 14.226289
-0.608788 14.197516
-0.608240 14.160163
-0.608196 14.117273
-0.608680 14.066932
-0.609707 14.009158
-0.611268 13.944081
-0.613341 13.872142
-0.615876 13.794916
-0.618804 13.713269
-0.622049 13.637249
-0.625515 13.550315
-0.629110 13.463825
-0.632742 13.378742
-0.636322 13.296372
-0.639774 13.217850
-0.643036 13.144994
-0.646056 13.076427
-0.648792 13.014457
-0.651216 12.958798
-0.653304 12.909986
-0.655048 12.867804
-0.656446 12.832387
-0.657497 12.803258
-0.658209 12.780253
-0.658596 12.763120
-0.658673 12.751348
-0.658456 12.744523
-0.657969 12.742646
-0.657231 12.745382
-0.656263 12.751701
-0.655087 12.761390
-0.653729 12.773954
-0.652211 12.789167
-0.650559 12.806097
-0.648804 12.825222
-0.646969 12.846202
-0.645081 12.867903
-0.643169 12.890373
-0.641259 12.912849
-0.639377 12.935835
-0.637542 12.958598
-0.635773 12.980975
-0.634080 13.002898
-0.632471 13.015060
-0.630942 13.036859
-0.629486 13.058657
-0.628087 13.081117
-0.626721 13.104392
-0.625363 13.128953
-0.623987 13.155591
-0.622561 13.184755
-0.621060 13.216801
-0.619455 13.252145
-0.617726 13.291624
-0.615859 13.335184
-0.613852 13.382858
-0.611713 13.434510
-0.609465 13.489244
-0.607147 13.547025
-0.604812 13.606876
-0.602534 13.609687
-0.600406 13.668704
-0.598531 13.724874
-0.597035 13.776908
-0.596040 13.821570
-0.595672 13.857009
-0.596049 13.880934
-0.597275 13.891555
-0.599446 13.886854
-0.602643 13.865516
-0.606932 13.708736
-0.612344 13.651402
-0.618854 13.576369
-0.626372 13.485150
-0.634752 13.379950
-0.643815 13.263324
-0.653379 13.138356
-0.663264 13.007024
-0.673308 12.872661
-0.683372 12.736574
-0.693338 12.601130
-0.703115 12.467542
-0.712634 12.337837
-0.721838 12.212594
-0.730694 12.092673
-0.739179 11.978315
-0.747279 11.870002
-0.754992 11.767916
-0.762323 11.672300
-0.769277 11.583130
-0.775872 11.500108
-0.782120 11.423672
-0.788039 11.353324
-0.793649 11.289091
-0.798970 11.230843
-0.804024 11.178346
-0.808832 11.132638
-0.813414 11.091990
-0.817789 11.057847
-0.821977 11.028201
-0.825995 11.001891
-0.829862 10.978329
-0.833594 10.957084
-0.837208 10.900703
-0.840718 10.883144
-0.844135 10.867108
-0.847473 10.852008
-0.850741 10.837979
-0.853952 10.824550
-0.857115 10.811892
-0.860236 10.798616
-0.863326 10.785827
-0.866389 10.773246
-0.869435 10.760674
-0.872464 10.748279
-0.875483 10.735982
-0.878497 10.723427
-0.881510 10.710657
-0.884526 10.697658
-0.887547 10.684475
-0.890577 10.670115
-0.893619 10.655037
-0.896674 10.639019
-0.899746 10.621771
-0.902832 10.603634
-0.905934 10.584292
-0.909052 10.563600
-0.912186 10.542510
-0.915333 10.520339
-0.918490 10.497547
-0.921657 10.474103
-0.924832 10.450598
-0.928013 10.426283
-0.931197 10.401500
-0.934374 10.376197
-0.937542 10.351184
-0.940691 10.326147
-0.943817 10.301536
-0.946910 10.277216
-0.949964 10.253235
-0.952970 10.230320
-0.955926 10.208047
-0.958825 10.187260
-0.961655 10.167604
-0.964411 10.149568
-0.967085 10.132396
-0.969672 10.116220
-0.972168 10.101495
-0.974568 10.087997
-0.976872 10.075765
-0.979080 10.064554
-0.981191 10.054692
-0.983206 10.045214
-0.985128 10.036406
-0.986961 10.029038
-0.988707 10.022391
-0.990368 10.016310
-0.991950 10.011583
-0.993457 10.008148
-0.994894 10.005576
-0.996265 10.004183
-0.997572 10.003967
-0.998820 10.005184
-1.000015 10.007498
-1.001160 10.011482
-1.002263 10.015996
-1.003329 10.022102
-1.004356 10.030265
-1.005349 10.040733
-1.006311 10.052672
-1.007242 10.066358
-1.008143 10.082182
-1.009009 10.100685
-1.009842 10.121052
-1.010634 10.143158
-1.011378 10.167002
-1.012065 10.192093
-1.012687 10.218153
-1.013233 10.245604
-1.013689 10.274067
-1.014044 10.304227
-1.014286 10.335720
-1.014404 10.368568
-1.014385 10.402783
-1.014220 10.438927
-1.013897 10.476075
-1.013410 10.514648
-1.012750 10.555187
-1.011912 10.597252
-1.010887 10.640870
-1.009676 10.760415
-1.008277 10.806849
-1.006694 10.854596
-1.004931 10.903514
-1.002996 10.953855
-1.000898 11.005136
-0.998654 11.057192
-0.996278 11.110093
-0.993793 11.162913
-0.991220 11.215302
-0.988582 11.267439
-0.985906 11.318590
-0.983219 11.368320
-0.980547 11.416293
-0.977917 11.461902
-0.975351 11.505413
-0.972866 11.545995
-0.970479 11.584037
-0.968197 11.618739
-0.966019 11.650654
-0.963940 11.680457
-0.961947 11.707856
-0.960020 11.733548
-0.958133 11.758324
-0.956262 11.781904
-0.954372 11.805510
-0.952430 11.829758
-0.950400 11.854728
-0.948249 11.881758
-0.945946 11.910279
-0.943463 11.941537
-0.940774 11.975101
-0.937858 12.012999
-0.934694 12.054301
-0.931269 12.099489
-0.927573 12.148895
-0.923600 12.202317
-0.919347 12.259579
-0.914817 12.320673
-0.910016 12.385532
-0.904946 12.454951
-0.899617 12.528366
-0.894039 12.604930
-0.888224 12.684628
-0.882192 12.767386
-0.875958 12.852468
-0.869537 12.939951
-0.862944 13.029804
-0.856195 13.121601
-0.849310 13.215105
-0.842301 13.309548
-0.835182 13.404975
-0.827967 13.501767
-0.820664 13.598821
-0.813280 13.696742
-0.805817 13.795638
-0.798278 13.895740
-0.790655 13.997371
-0.782942 14.100677
-0.775128 14.206217
-0.767197 14.314363
-0.759133 14.425428
-0.750917 14.501244
-0.742526 14.620240
-0.733939 14.793944
-0.725139 14.924820
-0.716104 15.061528
-0.706819 15.205202
-0.697270 15.355958
-0.687455 15.513761
-0.677378 15.679262
-0.667047 15.851840
-0.656487 16.031159
-0.645734 16.217041
-0.634831 16.409025
-0.623842 16.605528
-0.612844 16.805106
-0.601930 17.006249
-0.591208 17.207076
-0.580801 17.404172
-0.570844 17.593787
-0.561479 17.773823
-0.552846 17.940308
-0.545084 18.090795
-0.538314 18.221759
-0.532631 18.331012
-0.528109 18.416762
-0.524785 18.477900
-0.522661 18.514265
-0.521707 18.527076
-0.521858 18.517244
-0.523033 18.498666
-0.525135 18.449169
-0.528058 18.384166
-0.531703 18.305568
-0.535972 18.215553
-0.540776 18.116420
-0.546041 18.009941
-0.551695 17.897561
-0.557679 17.780255
-0.563941 17.660107
-0.570427 17.536530
-0.577092 17.411100
-0.583897 17.284867
-0.590805 17.158501
-0.597781 17.032235
-0.604792 16.906834
-0.611813 16.783132
-0.618822 16.704232
-0.625804 16.582972
-0.632744 16.463697
-0.639632 16.346648
-0.646464 16.232635
-0.653241 16.121383
-0.659965 16.012903
-0.666644 15.906027
-0.673287 15.801346
-0.679906 15.698324
-0.686519 15.596086
-0.693142 15.494740
-0.699795 15.393684
-0.706499 15.292495
-0.713273 15.190757
-0.720140 15.088098
-0.727120 14.984128
-0.734230 14.878703
-0.741485 14.771116
-0.748895 14.661097
-0.756467 14.549327
-0.764202 14.435377
-0.772100 14.319615
-0.780150 14.201471
-0.788339 14.081247
-0.796646 13.911228
-0.805050 13.788869
-0.813521 13.665803
-0.822028 13.542856
-0.830538 13.420536
-0.839016 13.321710
-0.847425 13.249104
-0.855729 13.130747
-0.863892 13.015669
-0.871879 12.904174
-0.879658 12.797263
-0.887196 12.695032
-0.894465 12.598232
-0.901439 12.507285
-0.908097 12.422611
-0.914417 12.344696
-0.920384 12.274370
-0.925982 12.211273
-0.931200 12.155935
-0.936031 12.108278
-0.940472 12.069077
-0.944518 12.037997
-0.948166 12.015651
-0.951419 12.002273
-0.954278 11.997261
-0.956753 12.000914
-0.958853 12.013255
-0.960583 12.033545
-0.961953 12.060865
-0.962974 12.095432
-0.963659 12.136153
-0.964027 12.182366
-0.964088 12.234236
-0.963861 12.290991
-0.963364 12.352211
-0.962618 12.416792
-0.961644 12.484206
-0.960465 12.553841
-0.959107 12.624742
-0.957593 12.697331
-0.955952 12.770485
-0.954214 12.843875
-0.952406 12.916870
-0.950562 12.988820
-0.948713 13.058944
-0.946893 13.126924
-0.945137 13.192212
-0.943479 13.253840
-0.941957 13.311867
-0.940604 13.365839
-0.939456 13.414840
-0.938549 13.458290
-0.937918 13.495859
-0.937600 13.526892
-0.937632 13.551265
-0.938049 13.568638
-0.938883 13.578232
-0.940166 13.580404
-0.941920 13.573933
-0.944160 13.559011
-0.946894 13.535604
-0.950121 13.503915
-0.953828 13.464076
-0.957995 13.417014
-0.962598 13.361859
-0.967599 13.299632
-0.972960 13.231005
-0.978643 13.156464
-0.984606 13.076582
-0.990809 12.991745
-0.997213 12.902864
-1.003784 12.810637
-1.010485 12.715102
-1.017284 12.616551
-1.024150 12.515436
-1.031054 12.412277
-1.037971 12.307606
-1.044879 12.201262
-1.051754 12.093955
-1.058574 11.985785
-1.065322 11.877259
-1.071974 11.768782
-1.078511 11.660590
-1.084918 11.553143
-1.091171 11.446589
-1.097258 11.342111
-1.103159 11.238704
-1.108854 11.137419
-1.114325 11.038655
-1.119556 10.942754
-1.124529 10.850338
-1.129226 10.778785
-1.133631 10.693990
-1.137724 10.614297
-1.141490 10.540135
-1.144914 10.471039
-1.147982 10.407982
-1.150681 10.351112
-1.152994 10.300756
-1.154912 10.257008
-1.156421 10.220628
-1.157508 10.191490
-1.158162 10.169801
-1.158372 10.155248
-1.158131 10.148338
-1.157427 10.149692
-1.156251 10.158874
-1.154598 10.175821
-1.152459 10.201087
-1.149830 10.233809
-1.146705 10.274286
-1.143081 10.322902
-1.138956 10.379199
-1.134330 10.443730
-1.129201 10.515848
-1.123568 10.595839
-1.117433 10.683416
-1.110802 10.778538
-1.103683 10.880796
-1.096086 10.989778
-1.088028 11.106130
-1.079521 11.228500
-1.070589 11.357283
-1.061257 11.491519
-1.051559 11.630772
-1.041533 11.773958
-1.031233 11.920978
-1.020719 12.070309
-1.010069 12.220783
-0.999383 12.370639
-0.988779 12.517700
-0.978406 12.659362
-0.968454 12.792180
-0.959143 12.913218
-0.950730 13.017444
-0.943484 13.100485
-0.937661 13.158042
-0.933478 13.186593
-0.931081 13.183680
-0.930519 13.148685
-0.931704 13.083648
-0.934416 12.992098
-0.938339 12.879583
-0.943133 12.750645
-0.948477 12.611418
-0.954086 12.465717
-0.959717 12.317802
-0.965175 12.171045
-0.970302 12.028325
-0.974971 11.891439
-0.979088 11.762374
-0.982580 11.642447
-0.985396 11.532724
-0.987499 11.434113
-0.988863 11.346890
-0.989470 11.271978
-0.989312 11.209927
-0.988389 11.162036
-0.986704 11.128702
-0.984267 11.112143
-0.981087 11.115033
-0.977186 11.111852
-0.972586 11.161465
-0.967313 11.237562
-0.961402 11.339152
-0.954892 11.461478
-0.947829 11.600672
-0.940260 11.752064
-0.932247 11.912263
-0.923850 12.079456
-0.915138 12.251351
-0.906187 12.426290
-0.897075 12.602422
-0.887887 12.777965
-0.878708 12.951895
-0.869620 13.122166
-0.860704 13.287732
-0.852035 13.447593
-0.843681 13.600350
-0.835696 13.745269
-0.828125 13.881105
-0.821003 14.007163
-0.814348 14.122695
-0.808170 14.227287
-0.802462 14.321355
-0.797206 14.404628
-0.792374 14.478238
-0.787926 14.542521
-0.783821 14.598241
-0.780005 14.647522
-0.776423 14.690617
-0.773020 14.728281
-0.769737 14.791485
-0.766523 14.822775
-0.763324 14.852663
-0.760091 14.881898
-0.756780 14.922926
-0.753349 14.954559
-0.749765 14.988303
-0.745999 15.024616
-0.742028 15.064431
-0.737835 15.107994
-0.733408 15.156000
-0.728744 15.208073
-0.723842 15.264182
-0.718712 15.324098
-0.713366 15.429369
-0.707827 15.495761
-0.702124 15.564288
-0.696296 15.635151
-0.690389 15.707035
-0.684461 15.778834
-0.678580 15.849159
-0.672822 15.917391
-0.667271 15.980677
-0.662020 16.038441
-0.657165 16.088784
-0.652805 16.129645
-0.649042 16.158808
-0.645970 16.176097
-0.643668 16.179191
-0.642201 16.169132
-0.641604 16.143820
-0.641891 16.103717
-0.643035 16.049623
-0.644995 15.982396
-0.647697 15.902904
-0.651067 15.813028
-0.655007 15.714118
-0.659431 15.608398
-0.664237 15.496744
-0.669346 15.381070
-0.674665 15.262758
-0.680133 15.143162
-0.685662 15.023487
-0.691216 14.904427
-0.696721 14.786963
-0.702166 14.671718
-0.707492 14.559227
-0.712712 14.449995
-0.717768 14.344018
-0.722700 14.241686
-0.727449 14.142992
-0.732082 14.047412
-0.736530 13.955237
-0.740889 13.865693
-0.745076 13.779606
-0.749207 13.695775
-0.753186 13.613968
-0.757153 13.534269
-0.761010 13.455864
-0.764895 13.379056
-0.768715 13.302822
-0.772598 13.227149
-0.776475 13.151363
-0.780441 13.075408
-0.784456 12.999012
-0.788579 12.921448
-0.792798 12.842815
-0.797137 12.762868
-0.801588 12.656288
-0.806154 12.574349
-0.810829 12.490849
-0.815601 12.406349
-0.820453 12.333784
-0.825368 12.247891
-0.830324 12.161938
-0.835302 12.076409
-0.840278 11.991564
-0.845231 11.907715
-0.850136 11.825467
-0.854974 11.745287
-0.859722 11.667718
-0.864364 11.592610
-0.868882 11.520513
-0.873265 11.451257
-0.877490 11.386137
-0.881547 11.325227
-0.885423 11.267687
-0.889105 11.214935
-0.892583 11.166810
-0.895848 11.123129
-0.898890 11.084498
-0.901703 11.050845
-0.904280 11.022272
-0.906616 10.998684
-0.908706 10.980540
-0.910548 10.967565
-0.912139 10.959864
-0.913477 10.957439
-0.914561 10.959822
-0.915390 10.967083
-0.915968 10.979059
-0.916294 10.995533
-0.916374 11.016299
-0.916212 11.041131
-0.915817 11.069459
-0.915195 11.101458
-0.914352 11.137020
-0.913298 11.175655
-0.912044 11.216980
-0.910604 11.260789
-0.908992 11.306508
-0.907223 11.354593
-0.905313 11.403842
-0.903278 11.454670
-0.901138 11.506566
-0.898912 11.558527
-0.896618 11.610544
-0.894279 11.662456
-0.891912 11.713183
-0.889540 11.762539
-0.887176 11.810360
-0.884838 11.856489
-0.882542 11.900046
-0.880298 11.940672
-0.878112 11.978560
-0.875991 12.013479
-0.873935 12.045357
-0.871943 12.074198
-0.870011 12.099978
-0.868131 12.123374
-0.866291 12.143800
-0.864479 12.161766
-0.862678 12.178005
-0.860874 12.192634
-0.859048 12.205436
-0.857181 12.217177
-0.855259 12.228311
-0.853261 12.239221
-0.851175 12.249800
-0.848983 12.261341
-0.846672 12.273686
-0.844231 12.287407
-0.841651 12.302243
-0.838923 12.319193
-0.836045 12.337559
-0.833011 12.357834
-0.829818 12.380216
-0.826469 12.405515
-0.822966 12.432895
-0.819313 12.463139
-0.815516 12.495810
-0.811586 12.531525
-0.807535 12.569595
-0.803375 12.610640
-0.799120 12.653727
-0.794787 12.699396
-0.790394 12.747088
-0.785960 12.797026
-0.781508 12.848865
-0.777060 12.901874
-0.772640 12.956025
-0.768276 13.011121
-0.763995 13.066352
-0.759827 13.121931
-0.755801 13.177110
-0.751951 13.231399
-0.748308 13.284477
-0.744904 13.336048
-0.741770 13.385364
-0.738937 13.432301
-0.736440 13.476315
-0.734305 13.517264
-0.732560 13.554428
-0.731230 13.587506
-0.730336 13.616178
-0.729901 13.640036
-0.729938 13.659230
-0.730457 13.673445
-0.731466 13.682505
-0.732965 13.686236
-0.734952 13.684591
-0.737416 13.677953
-0.740343 13.666311
-0.743714 13.649773
-0.747505 13.628509
-0.751692 13.602476
-0.756241 13.571841
-0.761118 13.536694
-0.766282 13.497543
-0.771696 13.454900
-0.777321 13.408952
-0.783115 13.360502
-0.789041 13.309572
-0.795061 13.256462
-0.801136 13.201838
-0.807235 13.146562
-0.813323 13.090163
-0.819376 13.033647
-0.825368 12.977380
-0.831279 12.921175
-0.837089 12.866234
-0.842782 12.811702
-0.848342 12.758293
-0.853759 12.705555
-0.859023 12.653876
-0.864125 12.603750
-0.869059 12.555356
-0.873821 12.508258
-0.878408 12.462672
-0.882816 12.418776
-0.887045 12.376552
-0.891096 12.336431
-0.894965 12.297867
-0.898653 12.261306
-0.902157 12.226662
-0.905483 12.194366
-0.908629 12.163425
-0.911595 12.134250
-0.914381 12.106747
-0.916990 12.081207
-0.919423 12.056639
-0.921681 12.033652
-0.923763 12.012030
-0.925669 11.991743
-0.927403 11.972804
-0.928964 11.955003
-0.930350 11.938697
-0.931562 11.923619
-0.932600 11.909241
-0.933462 11.896217
-0.934147 11.884451
-0.934653 11.873642
-0.934983 11.864229
-0.935136 11.856212
-0.935113 11.848956
-0.934910 11.842965
-0.934526 11.839339
-0.933957 11.836571
-0.933203 11.835307
-0.932265 11.835680
-0.931142 11.837846
-0.929831 11.841933
-0.928336 11.847494
-0.926654 11.855161
-0.924786 11.864876
-0.922734 11.876642
-0.920503 11.890506
-0.918090 11.906667
-0.915496 11.935743
-0.912723 11.956602
-0.909776 11.980136
-0.906657 12.006138
-0.903368 12.034996
-0.899912 12.066691
-0.896293 12.100924
-0.892515 12.138088
-0.888581 12.177838
-0.884495 12.220431
-0.880262 12.266080
-0.875888 12.314760
-0.871380 12.360711
-0.866742 12.415341
-0.861982 12.472909
-0.857107 12.533337
-0.852124 12.596519
-0.847041 12.622353
-0.841871 12.690347
-0.836621 12.761116
-0.831298 12.833217
-0.825910 12.907833
-0.820465 12.984446
-0.814969 13.062606
-0.809429 13.142613
-0.803853 13.224093
-0.798247 13.306913
-0.792619 13.390932
-0.786977 13.475992
-0.781328 13.562151
-0.775684 13.648928
-0.770053 13.735932
-0.764451 13.823068
-0.758894 13.910292
-0.753401 13.997048
-0.747997 14.082905
-0.742710 14.167663
-0.737572 14.250073
-0.732622 14.330072
-0.727900 14.406756
-0.723458 14.479129
-0.719339 14.546678
-0.715592 14.608748
-0.712266 14.664533
-0.709408 14.712959
-0.707058 14.753404
-0.705247 14.785178
-0.703998 14.808652
-0.703318 14.823614
-0.703205 14.830021
-0.703648 14.828437
-0.704619 14.819300
-0.706089 14.803282
-0.708015 14.781078
-0.710354 14.753311
-0.713067 14.720829
-0.716108 14.684264
-0.719447 14.643580
-0.723048 14.600742
-0.726885 14.555362
-0.730935 14.507407
-0.735179 14.457520
-0.739605 14.406227
-0.744203 14.352286
-0.748961 14.296384
-0.753870 14.238400
-0.758923 14.177936
-0.764109 14.115644
-0.769420 14.051522
-0.774848 13.985616
-0.780384 13.917839
-0.786023 13.847827
-0.791755 13.775917
-0.797580 13.702429
-0.803499 13.627166
-0.809526 13.548981
-0.815680 13.468417
-0.821997 13.383803
-0.828513 13.295665
-0.835271 13.203247
-0.842307 13.106523
-0.849637 13.004665
-0.857253 12.898061
-0.865121 12.787519
-0.873198 12.673779
-0.881422 12.557017
-0.889729 12.439329
-0.898051 12.321213
-0.906325 12.204230
-0.914491 12.088831
-0.922491 11.976139
-0.930277 11.867191
-0.937808 11.763187
-0.945047 11.663746
-0.951960 11.570543
-0.958523 11.483244
-0.964715 11.402937
-0.970518 11.330101
-0.975920 11.264853
-0.980906 11.207396
-0.985469 11.157894
-0.989601 11.116676
-0.993299 11.083521
-0.996558 11.059224
-0.999375 11.042924
-1.001746 11.034995
-1.003671 11.036145
-1.005151 11.046115
-1.006183 11.065380
-1.006769 11.093228
-1.006906 11.129413
-1.006594 11.174948
-1.005832 11.251464
-1.004619 11.315313
-1.002959 11.387846
-1.000850 11.468664
-0.998295 11.557432
-0.995299 11.654806
-0.991864 11.759955
-0.987995 11.873079
-0.983697 11.994047
-0.978983 12.122628
-0.973859 12.258082
-0.968338 12.400465
-0.962436 12.549044
-0.956173 12.703678
-0.949574 12.863505
-0.942663 13.028340
-0.935476 13.197676
-0.928047 13.370431
-0.920423 13.545453
-0.912649 13.721918
-0.904777 13.898982
-0.896860 14.075470
-0.888955 14.249881
-0.881121 14.421654
-0.873413 14.589956
-0.865886 14.753078
-0.858591 14.909831
-0.851574 15.059617
-0.844880 15.201665
-0.838549 15.335455
-0.832614 15.458706
-0.827106 15.572080
-0.822051 15.674664
-0.817472 15.765820
-0.813382 15.845412
-0.809787 15.913413
-0.806686 15.969911
-0.804072 16.014835
-0.801931 16.048464
-0.800242 16.071213
-0.798983 16.084183
-0.798126 16.086429
-0.797636 16.079949
-0.797474 16.065533
-0.797606 16.043639
-0.797991 16.015243
-0.798596 15.981041
-0.799385 15.942189
-0.800329 15.899144
-0.801397 15.842681
-0.802568 15.792582
-0.803822 15.751805
-0.805140 15.696274
-0.806512 15.638912
-0.807928 15.580219
-0.809381 15.521034
-0.810867 15.461142
-0.812381 15.400501
-0.813920 15.339717
-0.815480 15.279007
-0.817054 15.180351
-0.818636 15.120147
-0.820219 15.060177
-0.821796 15.001418
-0.823365 14.942775
-0.824918 14.884571
-0.826447 14.827880
-0.827942 14.772689
-0.829400 14.718833
-0.830812 14.666975
-0.832172 14.591062
-0.833469 14.544127
-0.834697 14.499360
-0.835844 14.457853
-0.836898 14.418942
-0.837843 14.383279
-0.838665 14.351152
-0.839348 14.322695
-0.839873 14.298520
-0.840226 14.278672
-0.840389 14.263425
-0.840348 14.253323
-0.840097 14.248839
-0.839625 14.249052
-0.838930 14.254429
-0.838016 14.265108
-0.836895 14.279970
-0.835583 14.299519
-0.834107 14.322856
-0.832498 14.349299
-0.830802 14.378001
-0.829072 14.407761
-0.827372 14.437440
-0.825774 14.466047
-0.824358 14.491719
-0.823201 14.513127
-0.822384 14.518346
-0.821981 14.526850
-0.822058 14.527060
-0.822669 14.518411
-0.823855 14.455690
-0.825647 14.427010
-0.828069 14.387582
-0.831135 14.337312
-0.834861 14.275858
-0.839254 14.203070
-0.844320 14.118974
-0.850064 14.023562
-0.856475 13.916746
-0.863534 13.799563
-0.871197 13.673102
-0.879401 13.537817
-0.888063 13.395294
-0.897093 13.247069
-0.906394 13.094562
-0.915877 12.938856
-0.925452 12.781889
-0.935041 12.624760
-0.944575 12.468528
-0.953992 12.313881
-0.963239 12.159538
-0.972273 12.011078
-0.981058 11.866619
-0.989560 11.726862
-0.997754 11.592102
-1.005621 11.462444
-1.013142 11.338447
-1.020309 11.220633
-1.027108 11.109122
-1.033534 11.003468
-1.039581 10.904523
-1.045247 10.811678
-1.050532 10.725516
-1.055439 10.646084
-1.059971 10.573014
-1.064136 10.506336
-1.067943 10.446358
-1.071402 10.393101
-1.074523 10.345192
-1.077320 10.303441
-1.079806 10.267230
-1.081997 10.236073
-1.083911 10.209895
-1.085565 10.188017
-1.086976 10.170343
-1.088163 10.157255
-1.089145 10.146930
-1.089936 10.140234
-1.090552 10.137120
-1.091010 10.136573
-1.091317 10.138707
-1.091482 10.143305
-1.091510 10.150549
-1.091406 10.159968
-1.091173 10.171973
-1.090807 10.186439
-1.090308 10.203179
-1.089672 10.222673
-1.088894 10.244809
-1.087972 10.270432
-1.086900 10.298855
-1.085675 10.330181
-1.084297 10.364907
-1.082766 10.402720
-1.081088 10.443600
-1.079272 10.487637
-1.077330 10.534612
-1.075281 10.584314
-1.073147 10.636075
-1.070952 10.690247
-1.068727 10.745889
-1.066501 10.796766
-1.064306 10.853311
-1.062172 10.908598
-1.060124 10.963120
-1.058185 11.015945
-1.056371 11.066580
-1.054693 11.114757
-1.053149 11.160022
-1.051730 11.203189
-1.050421 11.243569
-1.049202 11.281969
-1.048043 11.318581
-1.046919 11.353897
-1.045800 11.388374
-1.044662 11.423240
-1.043486 11.458857
-1.042257 11.495630
-1.040968 11.533578
-1.039627 11.572196
-1.038252 11.610516
-1.036871 11.648108
-1.035526 11.684574
-1.034269 11.718631
-1.033160 11.749758
-1.032265 11.775576
-1.031653 11.795489
-1.031383 11.807939
-1.031507 11.812249
-1.032058 11.807369
-1.033047 11.793294
-1.034466 11.770100
-1.036288 11.738548
-1.038459 11.699984
-1.040914 11.655051
-1.043578 11.605627
-1.046370 11.552788
-1.049208 11.498777
-1.052014 11.445581
-1.054717 11.394841
-1.057248 11.346147
-1.059551 11.301414
-1.061576 11.266312
-1.063284 11.233322
-1.064646 11.207046
-1.065643 11.177220
-1.066257 11.152166
-1.066484 11.147230
-1.066327 11.149502
-1.065793 11.159122
-1.064901 11.175182
-1.063676 11.198169
-1.062141 11.227244
-1.060335 11.261947
-1.058300 11.301123
-1.056086 11.320600
-1.053746 11.396229
-1.051338 11.443509
-1.048926 11.491583
-1.046570 11.539452
-1.044330 11.586065
-1.042259 11.630474
-1.040402 11.671629
-1.038791 11.709153
-1.037450 11.761863
-1.036384 11.790823
-1.035590 11.814340
-1.035053 11.832947
-1.034749 11.847134
-1.034649 11.857010
-1.034720 11.863005
-1.034924 11.865230
-1.035227 11.845196
-1.035593 11.841058
-1.035989 11.834923
-1.036382 11.827057
-1.036747 11.818157
-1.037060 11.808420
-1.037295 11.798492
-1.037434 11.788786
-1.037461 11.779863
-1.037358 11.771655
-1.037107 11.764836
-1.036695 11.759958
-1.036113 11.757743
-1.035344 11.757722
-1.034375 11.760747
-1.033196 11.766800
-1.031797 11.777292
-1.030164 11.791881
-1.028287 11.811143
-1.026154 11.835451
-1.023758 11.865433
-1.021090 11.901071
-1.018140 11.942845
-1.014898 11.990742
-1.011360 12.045310
-1.007518 12.092303
-1.003366 12.159384
-0.998905 12.232527
-0.994129 12.313338
-0.989039 12.400881
-0.983636 12.495837
-0.977919 12.597398
-0.971893 12.705267
-0.965563 12.819758
-0.958938 12.940760
-0.952025 13.067462
-0.944837 13.200262
-0.937387 13.374873
-0.929692 13.518366
-0.921770 13.665970
-0.913643 13.849758
-0.905331 14.054469
-0.896858 14.212261
-0.888248 14.371407
-0.879529 14.582732
-0.870731 14.742285
-0.861886 14.901533
-0.853028 15.059173
-0.844194 15.214793
-0.835423 15.366900
-0.826761 15.515413
-0.818254 15.659286
-0.809955 15.797943
-0.801922 15.929798
-0.794219 16.053793
-0.786917 16.169703
-0.780088 16.276072
-0.773809 16.372223
-0.768159 16.455767
-0.763212 16.527606
-0.759037 16.585635
-0.755693 16.629649
-0.753220 16.660000
-0.751642 16.675959
-0.750957 16.679870
-0.751143 16.668034
-0.752158 16.643499
-0.753941 16.607063
-0.756422 16.561361
-0.759521 16.506701
-0.763150 16.444610
-0.767221 16.376184
-0.771651 16.302789
-0.776356 16.226153
-0.781263 16.146933
-0.786305 16.065691
-0.791424 15.992928
-0.796574 15.910723
-0.801708 15.828976
-0.806793 15.748100
-0.811800 15.669310
-0.816708 15.592193
-0.821499 15.517169
-0.826163 15.444275
-0.830690 15.373928
-0.835071 15.306485
-0.839302 15.230953
-0.843378 15.170335
-0.847291 15.115010
-0.851035 15.065046
-0.854601 15.021467
-0.857980 14.982689
-0.861163 14.948167
-0.864147 14.919110
-0.866916 14.893469
-0.869463 14.872092
-0.871778 14.854273
-0.873856 14.839859
-0.875689 14.829143
-0.877272 14.821851
-0.878604 14.818374
-0.879681 14.817897
-0.880509 14.820495
-0.881088 14.826336
-0.881426 14.835528
-0.881532 14.847561
-0.881418 14.862505
-0.881098 14.879580
-0.880587 14.898782
-0.879906 14.919723
-0.879074 14.942354
-0.878112 14.965864
-0.877044 14.990322
-0.875897 15.014715
-0.874690 15.038787
-0.873448 15.061654
-0.872190 15.082606
-0.870935 15.100880
-0.869699 15.116059
-0.868492 15.127737
-0.867322 15.135820
-0.866192 15.139684
-0.865096 15.139638
-0.864021 15.136142
-0.862956 15.129139
-0.861870 15.120011
-0.860735 15.109212
-0.859516 15.097128
-0.858174 15.084009
-0.856665 15.071067
-0.854946 15.059497
-0.852972 15.050286
-0.850698 15.044808
-0.848081 15.043767
-0.845084 15.047893
-0.841668 15.058640
-0.837806 15.076786
-0.833475 15.102719
-0.828659 15.136848
-0.823351 15.179947
-0.817548 15.232798
-0.811256 15.294372
-0.804488 15.364967
-0.797266 15.444593
-0.789622 15.532691
-0.781589 15.630278
-0.773213 15.735836
-0.764537 15.848306
-0.755611 15.966244
-0.746488 16.088732
-0.737221 16.214869
-0.727863 16.343826
-0.718467 16.474114
-0.709078 16.605395
-0.699735 16.736692
-0.690476 16.867375
-0.681336 16.996904
-0.672341 17.124927
-0.663515 17.297576
-0.654875 17.422096
-0.646439 17.544641
-0.638218 17.664569
-0.630217 17.781402
-0.622442 17.895254
-0.614898 18.006368
-0.607590 18.114571
-0.600521 18.220266
-0.593699 18.322859
-0.587130 18.422598
-0.580828 18.518693
-0.574804 18.611759
-0.569071 18.701579
-0.563647 18.787503
-0.558547 18.834775
-0.553789 18.911591
-0.549390 18.984133
-0.545366 19.052261
-0.541734 19.115321
-0.538507 19.172639
-0.535696 19.224561
-0.533310 19.270102
-0.531351 19.344372
-0.529821 19.375848
-0.528722 19.400423
-0.528051 19.416953
-0.527798 19.426295
-0.527957 19.427893
-0.528509 19.422427
-0.529440 19.409346
-0.530729 19.389038
-0.532353 19.361676
-0.534285 19.327701
-0.536497 19.287690
-0.538958 19.242036
-0.541637 19.191219
-0.544500 19.135772
-0.547514 19.076282
-0.550646 19.013608
-0.553865 18.965035
-0.557138 18.896557
-0.560437 18.826715
-0.563729 18.756215
-0.566990 18.685542
-0.570195 18.615651
-0.573324 18.546701
-0.576355 18.479798
-0.579271 18.415123
-0.582057 18.353435
-0.584698 18.294924
-0.587187 18.240403
-0.589512 18.189328
-0.591666 18.142475
-0.593645 18.100469
-0.595443 18.062472
-0.597060 18.020549
-0.598490 17.940071
-0.599734 17.915813
-0.600792 17.896383
-0.601667 17.881291
-0.602361 17.871090
-0.602877 17.833957
-0.603220 17.832828
-0.603391 17.835640
-0.603400 17.841807
-0.603252 17.851412
-0.602955 17.864262
-0.602520 17.879386
-0.601956 17.896598
-0.601276 17.915541
-0.600490 17.936130
-0.599612 17.957812
-0.598655 17.980033
-0.597635 18.002519
-0.596568 18.024678
-0.595470 18.046326
-0.594357 18.067130
-0.593247 18.086789
-0.592160 18.105293
-0.591112 18.121936
-0.590117 18.136960
-0.589197 18.149485
-0.588364 18.160079
-0.587639 18.168635
-0.587036 18.174518
-0.586566 18.178300
-0.586243 18.179488
-0.586082 18.178560
-0.586096 18.175456
-0.586297 18.170574
-0.586698 18.162757
-0.587305 18.152300
-0.588128 18.139401
-0.589178 18.123624
-0.590464 18.105556
-0.591993 18.084402
-0.593778 18.060314
-0.595824 18.033326
-0.598140 18.002883
-0.600731 17.969195
-0.603603 17.931746
-0.606758 17.890978
-0.610196 17.846173
-0.613913 17.797602
-0.617901 17.745232
-0.622150 17.689337
-0.626649 17.629995
-0.631379 17.617999
-0.636326 17.552691
-0.641469 17.484797
-0.646790 17.414548
-0.652270 17.342051
-0.657888 17.267300
-0.663625 17.190991
-0.669465 17.113482
-0.675390 17.034480
-0.681382 16.954443
-0.687428 16.873721
-0.693508 16.793325
-0.699610 16.712329
-0.705717 16.650070
-0.711814 16.569802
-0.717886 16.490210
-0.723919 16.411027
-0.729897 16.332974
-0.735804 16.255950
-0.741624 16.181035
-0.747338 16.107443
-0.752931 16.036129
-0.758388 15.967418
-0.763695 15.901175
-0.768834 15.838163
-0.773795 15.778334
-0.778562 15.721755
-0.783124 15.668889
-0.787472 15.619892
-0.791595 15.575160
-0.795488 15.535171
-0.799147 15.499468
-0.802574 15.468274
-0.805773 15.441523
-0.808744 15.418544
-0.811500 15.399228
-0.814056 15.384012
-0.816430 15.371919
-0.818645 15.362919
-0.820731 15.356586
-0.822724 15.351683
-0.824658 15.347355
-0.826572 15.343483
-0.828510 15.338721
-0.830514 15.332449
-0.832626 15.323883
-0.834884 15.312458
-0.837317 15.297299
-0.839949 15.278024
-0.842792 15.254563
-0.845849 15.262165
-0.849114 15.230521
-0.852568 15.194623
-0.856188 15.155219
-0.859937 15.112941
-0.863782 15.068607
-0.867683 15.022752
-0.871599 14.976153
-0.875491 14.929797
-0.879326 14.884114
-0.883074 14.838923
-0.886703 14.795691
-0.890193 14.754194
-0.893523 14.714950
-0.896684 14.678386
-0.899666 14.644475
-0.902466 14.613541
-0.905084 14.585552
-0.907523 14.560146
-0.909790 14.537009
-0.911895 14.516823
-0.913851 14.498394
-0.915669 14.482502
-0.917363 14.468290
-0.918953 14.455512
-0.920449 14.444346
-0.921869 14.433750
-0.923228 14.423860
-0.924542 14.414955
-0.925825 14.405714
-0.927095 14.395662
-0.928362 14.385967
-0.929635 14.375623
-0.930925 14.365106
-0.932240 14.353872
-0.933585 14.341314
-0.934966 14.327835
-0.936386 14.313034
-0.937849 14.297295
-0.939354 14.280396
-0.940903 14.262555
-0.942498 14.243764
-0.944138 14.223281
-0.945820 14.202374
-0.947542 14.180705
-0.949299 14.157876
-0.951087 14.134245
-0.952903 14.110160
-0.954738 14.085662
-0.956586 14.060407
-0.958440 14.034711
-0.960287 14.008501
-0.962114 13.982828
-0.963907 13.958063
-0.965651 13.976676
-0.967327 13.953163
-0.968918 13.931417
-0.970404 13.911658
-0.971769 13.894246
-0.972992 13.879348
-0.974056 13.867437
-0.974941 13.858991
-0.975629 13.854073
-0.976102 13.852907
-0.976345 13.855648
-0.976342 13.918734
-0.976081 13.931635
-0.975548 13.949713
-0.974732 13.973491
-0.973624 14.003297
-0.972216 14.039247
-0.970502 14.081274
-0.968480 14.129449
-0.966148 14.183681
-0.963507 14.244556
-0.960558 14.311256
-0.957313 14.384303
-0.953778 14.462681
-0.949968 14.546753
-0.945897 14.636320
-0.941587 14.730699
-0.937062 14.829152
-0.932355 14.931138
-0.927506 15.036080
-0.922550 15.142971
-0.917532 15.250862
-0.912498 15.358240
-0.907499 15.464991
-0.902584 15.569343
-0.897803 15.670565
-0.893203 15.767515
-0.888821 15.859300
-0.884689 15.945331
-0.880830 16.025432
-0.877259 16.100306
-0.873974 16.169128
-0.870966 16.231984
-0.868216 16.289722
-0.865703 16.342755
-0.863408 16.391375
-0.861322 16.435832
-0.859445 16.475861
-0.857796 16.511236
-0.856407 16.542587
-0.855339 16.568343
-0.854663 16.587154
-0.854464 16.597626
-0.854818 16.598392
-0.855792 16.588453
-0.857422 16.567005
-0.859728 16.533865
-0.862717 16.488211
-0.866393 16.430313
-0.870766 16.359401
-0.875866 16.274688
-0.881740 16.175847
-0.888453 16.061970
-0.896058 15.932890
-0.904558 15.789636
-0.913867 15.633033
-0.923815 15.467025
-0.934191 15.294698
-0.944785 15.119363
-0.955409 14.943905
-0.965905 14.771302
-0.976145 14.603806
-0.986031 14.442927
-0.995494 14.290257
-1.004482 14.146210
-1.012969 14.011854
-1.020941 13.887105
-1.028400 13.772160
-1.035358 13.666741
-1.041839 13.570857
-1.047880 13.483705
-1.053519 13.404735
-1.058808 13.333902
-1.063802 13.270075
-1.068566 13.211842
-1.073168 13.157709
-1.077681 13.106408
-1.082182 13.056118
-1.086739 13.006227
-1.091419 12.955443
-1.096279 12.903271
-1.101364 12.848996
-1.106698 12.791739
-1.112293 12.731413
-1.118142 12.668195
-1.124225 12.602407
-1.130513 12.534322
-1.136969 12.464123
-1.143554 12.392729
-1.150223 12.321177
-1.156936 12.249801
-1.163654 12.179198
-1.170347 12.109922
-1.176985 12.042185
-1.183541 11.975960
-1.189992 11.911839
-1.196323 11.849979
-1.202520 11.790862
-1.208575 11.734131
-1.214478 11.680070
-1.220223 11.628882
-1.225810 11.580486
-1.231236 11.534285
-1.236502 11.490516
-1.241604 11.449578
-1.246543 11.410631
-1.251321 11.374397
-1.255940 11.339904
-1.260400 11.307538
-1.264698 11.276967
-1.268836 11.247947
-1.272815 11.220533
-1.276632 11.194926
-1.280287 11.170653
-1.283777 11.148329
-1.287100 11.119532
-1.290253 11.101390
-1.293233 11.085538
-1.296040 11.071111
-1.298667 11.058730
-1.301113 11.048678
-1.303373 11.041265
-1.305447 11.035780
-1.307329 11.033641
-1.309014 11.034817
-1.310498 11.021037
-1.311778 11.030197
-1.312852 11.043287
-1.313719 11.060944
-1.314373 11.083141
-1.314811 11.109471
-1.315028 11.140193
-1.315022 11.174284
-1.314793 11.214392
-1.314334 11.258155
-1.313643 11.305830
-1.312719 11.358208
-1.311558 11.415088
-1.310164 11.476087
-1.308536 11.541140
-1.306676 11.588748
-1.304581 11.660294
-1.302255 11.735953
-1.299704 11.814218
-1.296934 11.895447
-1.293949 11.979342
-1.290758 12.065813
-1.287370 12.155198
-1.283794 12.247342
-1.280043 12.341061
-1.276126 12.436692
-1.272060 12.533206
-1.267858 12.630385
-1.263533 12.727890
-1.259100 12.825407
-1.254574 12.922934
-1.249973 13.020185
-1.245313 13.116431
-1.240612 13.211057
-1.235891 13.304014
-1.231167 13.394075
-1.226461 13.480660
-1.221786 13.564243
-1.217159 13.644298
-1.212592 13.720464
-1.208095 13.792434
-1.203670 13.860193
-1.199318 13.923820
-1.195032 13.983523
-1.190805 14.039657
-1.186625 14.092641
-1.182481 14.143128
-1.178364 14.191438
-1.174266 14.238563
-1.170188 14.284901
-1.166137 14.331352
-1.162136 14.378304
-1.158223 14.426583
-1.154458 14.446013
-1.150919 14.492622
-1.147718 14.534872
-1.144981 14.570125
-1.142857 14.594239
-1.141520 14.606264
-1.141144 14.603095
-1.141887 14.580268
-1.143870 14.536580
-1.147156 14.471648
-1.151743 14.385891
-1.157566 14.279756
-1.164485 14.156320
-1.172320 14.017915
-1.180855 13.869415
-1.189879 13.712664
-1.199195 13.551571
-1.208634 13.388966
-1.218055 13.227181
-1.227350 13.068342
-1.236429 12.913204
-1.245229 12.763013
-1.253705 12.618430
-1.261830 12.480226
-1.269591 12.347722
-1.276986 12.221337
-1.284016 12.100674
-1.290696 11.984997
-1.297036 11.874709
-1.303053 11.769275
-1.308768 11.668317
-1.314198 11.571069
-1.319361 11.477381
-1.324278 11.387261
-1.328965 11.299844
-1.333435 11.215081
-1.337705 11.132985
-1.341783 11.053177
-1.345678 10.974246
-1.349397 10.898904
-1.352944 10.811363
-1.356325 10.741014
-1.359541 10.672434
-1.362589 10.606391
-1.365469 10.542637
-1.368180 10.481342
-1.370721 10.422547
-1.373086 10.366308
-1.375274 10.312311
-1.377281 10.260849
-1.379102 10.212298
-1.380731 10.166831
-1.382166 10.124689
-1.383402 10.085520
-1.384436 10.049730
-1.385264 10.006524
-1.385883 9.977568
-1.386288 9.952904
-1.386475 9.932241
-1.386441 9.915650
-1.386179 9.903763
-1.385682 9.896362
-1.384947 9.893355
-1.383966 9.895416
-1.382734 9.902756
-1.381242 9.915794
-1.379482 9.952542
-1.377449 9.977673
-1.375134 10.009463
-1.372524 10.048242
-1.369611 10.094018
-1.366385 10.147547
-1.362834 10.209065
-1.358946 10.278848
-1.354712 10.357258
-1.350121 10.444735
-1.345162 10.541804
-1.339826 10.648789
-1.334107 10.765538
-1.327997 10.892810
-1.321493 11.030076
-1.314593 11.176694
-1.307303 11.333365
-1.299632 11.499583
-1.291595 11.674825
-1.283210 11.857747
-1.274509 12.047881
-1.265532 12.244383
-1.256336 12.445320
-1.246984 12.650082
-1.237559 12.856333
-1.228156 13.062440
-1.218892 13.265354
-1.209882 13.434558
-1.201257 13.621691
-1.193139 13.797779
-1.185655 13.959960
-1.178908 14.105602
-1.173007 14.232186
-1.168048 14.338179
-1.164133 14.420149
-1.161353 14.477199
-1.159783 14.507876
-1.159458 14.512114
-1.160348 14.490510
-1.162349 14.445327
-1.165306 14.378967
-1.169039 14.295049
-1.173366 14.196944
-1.178119 14.088265
-1.183140 13.971581
-1.188292 13.850354
-1.193455 13.726998
-1.198529 13.603150
-1.203425 13.481166
-1.208071 13.362243
-1.212402 13.269127
-1.216360 13.159962
-1.219899 13.058091
-1.222975 12.964751
-1.225551 12.889425
-1.227595 12.814500
-1.229075 12.751245
-1.229967 12.699116
-1.230252 12.659735
-1.229910 12.633119
-1.228929 12.620172
-1.227302 12.620997
-1.225024 12.636112
-1.222094 12.665457
-1.218522 12.709740
-1.214317 12.769142
-1.209498 12.844146
-1.204083 12.934239
-1.198099 13.040286
-1.191566 13.161696
-1.184508 13.297951
-1.176945 13.448274
-1.168892 13.610428
-1.160360 13.784328
-1.151355 13.968683
-1.141880 14.162843
-1.131936 14.366532
-1.121522 14.579828
-1.110638 14.802714
-1.099280 15.035093
-1.087449 15.277355
-1.075141 15.530020
-1.062358 15.792846
-1.049105 16.066825
-1.035392 16.351891
-1.021236 16.647531
-1.006673 16.953421
-0.991766 17.267121
-0.976622 17.587853
-0.961414 17.910575
-0.946413 18.228947
-0.932026 18.533508
-0.918821 18.812141
-0.907495 19.048391
-0.898732 19.226023
-0.893071 19.330371
-0.890812 19.355247
-0.891921 19.303020
-0.896018 19.184615
-0.902489 19.014242
-0.910684 18.807451
-0.920037 18.577313
-0.930115 18.333776
-0.940603 18.084522
-0.951287 17.833800
-0.962031 17.585710
-0.972755 17.340978
-0.983410 17.100889
-0.993979 16.865559
-1.004455 16.635145
-1.014836 16.409437
-1.025123 16.188371
-1.035317 15.971181
-1.045417 15.758558
-1.055415 15.549786
-1.065301 15.344701
-1.075064 15.143030
-1.084695 14.945146
-1.094174 14.751429
-1.103490 14.561484
-1.112629 14.376647
-1.121577 14.195442
-1.130318 13.972656
-1.138845 13.754115
-1.147145 13.588350
-1.155211 13.457014
-1.163036 13.300328
-1.170611 13.148820
-1.177934 13.002884
-1.185002 12.862471
-1.191811 12.716104
-1.198360 12.588615
-1.204648 12.467216
-1.210678 12.351597
-1.216451 12.241450
-1.221972 12.136993
-1.227244 12.038512
-1.232273 11.945807
-1.237064 11.858386
-1.241625 11.777153
-1.245960 11.701220
-1.250078 11.630647
-1.253989 11.564868
-1.257703 11.504143
-1.261226 11.447825
-1.264572 11.395855
-1.267749 11.348134
-1.270766 11.303541
-1.273635 11.262165
-1.276365 11.223871
-1.278966 11.187988
-1.281450 11.155032
-1.283825 11.123760
-1.286104 11.094569
-1.288293 11.066875
-1.290403 11.040109
-1.292443 11.014577
-1.294423 10.989604
-1.296349 10.964988
-1.298228 10.940739
-1.300066 10.916630
-1.301870 10.892366
-1.303645 10.868084
-1.305396 10.843323
-1.307125 10.818226
-1.308835 10.792332
-1.310526 10.765988
-1.312201 10.743333
-1.313858 10.715416
-1.315499 10.654854
-1.317120 10.624891
-1.318719 10.594133
-1.320290 10.563104
-1.321830 10.531475
-1.323331 10.499337
-1.324788 10.467372
-1.326197 10.435022
-1.327551 10.403029
-1.328845 10.371262
-1.330073 10.340140
-1.331225 10.309625
-1.332300 10.288191
-1.333289 10.259193
-1.334190 10.230825
-1.334995 10.203653
-1.335703 10.177719
-1.336309 10.153750
-1.336812 10.130940
-1.337203 10.109604
-1.337485 10.089809
-1.337653 10.071295
-1.337708 10.054582
-1.337648 10.039861
-1.337475 10.026380
-1.337187 10.014583
-1.336785 10.004352
-1.336266 9.995723
-1.335632 9.988686
-1.334883 9.983151
-1.334022 9.979669
-1.333046 9.977484
-1.331958 9.976480
-1.330756 9.977814
-1.329440 9.980645
-1.328008 9.984732
-1.326459 9.991220
-1.324787 9.999516
-1.322995 10.009777
-1.321077 10.036494
-1.319032 10.050706
-1.316857 10.067088
-1.314547 10.085376
-1.312097 10.105640
-1.309504 10.127934
-1.306764 10.151717
-1.303870 10.178314
-1.300818 10.207134
-1.297600 10.238295
-1.294214 10.271897
-1.290653 10.307645
-1.286911 10.346073
-1.282982 10.387073
-1.278855 10.430500
-1.274526 10.477038
-1.269983 10.526780
-1.265218 10.579204
-1.260218 10.634571
-1.254972 10.693508
-1.249469 10.756045
-1.243697 10.822253
-1.237648 10.892531
-1.231308 10.967103
-1.224662 11.046128
-1.217701 11.129883
-1.210414 11.218971
-1.202795 11.312970
-1.194837 11.412201
-1.186537 11.517620
-1.177893 11.628508
-1.168908 11.745734
-1.159592 11.869041
-1.149955 11.997898
-1.140020 12.132547
-1.129812 12.272722
-1.119365 12.418974
-1.108724 12.570531
-1.097940 12.727227
-1.087071 12.888422
-1.076184 13.052956
-1.065346 13.220113
-1.054634 13.387984
-1.044116 13.547230
-1.033858 13.710182
-1.023917 13.868961
-1.014338 14.021967
-1.005158 14.168074
-0.996408 14.306727
-0.988100 14.415496
-0.980244 14.537534
-0.972849 14.651594
-0.965919 14.757510
-0.959458 14.853894
-0.953461 14.942030
-0.947933 15.021174
-0.942866 15.092233
-0.938254 15.155027
-0.934088 15.210478
-0.930353 15.257336
-0.927025 15.297588
-0.924070 15.331387
-0.921455 15.359260
-0.919128 15.382822
-0.917039 15.402493
-0.915129 15.419619
-0.913344 15.435048
-0.911631 15.450288
-0.909939 15.460674
-0.908230 15.476663
-0.906480 15.493871
-0.904683 15.512532
-0.902849 15.532458
-0.901013 15.553244
-0.899232 15.573109
-0.897582 15.590635
-0.896157 15.618147
-0.895054 15.625061
-0.894374 15.624858
-0.894198 15.615956
-0.894579 15.598342
-0.895547 15.571352
-0.897113 15.534350
-0.899276 15.488003
-0.902036 15.432102
-0.905389 15.366637
-0.909344 15.291659
-0.913919 15.205968
-0.919134 15.109060
-0.925007 15.000301
-0.931541 14.879835
-0.938705 14.747924
-0.946426 14.604775
-0.954602 14.452513
-0.963111 14.293213
-0.971837 14.128226
-0.980672 13.959761
-0.989524 13.788741
-0.998322 13.617966
-1.007009 13.447684
-1.015545 13.278948
-1.023899 13.113022
-1.032045 12.949894
-1.039965 12.790208
-1.047646 12.634732
-1.055071 12.484744
-1.062228 12.339981
-1.069104 12.201893
-1.075685 12.070015
-1.081953 11.945713
-1.087897 11.829925
-1.093505 11.722190
-1.098763 11.623586
-1.103665 11.533812
-1.108201 11.454727
-1.112366 11.386323
-1.116157 11.328990
-1.119572 11.283231
-1.122615 11.249197
-1.125291 11.227054
-1.127608 11.217731
-1.129576 11.220107
-1.131210 11.233682
-1.132525 11.257679
-1.133542 11.291507
-1.134284 11.333759
-1.134771 11.382596
-1.135029 11.436678
-1.135086 11.495016
-1.134972 11.556355
-1.134718 11.619657
-1.134356 11.684977
-1.133919 11.750609
-1.133438 11.815496
-1.132949 11.878674
-1.132486 11.918269
-1.132084 11.975255
-1.131779 12.031936
-1.131602 12.080225
-1.131586 12.123295
-1.131762 12.160486
-1.132159 12.191493
-1.132805 12.215996
-1.133717 12.233353
-1.134917 12.243328
-1.136416 12.246027
-1.138225 12.240984
-1.140345 12.228414
-1.142777 12.208089
-1.145511 12.181305
-1.148531 12.148070
-1.151820 12.109041
-1.155354 12.064806
-1.159102 12.016120
-1.163037 11.964495
-1.167121 11.908809
-1.171324 11.852387
-1.175603 11.795130
-1.179920 11.738186
-1.184238 11.682460
-1.188523 11.629093
-1.192739 11.579003
-1.196859 11.533596
-1.200851 11.492633
-1.204685 11.457153
-1.208341 11.427795
-1.211795 11.405054
-1.215029 11.388572
-1.218027 11.379034
-1.220776 11.376019
-1.223265 11.379770
-1.225488 11.390431
-1.227439 11.406874
-1.229114 11.429489
-1.230511 11.456844
-1.231627 11.489150
-1.232463 11.526309
-1.233025 11.567714
-1.233313 11.613077
-1.233329 11.662136
-1.233078 11.714832
-1.232563 11.770421
-1.231789 11.829823
-1.230754 11.891706
-1.229459 11.957287
-1.227902 12.026114
-1.226082 12.098378
-1.224002 12.173416
-1.221664 12.251574
-1.219072 12.332175
-1.216234 12.415775
-1.213161 12.501821
-1.209874 12.590018
-1.206393 12.679837
-1.202751 12.770925
-1.198984 12.862268
-1.195137 12.953058
-1.191261 13.042476
-1.187411 13.129748
-1.183652 13.212953
-1.180048 13.290999
-1.176665 13.363739
-1.173573 13.429058
-1.170836 13.486504
-1.168516 13.535264
-1.166669 13.573797
-1.165342 13.601426
-1.164570 13.617691
-1.164376 13.622239
-1.164770 13.615064
-1.165749 13.596506
-1.167295 13.566373
-1.169381 13.525157
-1.171968 13.474164
-1.175011 13.414065
-1.178451 13.345947
-1.182228 13.270851
-1.186279 13.189990
-1.190538 13.104493
-1.194942 13.015278
-1.199427 12.924880
-1.203926 12.833762
-1.208379 12.743643
-1.212729 12.655413
-1.216919 12.570436
-1.220900 12.490386
-1.224625 12.416062
-1.228054 12.348572
-1.231145 12.288913
-1.233870 12.262898
-1.236200 12.219701
-1.238113 12.186150
-1.239594 12.163112
-1.240629 12.105498
-1.241212 12.102516
-1.241342 12.110392
-1.241022 12.129170
-1.240260 12.159019
-1.239072 12.198181
-1.237472 12.246789
-1.235483 12.303971
-1.233134 12.368722
-1.230462 12.440037
-1.227507 12.516804
-1.224319 12.597559
-1.220957 12.680752
-1.217494 12.764671
-1.214004 12.847543
-1.210575 12.926466
-1.207298 12.999037
-1.204264 13.063738
-1.201562 13.117935
-1.199270 13.220824
-1.197454 13.251005
-1.196141 13.260732
-1.195336 13.259894
-1.195005 13.246491
-1.195089 13.221576
-1.195506 13.186419
-1.196162 13.142983
-1.196962 13.092910
-1.197813 13.038886
-1.198630 12.982043
-1.199339 12.924140
-1.199873 12.866709
-1.200182 12.810992
-1.200226 12.757957
-1.199976 12.708859
-1.199409 12.663900
-1.198511 12.624307
-1.197270 12.591020
-1.195685 12.564898
-1.193749 12.546616
-1.191458 12.537974
-1.188808 12.539835
-1.185794 12.554106
-1.182409 12.582046
-1.178642 12.625436
-1.174482 12.684749
-1.169918 12.759732
-1.164937 12.849668
-1.159528 12.953557
-1.153682 13.070718
-1.147395 13.199853
-1.140659 13.341019
-1.133476 13.492417
-1.125851 13.653084
-1.117794 13.822862
-1.109320 14.000154
-1.100454 14.184201
-1.091227 14.366266
-1.081678 14.560202
-1.071860 14.757438
-1.061832 14.956834
-1.051664 15.156778
-1.041434 15.355312
-1.031226 15.551427
-1.021134 15.742524
-1.011249 15.926451
-1.001668 16.101160
-0.992481 16.264839
-0.983772 16.415305
-0.975619 16.550940
-0.968082 16.670221
-0.961216 16.772535
-0.955053 16.856286
-0.949612 16.922000
-0.944895 16.968965
-0.940890 16.997792
-0.937570 17.008802
-0.934892 17.004288
-0.932800 16.985353
-0.931225 16.953438
-0.930093 16.911336
-0.929319 16.860530
-0.928819 16.802917
-0.928516 16.741222
-0.928332 16.675617
-0.928199 16.608324
-0.928054 16.539974
-0.927845 16.472479
-0.927524 16.406705
-0.927054 16.343801
-0.926400 16.283569
-0.925537 16.227654
-0.924442 16.176134
-0.923105 16.128964
-0.921510 16.088391
-0.919649 16.053669
-0.917519 16.025093
-0.915121 16.002853
-0.912459 15.987722
-0.909533 15.979656
-0.906352 15.978761
-0.902923 15.984635
-0.899256 15.964411
-0.895357 15.981330
-0.891239 16.003696
-0.886907 16.031546
-0.882372 16.064799
-0.877636 16.103947
-0.872706 16.147893
-0.867583 16.197239
-0.862272 16.252433
-0.856773 16.313126
-0.851085 16.379078
-0.845204 16.450655
-0.839131 16.528360
-0.832859 16.612416
-0.826383 16.769969
-0.819699 16.868660
-0.812801 16.972827
-0.805688 17.081981
-0.798353 17.196102
-0.790791 17.314320
-0.783003 17.436818
-0.774986 17.562976
-0.766742 17.692987
-0.758273 17.758940
-0.749584 17.894741
-0.740682 18.033510
-0.731577 18.175296
-0.722279 18.319995
-0.712809 18.467242
-0.703179 18.615875
-0.693405 18.712149
-0.683512 18.863404
-0.673529 19.014544
-0.663486 19.165912
-0.653416 19.316197
-0.643360 19.464987
-0.633364 19.610467
-0.623477 19.752320
-0.613752 19.889162
-0.604251 20.019964
-0.595039 20.143154
-0.586179 20.257009
-0.577737 20.361429
-0.569777 20.454682
-0.562356 20.535372
-0.555525 20.602640
-0.549314 20.656640
-0.543741 20.696789
-0.538810 20.723314
-0.534504 20.736419
-0.530793 20.726224
-0.527631 20.715772
-0.524960 20.694737
-0.522717 20.664992
-0.520836 20.627730
-0.519248 20.584444
-0.517890 20.536553
-0.516702 20.484769
-0.515631 20.418559
-0.514624 20.363761
-0.513640 20.308691
-0.512643 20.253855
-0.511600 20.200473
-0.510481 20.148967
-0.509267 20.100079
-0.507941 20.053950
-0.506489 20.011005
-0.504905 19.971542
-0.503185 19.935572
-0.501328 19.903483
-0.499341 19.875442
-0.497235 19.851738
-0.495024 19.831557
-0.492728 19.815503
-0.490371 19.803224
-0.487984 19.794585
-0.485602 19.789200
-0.483262 19.786886
-0.481006 19.786692
-0.478875 19.788431
-0.476916 19.791374
-0.475172 19.794144
-0.473685 19.796206
-0.472489 19.796796
-0.471615 19.794505
-0.471083 19.788965
-0.470903 19.779698
-0.471078 19.766149
-0.471595 19.748038
-0.472439 19.725342
-0.473583 19.698259
-0.474997 19.667041
-0.476652 19.632071
-0.478513 19.593674
-0.480544 19.552694
-0.482712 19.509732
-0.484986 19.465312
-0.487338 19.421512
-0.489740 19.378796
-0.492164 19.338837
-0.494584 19.301282
-0.496982 19.266121
-0.499345 19.234110
-0.501652 19.204330
-0.503894 19.176706
-0.506060 19.152103
-0.508143 19.129159
-0.510140 19.107683
-0.512048 19.088529
-0.513863 19.071458
-0.515588 19.056391
-0.517227 19.043057
-0.518785 19.031323
-0.520269 19.021555
-0.521690 19.013086
-0.523057 19.005884
-0.524385 18.999476
-0.525689 18.993594
-0.526984 18.988011
-0.528284 18.982149
-0.529609 18.975876
-0.530971 18.968410
-0.532388 18.959693
-0.533878 18.949174
-0.535460 18.936500
-0.537150 18.921077
-0.538971 18.902646
-0.540937 18.881241
-0.543066 18.856320
-0.545374 18.827216
-0.547878 18.794093
-0.550593 18.756182
-0.553539 18.713354
-0.556724 18.665010
-0.560161 18.611051
-0.563855 18.551062
-0.567818 18.485308
-0.572046 18.463761
-0.576543 18.385179
-0.581299 18.300920
-0.586311 18.210286
-0.591555 18.114761
-0.597018 18.014151
-0.602673 17.908939
-0.608499 17.799644
-0.614459 17.687119
-0.620531 17.571873
-0.626676 17.454357
-0.632867 17.335643
-0.639064 17.262530
-0.645243 17.143037
-0.651362 17.024924
-0.657401 16.908795
-0.663325 16.794930
-0.669112 16.684000
-0.674735 16.576291
-0.680175 16.472126
-0.685407 16.371568
-0.690421 16.275202
-0.695196 16.182855
-0.699723 16.095345
-0.703986 16.012005
-0.707982 15.933595
-0.711697 15.860114
-0.715131 15.791917
-0.718274 15.728897
-0.721129 15.671559
-0.723689 15.619133
-0.725956 15.573019
-0.727927 15.486865
-0.729604 15.453080
-0.730986 15.425117
-0.732076 15.402682
-0.732872 15.386209
-0.733381 15.375359
-0.733600 15.370251
-0.733533 15.370758
-0.733180 15.376753
-0.732545 15.388053
-0.731628 15.405243
-0.730434 15.427721
-0.728962 15.456014
-0.727215 15.489812
-0.725196 15.529257
-0.722907 15.573754
-0.720351 15.667473
-0.717530 15.728814
-0.714448 15.787179
-0.711108 15.850375
-0.707514 15.918311
-0.703675 15.990963
-0.699595 16.067891
-0.695284 16.149217
-0.690754 16.234635
-0.686021 16.323710
-0.681103 16.416249
-0.676023 16.511715
-0.670814 16.609639
-0.665506 16.704639
-0.660138 16.806589
-0.654753 16.909043
-0.649398 17.010881
-0.644124 17.110658
-0.638976 17.208242
-0.634005 17.303799
-0.629247 17.394386
-0.624740 17.480657
-0.620523 17.560780
-0.616620 17.635154
-0.613058 17.703518
-0.609863 17.764409
-0.607057 17.817489
-0.604664 17.862802
-0.602707 17.899200
-0.601208 17.926463
-0.600185 17.944295
-0.599652 17.952125
-0.599617 17.950184
-0.600079 17.938247
-0.601028 17.916724
-0.602449 17.885711
-0.604317 17.846018
-0.606605 17.797252
-0.609281 17.741224
-0.612312 17.678258
-0.615666 17.608624
-0.619309 17.533711
-0.623208 17.453884
-0.627333 17.369934
-0.631651 17.282480
-0.636129 17.192889
-0.640734 17.101516
-0.645433 17.043342
-0.650187 16.949492
-0.654960 16.856616
-0.659716 16.765506
-0.664423 16.676870
-0.669048 16.591548
-0.673564 16.480859
-0.677947 16.403946
-0.682180 16.331803
-0.686250 16.264924
-0.690148 16.203479
-0.693874 16.147937
-0.697427 16.097764
-0.700811 16.053121
-0.704032 16.013781
-0.707097 15.981108
-0.710010 15.953437
-0.712779 15.931049
-0.715408 15.913869
-0.717905 15.901904
-0.720273 15.896131
-0.722516 15.896028
-0.724641 15.902228
-0.726647 15.915407
-0.728539 15.935876
-0.730318 15.965208
-0.731989 15.998840
-0.733558 16.037607
-0.735026 16.081240
-0.736396 16.127466
-0.737673 16.176572
-0.738860 16.227102
-0.739957 16.278976
-0.740968 16.331427
-0.741895 16.384233
-0.742738 16.437488
-0.743497 16.490718
-0.744169 16.543673
-0.744750 16.596693
-0.745236 16.650255
-0.745624 16.704035
-0.745909 16.758376
-0.746088 16.813320
-0.746161 16.869027
-0.746120 17.007841
-0.745972 17.064948
-0.745723 17.122414
-0.745387 17.179645
-0.744988 17.236625
-0.744564 17.292486
-0.744168 17.346405
-0.743867 17.396952
-0.743741 17.443203
-0.743885 17.483120
-0.744395 17.515764
-0.745370 17.539103
-0.746898 17.551744
-0.749051 17.552162
-0.751868 17.540025
-0.755361 17.514524
-0.759506 17.476278
-0.764254 17.426219
-0.769528 17.365744
-0.775237 17.296666
-0.781282 17.220738
-0.787562 17.140365
-0.793981 17.057066
-0.800453 17.011703
-0.806903 16.927376
-0.813269 16.844053
-0.819503 16.762978
-0.825574 16.684616
-0.831452 16.608818
-0.837122 16.536263
-0.842575 16.466302
-0.847797 16.400259
-0.852787 16.337094
-0.857540 16.277023
-0.862055 16.220355
-0.866328 16.167149
-0.870351 16.116940
-0.874118 16.070347
-0.877618 16.026637
-0.880844 15.936616
-0.883785 15.900842
-0.886428 15.869483
-0.888764 15.841839
-0.890781 15.818403
-0.892470 15.820997
-0.893822 15.806336
-0.894831 15.796214
-0.895490 15.790767
-0.895796 15.790794
-0.895746 15.795399
-0.895341 15.804594
-0.894580 15.818807
-0.893468 15.837713
-0.892009 15.892830
-0.890209 15.911049
-0.888080 15.943903
-0.885634 15.980862
-0.882887 16.022284
-0.879851 16.067302
-0.876550 16.079246
-0.873007 16.129346
-0.869243 16.182688
-0.865285 16.237979
-0.861166 16.294726
-0.856919 16.352373
-0.852581 16.410221
-0.848186 16.468014
-0.843777 16.524961
-0.839396 16.580471
-0.835085 16.633310
-0.830890 16.683346
-0.826856 16.729068
-0.823027 16.770350
-0.819444 16.806208
-0.816146 16.836386
-0.813168 16.859562
-0.810536 16.876807
-0.808269 16.887306
-0.806379 16.890827
-0.804866 16.887606
-0.803720 16.878173
-0.802926 16.734476
-0.802455 16.713464
-0.802269 16.687834
-0.802331 16.658557
-0.802592 16.626053
-0.803010 16.591667
-0.803535 16.555163
-0.804121 16.518258
-0.804725 16.481360
-0.805308 16.445263
-0.805835 16.410261
-0.806274 16.377604
-0.806597 16.444564
-0.806779 16.416018
-0.806800 16.399531
-0.806644 16.377914
-0.806297 16.360218
-0.805750 16.346147
-0.804994 16.336652
-0.804024 16.330998
-0.802839 16.329788
-0.801433 16.332590
-0.799808 16.338913
-0.797966 16.349063
-0.795907 16.363006
-0.793636 16.380019
-0.791160 16.400865
-0.788481 16.424991
-0.785603 16.449449
-0.782533 16.481144
-0.779279 16.515344
-0.775847 16.552417
-0.772246 16.592206
-0.768485 16.634627
-0.764571 16.679408
-0.760517 16.726335
-0.756330 16.775362
-0.752022 16.826214
-0.747606 16.879025
-0.743097 16.932992
-0.738509 16.988457
-0.733855 17.073502
-0.729158 17.129474
-0.724429 17.185974
-0.719692 17.242487
-0.714968 17.298907
-0.710282 17.354866
-0.705652 17.409600
-0.701105 17.462990
-0.696662 17.514502
-0.692348 17.563736
-0.688190 17.610091
-0.684207 17.653706
-0.680419 17.693766
-0.676842 17.730083
-0.673493 17.762396
-0.670385 17.790223
-0.667526 17.813962
-0.664925 17.833070
-0.662582 17.847833
-0.660498 17.832322
-0.658671 17.837556
-0.657098 17.838508
-0.655773 17.835155
-0.654686 17.827713
-0.653830 17.816208
-0.653192 17.801124
-0.652762 17.782651
-0.652525 17.760883
-0.652469 17.736540
-0.652576 17.709208
-0.652829 17.687108
-0.653212 17.655206
-0.653708 17.621999
-0.654302 17.587590
-0.654976 17.552063
-0.655713 17.515787
-0.656500 17.479085
-0.657322 17.485473
-0.658169 17.447102
-0.659032 17.408715
-0.659904 17.370624
-0.660783 17.332702
-0.661669 17.294872
-0.662567 17.256811
-0.663482 17.218554
-0.664424 17.180071
-0.665403 17.141088
-0.666423 17.100587
-0.667494 17.058889
-0.668618 17.015594
-0.669796 16.971020
-0.671025 16.924969
-0.672298 16.877455
-0.673601 16.829193
-0.674923 16.780230
-0.676250 16.730511
-0.677566 16.680656
-0.678859 16.630610
-0.680120 16.581510
-0.681338 16.533735
-0.682512 16.486635
-0.683638 16.440738
-0.684718 16.396061
-0.685757 16.352747
-0.686765 16.310494
-0.687753 16.269361
-0.688735 16.228290
-0.689726 16.187140
-0.690741 16.145557
-0.691796 16.103747
-0.692902 16.061632
-0.694073 16.018582
-0.695315 15.974326
-0.696635 15.929618
-0.698029 15.883396
-0.699490 15.836281
-0.701011 15.788426
-0.702575 15.740271
-0.704164 15.692272
-0.705755 15.644730
-0.707323 15.598128
-0.708837 15.553477
-0.710264 15.511530
-0.711575 15.472784
-0.712739 15.438146
-0.713727 15.408118
-0.714511 15.383483
-0.715060 15.365538
-0.715349 15.354061
-0.715356 15.350012
-0.715061 15.354152
-0.714452 15.366970
-0.713519 15.389287
-0.712260 15.420593
-0.710678 15.460474
-0.708782 15.509611
-0.706593 15.567823
-0.704146 15.633589
-0.701487 15.706860
-0.698682 15.785784
-0.695810 15.868270
-0.692973 15.952357
-0.690294 16.035234
-0.687916 16.113738
-0.685995 16.184126
-0.684678 16.244090
-0.684100 16.290665
-0.684365 16.320389
-0.685535 16.332250
-0.687637 16.325080
-0.690669 16.298929
-0.694597 16.253977
-0.699364 16.191134
-0.704887 16.112130
-0.711071 16.018909
-0.717802 15.914155
-0.724960 15.799966
-0.732428 15.678903
-0.740094 15.553072
-0.747858 15.424597
-0.755631 15.295318
-0.763339 15.166663
-0.770918 15.019639
-0.778319 14.896327
-0.785503 14.777114
-0.792441 14.662596
-0.799114 14.553219
-0.805512 14.449614
-0.811627 14.351256
-0.817456 14.258180
-0.823002 14.171022
-0.828273 14.089489
-0.833276 14.013242
-0.838020 13.942424
-0.842516 13.876996
-0.846775 13.816515
-0.850810 13.761190
-0.854634 13.710597
-0.858261 13.664585
-0.861705 13.622710
-0.864976 13.585973
-0.868087 13.553335
-0.871051 13.563702
-0.873878 13.538947
-0.876583 13.518454
-0.879178 13.501291
-0.881675 13.487088
-0.884082 13.475737
-0.886410 13.466766
-0.888671 13.459735
-0.890874 13.431288
-0.893030 13.425996
-0.895150 13.421477
-0.897240 13.417653
-0.899308 13.413206
-0.901364 13.408734
-0.903414 13.404035
-0.905465 13.398817
-0.907521 13.393176
-0.909589 13.387041
-0.911672 13.379967
-0.913773 13.372696
-0.915897 13.365036
-0.918042 13.356375
-0.920209 13.347337
-0.922399 13.337771
-0.924608 13.327419
-0.926835 13.316754
-0.929073 13.305317
-0.931321 13.295091
-0.933568 13.283936
-0.935806 13.272919
-0.938029 13.261835
-0.940231 13.251669
-0.942399 13.242269
-0.944523 13.233345
-0.946592 13.226211
-0.948601 13.219989
-0.950540 13.215252
-0.952395 13.212463
-0.954158 13.211481
-0.955819 13.212416
-0.957372 13.215052
-0.958809 13.219830
-0.960122 13.226910
-0.961310 13.236255
-0.962364 13.247674
-0.963283 13.261512
-0.964063 13.277044
-0.964707 13.295130
-0.965214 13.315463
-0.965585 13.337524
-0.965823 13.361889
-0.965933 13.387803
-0.965920 13.415473
-0.965794 13.444147
-0.965568 13.473944
-0.965257 13.514617
-0.964880 13.544925
-0.964456 13.574769
-0.964011 13.603781
-0.963573 13.631659
-0.963176 13.665999
-0.962851 13.688219
-0.962632 13.707619
-0.962552 13.723025
-0.962642 13.734416
-0.962930 13.741575
-0.963432 13.744450
-0.964157 13.743103
-0.965105 13.737774
-0.966256 13.737328
-0.967586 13.725918
-0.969060 13.712626
-0.970639 13.698301
-0.972282 13.683745
-0.973949 13.669716
-0.975599 13.657068
-0.977197 13.645867
-0.978706 13.637184
-0.980094 13.631252
-0.981332 13.628431
-0.982391 13.629185
-0.983247 13.634784
-0.983876 13.641456
-0.984252 13.652256
-0.984356 13.666867
-0.984168 13.686536
-0.983670 13.710511
-0.982846 13.739145
-0.981684 13.773249
-0.980175 13.811777
-0.978314 13.855279
-0.976101 13.904201
-0.973543 13.957798
-0.970653 14.016684
-0.967449 14.079844
-0.963959 14.146653
-0.960219 14.217716
-0.956265 14.291536
-0.952149 14.368464
-0.947919 14.446142
-0.943631 14.524786
-0.939336 14.603115
-0.935088 14.680190
-0.930936 14.755879
-0.926921 14.829390
-0.923080 14.899423
-0.919439 14.966737
-0.916011 15.030802
-0.912799 15.091808
-0.909797 15.150386
-0.906987 15.206387
-0.904341 15.260728
-0.901823 15.314279
-0.899388 15.367952
-0.896985 15.422819
-0.894562 15.479792
-0.892066 15.540042
-0.889447 15.603941
-0.886655 15.672704
-0.883648 15.747143
-0.880383 15.828035
-0.876830 15.915706
-0.872959 16.011241
-0.868756 16.115449
-0.864202 16.227432
-0.859289 16.347809
-0.854015 16.476476
-0.848384 16.614041
-0.842404 16.759035
-0.836090 16.911564
-0.829463 17.071664
-0.822550 17.237329
-0.815381 17.408514
-0.807989 17.584179
-0.800416 17.762953
-0.792706 17.944410
-0.784910 18.127053
-0.777088 18.309437
-0.769303 18.490275
-0.761632 18.667468
-0.754162 18.839871
-0.746989 19.005156
-0.740225 19.160930
-0.733992 19.304608
-0.728420 19.433513
-0.723640 19.544808
-0.719778 19.635860
-0.716942 19.704082
-0.715225 19.747045
-0.714695 19.763449
-0.715398 19.752705
-0.717350 19.714398
-0.720533 19.648672
-0.724890 19.556881
-0.730329 19.471064
-0.736715 19.332625
-0.743895 19.175951
-0.751695 19.004922
-0.759939 18.823494
-0.768455 18.634621
-0.777081 18.443363
-0.785676 18.251929
-0.794122 18.064337
-0.802317 17.881596
-0.810184 17.705563
-0.817670 17.537689
-0.824734 17.378894
-0.831360 17.229576
-0.837545 17.089867
-0.843295 16.959578
-0.848633 16.838477
-0.853585 16.725866
-0.858191 16.621547
-0.862495 16.523844
-0.866549 16.432123
-0.870405 16.345665
-0.874123 16.263070
-0.877765 16.184007
-0.881385 16.107022
-0.885036 16.030774
-0.888771 15.954933
-0.892633 15.877990
-0.896664 15.799528
-0.900894 15.719024
-0.905344 15.635970
-0.910028 15.549913
-0.914952 15.461392
-0.920105 15.369924
-0.925476 15.276091
-0.931042 15.179937
-0.936774 15.082016
-0.942641 14.982542
-0.948609 14.883526
-0.954637 14.784710
-0.960690 14.686660
-0.966728 14.595937
-0.972714 14.502561
-0.978615 14.412656
-0.984401 14.326489
-0.990043 14.245335
-0.995517 14.168751
-1.000800 14.097295
-1.005874 14.030598
-1.010720 13.969368
-1.015323 13.912918
-1.019673 13.861237
-1.023760 13.814208
-1.027577 13.771693
-1.031118 13.733596
-1.034381 13.700340
-1.037361 13.671217
-1.040061 13.646262
-1.042476 13.625734
-1.044607 13.609685
-1.046455 13.597562
-1.048024 13.589252
-1.049315 13.585403
-1.050332 13.585527
-1.051080 13.589613
-1.051565 13.597700
-1.051791 13.608911
-1.051766 13.624267
-1.051498 13.643123
-1.051001 13.665485
-1.050281 13.690766
-1.049349 13.719007
-1.048223 13.750354
-1.046915 13.784215
-1.045440 13.820406
-1.043817 13.858240
-1.042067 13.897613
-1.040211 13.938674
-1.038267 13.980717
-1.036264 14.022876
-1.034220 14.064905
-1.032159 14.106564
-1.030107 14.147479
-1.028089 14.186843
-1.026126 14.224557
-1.024242 14.259922
-1.022458 14.293083
-1.020799 14.322987
-1.019284 14.350452
-1.017929 14.374730
-1.016753 14.395556
-1.015774 14.413015
-1.015009 14.426665
-1.014473 14.435586
-1.014183 14.439849
-1.014149 14.439387
-1.014384 14.419524
-1.014897 14.409586
-1.015692 14.394304
-1.016772 14.374422
-1.018134 14.349318
-1.019767 14.319302
-1.021659 14.284694
-1.023789 14.245546
-1.026130 14.202389
-1.028655 14.155635
-1.031327 14.105987
-1.034104 14.053975
-1.036943 14.000673
-1.039801 13.946842
-1.042632 13.892467
-1.045396 13.838792
-1.048049 13.786760
-1.050552 13.736807
-1.052873 13.689276
-1.054974 13.645068
-1.056825 13.605558
-1.058400 13.569991
-1.059678 13.539118
-1.060641 13.512955
-1.061276 13.492529
-1.061568 13.477522
-1.061512 13.467400
-1.061104 13.463065
-1.060340 13.464727
-1.059221 13.471280
-1.057747 13.483614
-1.055920 13.500932
-1.053742 13.523303
-1.051220 13.550987
-1.048360 13.583335
-1.045167 13.620300
-1.041648 13.661518
-1.037811 13.706392
-1.033666 13.747663
-1.029219 13.800496
-1.024475 13.857201
-1.019443 13.917533
-1.014131 13.981194
-1.008552 14.048211
-1.002717 14.118356
-0.996637 14.190952
-0.990328 14.244892
-0.983811 14.322637
-0.977100 14.403492
-0.970211 14.487322
-0.963166 14.573931
-0.955981 14.663430
-0.948680 14.754232
-0.941278 14.847313
-0.933789 14.942586
-0.926231 15.039487
-0.918606 15.139248
-0.910922 15.241817
-0.903177 15.347360
-0.895371 15.456052
-0.887497 15.566738
-0.879546 15.680123
-0.871509 15.796221
-0.863374 15.915023
-0.855133 16.036906
-0.846773 16.161238
-0.838282 16.287793
-0.829653 16.417316
-0.820876 16.549217
-0.811945 16.683903
-0.802856 16.820620
-0.793611 16.959359
-0.784209 17.100592
-0.774655 17.244144
-0.764957 17.389371
-0.755126 17.536510
-0.745179 17.685491
-0.735140 17.835202
-0.725039 17.985494
-0.714905 18.135878
-0.704783 18.285448
-0.694717 18.433260
-0.684765 18.578487
-0.674985 18.720202
-0.665449 18.856601
-0.656231 18.986656
-0.647406 19.108872
-0.639050 19.221694
-0.631240 19.323504
-0.624042 19.413047
-0.617517 19.489462
-0.611712 19.551375
-0.606663 19.598223
-0.602387 19.630532
-0.598882 19.647301
-0.596132 19.649238
-0.594101 19.637313
-0.592746 19.612541
-0.592009 19.574996
-0.591825 19.526643
-0.592124 19.468580
-0.592833 19.402673
-0.593878 19.330073
-0.595189 19.252121
-0.596693 19.169631
-0.598324 19.084254
-0.600024 18.997339
-0.601739 18.909775
-0.603420 18.822662
-0.605024 18.736801
-0.606516 18.653542
-0.607866 18.573288
-0.609054 18.496108
-0.610065 18.423144
-0.610888 18.354935
-0.611520 18.292354
-0.611965 18.236723
-0.612230 18.188925
-0.612329 18.151671
-0.612278 18.125265
-0.612101 18.109702
-0.611819 18.103092
-0.611457 18.104146
-0.611041 18.111377
-0.610596 18.122550
-0.610143 18.136667
-0.609701 18.150953
-0.609282 18.165093
-0.608894 18.178165
-0.608535 18.189977
-0.608200 18.200070
-0.607877 18.208423
-0.607555 18.214876
-0.607211 18.220761
-0.606827 18.225730
-0.606389 18.230981
-0.605885 18.236469
-0.605312 18.243146
-0.604676 18.249718
-0.603994 18.257063
-0.603297 18.264864
-0.602629 18.271413
-0.602043 18.276206
-0.601607 18.278812
-0.601398 18.277702
-0.601500 18.271408
-0.601995 18.259130
-0.602957 18.239331
-0.604445 18.211147
-0.606496 18.174119
-0.609117 18.128519
-0.612285 18.074599
-0.615942 18.013634
-0.620006 17.946870
-0.624376 17.876095
-0.628938 17.803119
-0.633579 17.729392
-0.638195 17.656452
-0.642692 17.586008
-0.646988 17.518836
-0.651017 17.455960
-0.654721 17.398753
-0.658055 17.347806
-0.660987 17.303954
-0.663495 17.268709
-0.665564 17.241451
-0.667189 17.223145
-0.668372 17.214836
-0.669122 17.216782
-0.669454 17.227845
-0.669388 17.247255
-0.668946 17.273775
-0.668156 17.306915
-0.667052 17.346046
-0.665665 17.390561
-0.664031 17.439829
-0.662183 17.493636
-0.660156 17.550682
-0.657979 17.611541
-0.655672 17.675015
-0.653254 17.741351
-0.650733 17.810263
-0.648111 17.921326
-0.645381 17.997336
-0.642531 18.076434
-0.639543 18.159302
-0.636400 18.246824
-0.633080 18.338628
-0.629564 18.434858
-0.625841 18.536497
-0.621903 18.643115
-0.617759 18.754898
-0.613415 18.871353
-0.608897 18.992122
-0.604241 19.116077
-0.599498 19.242174
-0.594732 19.369655
-0.590011 19.496171
-0.585423 19.620225
-0.581061 19.739776
-0.577021 19.852923
-0.573403 19.957557
-0.570306 20.051840
-0.567817 20.132921
-0.566017 20.199778
-0.564965 20.251008
-0.564709 20.285781
-0.565275 20.303601
-0.566672 20.304161
-0.568894 20.288000
-0.571922 20.255467
-0.575724 20.207385
-0.580265 20.144729
-0.585505 20.068355
-0.591402 19.979319
-0.597911 19.878740
-0.604984 19.767387
-0.612574 19.646104
-0.620635 19.515840
-0.629114 19.377664
-0.637964 19.232641
-0.647134 19.081172
-0.656575 18.924011
-0.666239 18.762317
-0.676086 18.595674
-0.686080 18.426278
-0.696197 18.254051
-0.706425 18.078561
-0.716766 17.899996
-0.727235 17.718242
-0.737858 17.532430
-0.748669 17.341920
-0.759706 17.147210
-0.770998 16.945947
-0.782557 16.739884
-0.794379 16.527177
-0.806441 16.309423
-0.818701 16.087538
-0.831100 15.863013
-0.843573 15.636408
-0.856045 15.410259
-0.868443 15.185395
-0.880694 14.963654
-0.892735 14.746726
-0.904509 14.535242
-0.915971 14.330227
-0.927085 14.132717
-0.937824 13.943199
-0.948167 13.761752
-0.958106 13.588962
-0.967630 13.424525
-0.976741 13.268696
-0.985437 13.121163
