Vs+E_c p
12180.874414 135976.498515
4.577986 40.712953
5.266990 39.435490
4.354484 38.119015
8.875879 37.086210
4.109936 36.602988
5.275567 35.657603
3.852749 35.034596
4.977997 34.180456
3.611233 33.776946
4.457623 33.004418
3.386540 32.715495
4.076241 32.018508
3.181894 31.832770
3.754909 31.204393
2.996925 31.100672
3.484983 30.534206
2.830735 30.500049
3.254150 29.988711
2.682015 30.013305
3.054839 29.551444
2.549396 29.626159
2.881415 29.208370
2.431538 29.325675
2.729637 28.947680
2.327175 29.100696
2.596176 28.758770
2.235115 28.940834
2.478336 28.631892
2.154232 28.836687
2.373900 28.558837
2.083487 28.779669
2.281039 29.211187
2.021906 29.505965
2.198262 29.273753
1.968597 29.478072
2.124375 29.276362
1.922742 29.478032
2.058509 29.307210
1.883576 29.499868
2.000078 30.022093
1.850319 30.198424
1.948697 30.175210
1.822118 30.534913
1.904101 30.487408
1.798109 31.291049
1.865964 31.232192
1.777493 31.464961
1.833799 31.542787
1.759688 31.600561
1.806973 31.500612
1.744231 31.494085
1.784764 31.242838
1.730655 31.208547
1.766425 31.215880
1.718437 31.856031
1.751192 31.870028
1.707107 31.924766
1.738322 31.939960
1.696326 31.987360
1.727122 32.000263
1.685869 32.040938
1.716989 32.049221
1.675556 32.083297
1.707444 32.084440
1.665224 32.111229
1.698133 32.103794
1.654724 32.123604
1.688807 32.107371
1.643921 32.118540
1.679317 32.092067
1.632732 32.095314
1.669572 32.059179
1.621097 32.054526
1.659526 32.008578
1.608990 31.996187
1.649167 31.940267
1.596426 31.920461
1.638535 31.855295
1.583459 31.828612
1.627694 31.754728
1.570159 31.722063
1.616724 31.639730
1.556626 31.601450
1.605746 31.511599
1.542980 31.469121
1.594888 31.372581
1.529363 31.326072
1.584313 31.223362
1.515942 31.173918
1.574192 31.065934
1.502887 31.014934
1.564711 30.902476
1.490389 30.850472
1.556069 30.734327
1.478643 30.682355
1.548468 30.563315
1.467854 30.512346
1.542129 30.391316
1.458238 30.342226
1.537273 30.219818
1.450011 30.173628
1.534124 30.050801
1.443395 30.008645
1.532919 29.886327
1.438623 29.849331
1.533897 29.728361
1.435920 30.028070
1.537287 29.907407
1.435503 29.882260
1.543309 29.764739
1.437569 29.748135
1.552159 29.634812
1.442294 29.627576
1.564008 29.519255
1.449818 29.522288
1.578986 29.419339
1.460224 29.433210
1.597149 29.336455
1.473529 29.362265
1.618489 29.271387
1.489648 29.308886
1.642894 29.223610
1.508396 29.272691
1.670134 29.192588
1.529450 29.252448
1.699836 29.176297
1.552343 29.246164
1.731495 29.172266
1.576474 29.250593
1.764476 29.177477
1.601121 29.263195
1.798030 29.189337
1.625439 29.281305
1.831297 29.205191
1.648482 29.302309
1.863338 29.222750
1.669255 29.323648
1.893218 29.238944
1.686823 29.343026
1.920130 29.251534
1.700459 29.357145
1.943562 29.257845
1.709780 29.364698
1.963370 29.256677
1.714793 29.364740
1.979786 29.247626
1.715856 29.357898
1.993351 29.231029
1.713570 29.344360
2.004755 29.207277
1.708657 29.325158
2.014748 29.178861
1.701876 29.303314
2.024018 29.147789
1.693945 29.280412
2.033134 29.115586
1.685500 29.258332
2.042482 29.085060
1.677073 29.240293
2.052228 29.058324
1.669088 29.227353
2.062307 29.037124
1.661878 29.221304
2.072494 29.023298
1.655710 29.223933
2.082403 29.017865
1.650776 29.236200
2.091551 29.022831
1.647205 29.259372
2.099471 29.038759
1.645075 29.293709
2.105827 29.065871
1.644418 29.339200
2.110485 29.104817
1.645237 29.396070
2.113556 29.155650
1.647512 29.464214
2.115380 29.217803
1.651232 29.542440
2.116456 29.290917
1.656387 29.630614
2.117376 29.374682
1.662990 29.728516
2.118786 29.469008
1.671084 29.835470
2.121367 29.573240
1.680747 29.951813
2.125848 29.688330
1.692115 30.077974
2.133029 29.814077
1.705381 30.214401
2.143790 29.951506
1.720818 30.362289
2.159018 30.101998
1.738769 30.523486
2.179390 30.267769
1.759675 30.700510
2.204816 30.451194
1.784007 30.896295
2.233457 30.657347
1.812243 31.115011
2.260657 30.888298
1.844672 31.356576
2.279391 31.146197
1.881173 31.620337
2.284083 31.430327
1.921113 31.900008
2.275295 31.735055
1.963453 32.185561
2.259499 32.049928
2.007090 32.465630
2.244920 32.363779
2.051290 32.730145
2.239051 32.667019
2.096189 32.974636
2.246652 32.953565
2.141596 33.205461
2.267360 33.226790
2.184052 33.439304
2.296845 33.490777
2.221955 33.684767
2.330638 33.751096
2.257615 33.938935
2.366178 34.010861
2.292472 34.197709
2.402520 34.271777
2.327077 34.460572
2.439429 34.535505
2.361869 34.728092
2.476954 34.803674
2.397255 35.001588
2.515291 35.079426
2.433611 35.284239
2.554671 35.365975
2.471260 35.579598
2.595304 35.666516
2.510460 35.890222
2.637347 35.983872
2.551421 36.219446
2.680909 36.468594
2.594299 36.717635
2.726055 36.829540
2.639214 37.093127
2.772823 37.215768
2.686256 37.494862
2.821235 37.629435
2.735500 37.924965
2.871304 38.072364
2.786993 38.384673
2.923033 38.545451
2.840763 38.874688
2.976409 39.049352
2.896805 39.395525
3.031394 39.584785
2.955067 39.947710
3.087906 40.151807
3.015432 40.530899
3.145815 40.750018
3.077745 41.144493
3.204952 41.378349
3.141772 41.786893
3.265077 42.034713
3.207216 42.454805
3.325900 42.715291
3.273736 43.144408
3.387109 43.416161
3.340960 43.851557
3.448379 44.132675
3.408496 44.570420
3.509372 44.858643
3.475942 45.295689
3.569777 45.589095
3.542901 46.021010
3.629295 46.317517
3.608975 46.741141
3.687648 47.038935
3.673757 47.450328
3.744532 47.746625
3.736762 48.141284
3.799560 48.432864
3.797368 48.806613
3.852170 49.089314
3.854718 49.436287
3.901553 49.703871
3.907731 50.017591
3.946753 50.263084
3.955289 50.537621
3.986867 50.754347
3.996544 50.985367
4.021384 51.169174
4.031221 51.357075
4.050325 51.507787
4.059658 51.656235
4.074173 51.776424
4.082618 51.890409
4.093607 51.983169
4.100933 52.067435
4.109221 52.135205
4.115285 52.193567
4.121440 52.238198
4.126159 52.272377
4.130523 52.295273
4.133847 52.308125
4.136600 52.310241
4.138490 52.302425
4.139702 52.284604
4.140094 52.256888
4.139724 52.219361
4.138504 52.172177
4.136427 52.115289
4.133412 52.048729
4.129417 51.972479
4.124357 51.886317
4.118173 51.789962
4.110777 51.683419
4.102107 51.566755
4.092087 51.439701
4.080662 51.301609
4.067776 51.152402
4.053400 50.991964
4.037512 50.820198
4.020111 50.637037
4.001212 50.442661
3.980849 50.237291
3.959061 50.020864
3.935905 49.793683
3.911441 49.555676
3.885733 49.308040
3.858852 49.050455
3.830865 48.783438
3.801836 48.507524
3.771824 47.951168
3.740888 47.661954
3.709083 47.364901
3.676465 47.060681
3.643098 46.749668
3.609050 46.432071
3.574398 46.109116
3.539227 45.781009
3.503629 45.448961
3.467700 45.113909
3.431537 44.777117
3.395235 44.439617
3.358881 44.102452
3.322553 43.766244
3.286320 43.432069
3.250239 43.100854
3.214351 42.772984
3.178685 42.448270
3.143258 42.127448
3.108073 41.810520
3.073130 41.497493
3.038416 41.188078
3.003918 41.225864
2.969614 40.917242
2.935480 40.611207
2.901493 40.307587
2.867631 40.006013
2.833871 39.824794
2.800193 39.520359
2.766574 39.216912
2.733006 38.913984
2.699474 38.675161
2.665972 38.370261
2.632495 38.065424
2.599041 37.760432
2.565612 37.455044
2.532209 37.149254
2.498839 36.842958
2.465513 36.536135
2.432242 36.228863
2.399040 35.921235
2.365921 35.613269
2.332902 35.305230
2.300000 34.997423
2.267235 34.690060
2.234628 34.382797
2.202199 34.076335
2.169969 33.791004
2.137964 33.483987
2.106203 33.177825
2.074708 32.873024
2.043503 32.569229
2.012611 32.266615
1.982056 31.965337
1.951860 31.665667
1.922044 31.367562
1.892631 31.071348
1.863642 30.776862
1.835098 30.484545
1.807018 30.194482
1.779420 29.906944
1.752318 29.622333
1.725729 29.340100
1.699666 29.060942
1.674139 28.843205
1.649153 28.569194
1.624714 28.266961
1.600826 28.000103
1.577489 27.737965
1.554700 27.481230
1.532454 27.230106
1.510747 26.985575
1.489575 26.747810
1.468924 26.517674
1.448789 26.295094
1.429166 26.081176
1.410044 25.875980
1.391418 25.679975
1.373275 25.493128
1.355607 25.056951
1.338403 24.890156
1.321643 24.731586
1.305308 24.580261
1.289376 24.435697
1.273818 24.297051
1.258595 24.163179
1.243667 24.033049
1.228985 23.905427
1.214493 23.779425
1.200138 23.653589
1.185863 23.526979
1.171613 23.398228
1.157335 23.266357
1.142986 23.130443
1.128522 22.990313
1.113903 22.845166
1.099097 22.694003
1.084070 22.536866
1.068791 22.373776
1.053228 22.204085
1.037353 22.027775
1.021141 21.844672
1.004579 21.654813
0.987657 21.458357
0.970383 21.255836
0.952780 21.047703
0.934886 20.834706
0.916751 20.617787
0.898439 20.398034
0.880023 20.176999
0.861578 19.955183
0.843187 19.734191
0.824921 19.515180
0.806858 19.299462
0.789060 19.088032
0.771582 18.881900
0.754468 18.682370
0.737754 18.489741
0.721461 18.304578
0.705601 18.127505
0.690175 17.958877
0.675166 17.798532
0.660552 17.646741
0.646288 17.502671
0.632325 17.365888
0.618598 17.235200
0.605025 17.109317
0.591523 16.987022
0.578003 16.866902
0.564384 16.605217
0.550604 16.486386
0.536617 16.366425
0.522406 16.245040
0.507984 16.121837
0.493393 16.135785
0.478701 16.009372
0.463993 15.883141
0.449363 15.729387
0.434899 15.605690
0.420686 15.484253
0.406787 15.365583
0.393252 15.250018
0.380109 15.138035
0.367381 15.029625
0.355076 14.892113
0.343193 14.791254
0.331727 14.694033
0.320671 14.600201
0.310012 14.510265
0.299740 14.423740
0.289844 14.340941
0.280310 14.261590
0.271128 14.186137
0.262283 14.113945
0.253766 14.045453
0.245568 13.980439
0.237678 13.918819
0.230090 13.860793
0.222794 13.806314
0.215783 13.755085
0.209052 13.707129
0.202597 13.662547
0.196409 13.621420
0.190486 13.583159
0.184822 13.548028
0.179411 13.515718
0.174249 13.486375
0.169329 13.459430
0.164647 13.434821
0.160195 13.412344
0.155963 13.392046
0.151948 13.373563
0.148140 13.356867
0.144523 13.341480
0.141086 13.327830
0.137818 13.315026
0.134705 13.303004
0.131729 13.291712
0.128877 13.281056
0.126132 13.270566
0.123476 13.260162
0.120894 13.249685
0.118375 13.238992
0.115908 13.227836
0.113483 13.232371
0.111096 13.339160
0.108743 13.325223
0.106426 13.310545
0.104147 13.294905
0.101904 13.278534
0.099697 13.260697
0.097526 13.241699
0.095391 13.221316
0.093287 13.199358
0.091209 13.175530
0.089157 13.149361
0.087135 13.120928
0.085148 13.090325
0.083208 13.057153
0.081331 13.021887
0.079539 12.984653
0.077863 12.945963
0.076335 12.917981
0.074995 12.878259
0.073889 12.838886
0.073064 12.800722
0.072569 12.764715
0.072454 12.731951
0.072774 12.703594
0.073580 12.681545
0.074923 12.666437
0.076854 12.659447
0.079422 12.661627
0.082675 12.673885
0.086658 12.696820
0.091410 12.730684
0.096971 12.775722
0.103373 12.831796
0.110651 12.899021
0.118834 12.977467
0.127943 13.047276
0.138004 13.147426
0.149034 13.259088
0.161043 13.364023
0.174038 13.497350
0.188021 13.673175
0.202989 13.831638
0.218928 14.001679
0.235821 14.183093
0.253644 14.376171
0.272361 14.580166
0.291926 14.794776
0.312284 15.018875
0.333363 15.252254
0.355074 15.493887
0.377315 15.742431
0.399947 15.996220
0.422804 16.253410
0.445671 16.511353
0.468268 16.766811
0.490248 17.015989
0.511196 17.254453
0.530646 17.477135
0.548128 17.679249
0.563219 17.855879
0.575608 18.003703
0.585146 18.120030
0.591884 18.204319
0.596039 18.257876
0.597914 18.283001
0.597841 18.283507
0.596129 18.262309
0.593047 18.222910
0.588799 18.167176
0.583527 18.097511
0.577293 18.014447
0.570112 17.917962
0.561949 17.807571
0.552761 17.682576
0.542540 17.542725
0.531356 17.388785
0.519388 17.222830
0.506886 17.047806
0.494130 16.867007
0.481387 16.683558
0.468888 16.500633
0.456825 16.321025
0.445350 16.147219
0.434573 15.980841
0.424565 15.823538
0.415373 15.676041
0.407016 15.539521
0.399489 15.414361
0.392777 15.300129
0.386842 15.197036
0.381639 15.104921
0.377112 15.022851
0.373203 14.951049
0.369846 14.889437
0.366972 14.837805
0.364516 14.794277
0.362411 14.801671
0.360593 14.768637
0.359005 14.739806
0.357591 14.714121
0.356303 14.691017
0.355101 14.669397
0.353947 14.648701
0.352817 14.628586
0.351684 14.608504
0.350532 14.438698
0.349348 14.418689
0.348120 14.397841
0.346843 14.376076
0.345512 14.353262
0.344127 14.328902
0.342685 14.303117
0.341183 14.275830
0.339624 14.246731
0.338008 14.216195
0.336332 14.184104
0.334594 14.150096
0.332790 14.114298
0.330920 14.076705
0.328980 14.037330
0.326969 13.996055
0.324880 13.952915
0.322713 13.907883
0.320462 13.861270
0.318122 13.812408
0.315687 13.761592
0.313150 13.708771
0.310495 13.654150
0.307709 13.597202
0.304775 13.533235
0.301667 13.472368
0.298365 13.409306
0.294849 13.344196
0.291093 13.276939
0.287076 13.207405
0.282772 13.136437
0.278156 13.063433
0.273199 12.988557
0.267868 12.912114
0.262125 12.836112
0.255932 12.755538
0.249246 12.673269
0.242029 12.589142
0.234247 12.503557
0.225879 12.416446
0.216913 12.327923
0.207354 12.238410
0.197225 12.148157
0.186560 12.057680
0.175402 11.967501
0.163811 11.878253
0.151849 11.790878
0.139581 11.705436
0.127078 11.622928
0.114404 11.544031
0.101626 11.469123
0.088804 11.398936
0.075988 11.333325
0.063223 11.272702
0.050549 11.139916
0.037994 11.088923
0.025578 11.042126
0.013318 10.999720
0.001216 10.961314
-0.010728 10.926606
-0.022522 10.895039
-0.034186 10.866591
-0.045736 10.840553
-0.057201 10.816213
-0.068610 10.793254
-0.079997 10.771021
-0.091399 10.748864
-0.102853 10.726311
-0.114397 10.702942
-0.126063 10.677913
-0.137882 10.651205
-0.149878 10.622404
-0.162073 10.692235
-0.174482 10.658470
-0.187109 10.622184
-0.199955 10.582985
-0.213015 10.541084
-0.226277 10.496736
-0.239723 10.449875
-0.253330 10.401116
-0.267070 10.350940
-0.280909 10.299599
-0.294805 10.247824
-0.308714 10.196392
-0.322588 10.145487
-0.336373 10.096719
-0.350008 10.076713
-0.363438 10.033814
-0.376600 9.995630
-0.389433 9.963484
-0.401879 9.938843
-0.413883 9.922296
-0.425399 9.914439
-0.436381 9.915316
-0.446785 9.924542
-0.456581 9.941767
-0.465739 9.966778
-0.474235 9.998843
-0.482051 10.037881
-0.489175 10.083904
-0.495602 10.127804
-0.501333 10.187544
-0.506372 10.253506
-0.510725 10.325519
-0.514404 10.403221
-0.517427 10.486310
-0.519816 10.574388
-0.521596 10.667365
-0.522793 10.764752
-0.523439 10.866030
-0.523564 10.970613
-0.523200 11.078305
-0.522385 11.188903
-0.521154 11.301880
-0.519542 11.416500
-0.517581 11.532174
-0.515308 11.649548
-0.512757 11.767220
-0.509960 11.885054
-0.506947 12.003169
-0.503738 12.121069
-0.500357 12.238235
-0.496823 12.354678
-0.493155 12.470145
-0.489365 12.584700
-0.485466 12.697819
-0.481471 12.809385
-0.477387 12.919797
-0.473213 13.028278
-0.468956 13.134812
-0.464618 13.239828
-0.460198 13.343034
-0.455698 13.444472
-0.451118 13.544374
-0.446459 13.642464
-0.441720 13.727991
-0.436903 13.822507
-0.432008 13.915574
-0.427035 14.007114
-0.421989 14.097237
-0.416879 14.186081
-0.411707 14.273268
-0.406482 14.358924
-0.401220 14.443141
-0.395933 14.525456
-0.390636 14.605782
-0.385348 14.683832
-0.380093 14.759270
-0.374895 14.831753
-0.369783 14.900718
-0.364790 14.965917
-0.359942 15.026789
-0.355268 15.083269
-0.350798 15.135075
-0.346557 15.181641
-0.342573 15.222961
-0.338862 15.258831
-0.335440 15.289219
-0.332314 15.314012
-0.329486 15.333244
-0.326951 15.347321
-0.324698 15.356353
-0.322715 15.331789
-0.320969 15.330939
-0.319432 15.325968
-0.318075 15.317352
-0.316859 15.436176
-0.315749 15.421623
-0.314711 15.404174
-0.313718 15.384353
-0.312739 15.362369
-0.311758 15.338505
-0.310763 15.312416
-0.309753 15.284469
-0.308735 15.254374
-0.307725 15.222136
-0.306741 15.188039
-0.305806 15.151903
-0.304942 15.114037
-0.304168 15.074269
-0.303499 15.033098
-0.302940 14.990696
-0.302487 14.947198
-0.302126 14.903079
-0.301844 14.858225
-0.301612 14.813233
-0.301401 14.768581
-0.301179 14.723934
-0.300910 14.679804
-0.300567 14.636429
-0.300118 14.594066
-0.299538 14.552891
-0.298808 14.512698
-0.297910 14.474034
-0.296832 14.532312
-0.295568 14.496008
-0.294119 14.461286
-0.292488 14.428168
-0.290687 14.396424
-0.288727 14.366187
-0.286628 14.337537
-0.284405 14.309916
-0.282079 14.283281
-0.279673 14.257519
-0.277211 14.232704
-0.274714 14.208806
-0.272201 14.185597
-0.269686 14.162518
-0.267185 14.139803
-0.264711 14.117583
-0.262273 14.095563
-0.259876 14.073960
-0.257527 14.052703
-0.255230 14.031703
-0.252985 14.011071
-0.250793 13.991075
-0.248653 13.971594
-0.246562 13.952773
-0.244519 13.934612
-0.242528 13.917428
-0.240584 13.900977
-0.238691 13.885322
-0.236853 13.870645
-0.235075 13.856856
-0.233361 13.843925
-0.231721 13.831815
-0.230164 13.820140
-0.228699 13.809355
-0.227339 13.799040
-0.226098 13.789100
-0.224985 13.779606
-0.224016 13.770089
-0.223205 13.760774
-0.222563 13.750904
-0.222106 13.740688
-0.221849 13.729516
-0.221809 13.717213
-0.222002 13.703801
-0.222448 13.709724
-0.223168 13.692604
-0.224186 13.672678
-0.225525 13.650098
-0.227211 13.624517
-0.229267 13.595193
-0.231717 13.561632
-0.234581 13.523337
-0.237875 13.480162
-0.241604 13.431929
-0.245769 13.378086
-0.250358 13.318859
-0.255349 13.254458
-0.260712 13.184862
-0.266406 13.110871
-0.272377 13.032947
-0.278569 12.951360
-0.284926 12.867271
-0.291383 12.780857
-0.297876 12.693031
-0.304353 12.604241
-0.310762 12.515392
-0.317052 12.426744
-0.323179 12.338933
-0.329106 12.252466
-0.334800 12.167809
-0.340233 12.084993
-0.345380 12.004616
-0.350218 11.927045
-0.354728 11.896424
-0.358894 11.824655
-0.362700 11.756636
-0.366133 11.692604
-0.369181 11.632766
-0.371836 11.577675
-0.374087 11.527678
-0.375927 11.482661
-0.377339 11.443096
-0.378316 11.409224
-0.378849 11.380898
-0.378929 11.358536
-0.378544 11.341983
-0.377689 11.331635
-0.376348 11.327147
-0.374513 11.328628
-0.372171 11.335984
-0.369314 11.348895
-0.365932 11.367386
-0.362013 11.391407
-0.357553 11.421046
-0.352544 11.456096
-0.346981 11.496617
-0.340867 11.542405
-0.334208 11.593189
-0.327014 11.649079
-0.319303 11.710076
-0.311104 11.775131
-0.302450 11.844561
-0.293384 11.917687
-0.283956 11.994437
-0.274235 12.073871
-0.264290 12.155851
-0.254201 12.239646
-0.244053 12.324460
-0.233934 12.409584
-0.223928 12.494195
-0.214120 12.577530
-0.204583 12.658905
-0.195383 12.737634
-0.186572 12.813452
-0.178186 12.885929
-0.170248 12.954921
-0.162762 13.020390
-0.155719 13.082554
-0.149098 13.141403
-0.142867 13.197323
-0.136987 13.250684
-0.131407 13.302006
-0.126077 13.351416
-0.120939 13.399610
-0.115941 13.446981
-0.111028 13.493831
-0.106147 13.540661
-0.101251 13.587831
-0.096295 13.635837
-0.091241 13.685228
-0.086054 13.736350
-0.080711 13.789593
-0.075191 13.845012
-0.069482 13.903120
-0.063578 13.963520
-0.057479 14.026839
-0.051192 14.092514
-0.044729 14.160564
-0.038114 14.230597
-0.031369 14.302373
-0.024528 14.375757
-0.017625 14.450168
-0.010705 14.524899
-0.003813 14.599641
0.003006 14.674084
0.009701 14.747339
0.016217 14.818787
0.022499 14.887712
0.028491 14.953428
0.034142 15.014864
0.039399 15.071961
0.044208 15.123967
0.048519 15.169799
0.052284 15.209197
0.055456 15.241821
0.057991 15.266605
0.059855 15.284196
0.061025 15.294243
0.061487 15.296576
0.061242 15.291405
0.060307 15.279203
0.058716 15.260223
0.056511 15.235092
0.053749 15.204747
0.050493 15.169657
0.046810 15.130595
0.042768 15.088487
0.038433 15.043917
0.033868 14.997602
0.029131 14.950017
0.024281 14.902102
0.019365 14.854277
0.014430 14.807143
0.009508 14.760731
0.004638 14.715753
-0.000151 14.672176
-0.004835 14.630412
-0.009396 14.472684
-0.013819 14.436279
-0.018094 14.402180
-0.022213 14.370485
-0.026173 14.341196
-0.029971 14.314164
-0.033613 14.289219
-0.037094 14.348485
-0.040423 14.327619
-0.043602 14.308424
-0.046633 14.291187
-0.049526 14.275440
-0.052281 14.260776
-0.054903 14.247271
-0.057399 14.225145
-0.059770 14.212115
-0.062019 14.199644
-0.064150 14.187075
-0.066165 14.174847
-0.068064 14.162515
-0.069844 14.149968
-0.071505 14.137455
-0.073043 14.124592
-0.074454 14.111506
-0.075732 14.098024
-0.076870 14.084551
-0.077862 14.070928
-0.078696 14.056882
-0.079362 14.043133
-0.079850 14.029680
-0.080149 14.016597
-0.080248 14.004388
-0.080134 13.992731
-0.079795 13.981900
-0.079216 13.971963
-0.078387 13.963206
-0.077293 13.955715
-0.075919 13.949407
-0.074250 13.944281
-0.072271 13.940496
-0.069968 13.938210
-0.067325 13.938041
-0.064323 13.939896
-0.060948 13.943761
-0.057184 13.949941
-0.053015 13.958253
-0.048422 13.969324
-0.043386 13.982906
-0.037890 13.999595
-0.031916 14.019323
-0.025444 14.041991
-0.018455 14.068127
-0.010932 14.097874
-0.002854 14.131221
0.005796 14.168811
0.015034 14.210445
0.024877 14.256745
0.035338 14.307660
0.046429 14.363430
0.058157 14.424193
0.070528 14.489774
0.083548 14.560485
0.097220 14.636280
0.111538 14.717239
0.126492 14.803279
0.142070 14.894640
0.158254 14.991123
0.175022 15.092842
0.192351 15.199878
0.210208 15.312066
0.228556 15.429670
0.247363 15.551709
0.266592 15.679149
0.286201 15.811334
0.306149 15.948458
0.326397 16.188419
0.346903 16.336590
0.367630 16.489405
0.388538 16.646796
0.409592 16.808834
0.430759 16.975416
0.452007 17.146262
0.473310 17.321082
0.494643 17.499638
0.515982 17.681858
0.537303 17.867460
0.558577 18.055783
0.579774 18.246574
0.600857 18.438894
0.621786 18.631934
0.642515 18.824766
0.662989 19.016599
0.683157 19.206489
0.702959 19.393378
0.722341 19.576642
0.741250 19.754933
0.759640 19.927418
0.777479 20.094032
0.794742 20.181368
0.811414 20.333335
0.827490 20.478276
0.842980 20.615854
0.857897 20.746321
0.872263 20.869772
0.886102 20.986585
0.899439 21.096924
0.912301 21.201030
0.924712 21.299163
0.936692 21.391526
0.948250 21.478117
0.959393 21.559089
0.970120 21.634592
0.980418 21.704357
0.990271 21.768354
0.999649 21.825834
1.008518 21.876684
1.016848 21.920866
1.024604 21.957886
1.031753 21.987273
1.038267 22.008768
1.044116 22.022248
1.049284 22.027449
1.053752 22.024339
1.057507 22.013074
1.060544 22.143013
1.062862 22.115657
1.064469 22.081081
1.065383 22.039505
1.065639 21.991743
1.065273 21.938864
1.064340 21.881049
1.062892 21.819098
1.060988 21.754134
1.058684 21.686902
1.056036 21.617930
1.053092 21.548237
1.049895 21.477918
1.046484 21.407410
1.042888 21.337228
1.039137 21.267591
1.035253 21.198811
1.031250 21.130701
1.027141 21.063846
1.022937 20.997474
1.018649 20.931987
1.014285 20.867343
1.009848 20.803607
1.005341 20.740503
1.000768 20.677916
0.996130 20.616119
0.991426 20.555164
0.986661 20.495230
0.981834 20.436302
0.976949 20.258820
0.972005 20.203649
0.967007 20.150597
0.961960 20.099318
0.956868 20.050002
0.951741 20.002819
0.946590 19.957645
0.941425 19.914755
0.936264 19.873927
0.931125 19.835243
0.926024 19.799153
0.920982 19.766077
0.916019 19.735306
0.911157 19.707280
0.906416 19.682289
0.901812 19.660349
0.897365 19.642297
0.893090 19.628659
0.888997 19.618710
0.885097 19.612509
0.881397 19.609652
0.877899 19.609773
0.874595 19.612444
0.871487 19.617734
0.868563 19.625086
0.865810 19.634465
0.863221 19.645676
0.860778 19.658415
0.858460 19.672168
0.856239 19.687226
0.854085 19.703016
0.851957 19.718790
0.849804 19.734490
0.847562 19.749169
0.845152 19.761984
0.842486 19.772545
0.839468 19.779715
0.836003 19.782982
0.832026 19.781056
0.827490 19.773600
0.822384 19.760442
0.816718 19.741377
0.810518 19.716493
0.803819 19.686038
0.796651 19.650045
0.789039 19.608374
0.780996 19.560990
0.772518 19.507837
0.763584 19.448635
0.754159 19.383115
0.744206 19.310707
0.733685 19.231156
0.722576 19.143955
0.710863 19.049209
0.698544 18.946740
0.685620 18.835991
0.672097 18.717652
0.657985 18.591155
0.643297 18.456751
0.628053 18.314599
0.612282 18.165030
0.596023 18.098129
0.579330 17.933334
0.562278 17.763218
0.544950 17.588597
0.527441 17.410507
0.509850 17.229940
0.492276 17.048332
0.474811 16.866349
0.457535 16.685190
0.440524 16.506052
0.423836 16.329297
0.407517 16.155775
0.391599 15.985567
0.376105 15.819232
0.361045 15.656847
0.346424 15.498992
0.332238 15.345999
0.318480 15.197901
0.305137 15.054896
0.292206 14.916554
0.279681 14.783599
0.267559 14.656450
0.255841 14.535444
0.244532 14.420992
0.233635 14.313187
0.223160 14.239979
0.213116 14.145796
0.203514 14.057932
0.194366 13.976183
0.185685 13.900270
0.177485 13.829991
0.169776 13.765242
0.162573 13.706065
0.155888 13.652417
0.149730 13.604599
0.144113 13.562138
0.139044 13.525273
0.134532 13.494088
0.130581 13.412566
0.127195 13.392261
0.124379 13.377601
0.122128 13.368528
0.120440 13.365666
0.119306 13.368524
0.118718 13.377157
0.118665 13.391116
0.119132 13.410483
0.120101 13.435147
0.121558 13.464959
0.123483 13.499727
0.125858 13.607698
0.128670 13.652100
0.131908 13.700971
0.135564 13.754335
0.139634 13.811994
0.144118 13.873997
0.149021 13.940633
0.154351 14.011902
0.160120 14.088098
0.166338 14.169450
0.173011 14.227844
0.180147 14.355118
0.187747 14.452269
0.195803 14.554437
0.204303 14.661482
0.213230 14.773868
0.222562 14.890791
0.232263 15.011819
0.242292 15.136520
0.252602 15.210973
0.263133 15.340313
0.273822 15.471459
0.284596 15.604059
0.295373 15.737274
0.306066 15.870678
0.316577 16.002972
0.326818 16.134178
0.336695 16.263071
0.346116 16.388676
0.354997 16.510301
0.363257 16.627135
0.370834 16.738788
0.377673 16.844397
0.383733 16.943340
0.388986 17.035327
0.393409 17.120063
0.397002 17.197083
0.399771 17.266974
0.401733 17.329034
0.402909 17.383699
0.403321 17.431098
0.402991 17.471311
0.401943 17.504797
0.400200 17.532132
0.397783 17.553059
0.394705 17.567595
0.390978 17.575889
0.386612 17.577558
0.381611 17.573222
0.375982 17.562466
0.369730 17.545239
0.362860 17.521507
0.355381 17.491269
0.347306 17.454573
0.338653 17.411523
0.329445 17.362396
0.319713 17.307152
0.309490 17.246487
0.298822 17.180235
0.287751 17.109134
0.276327 17.033066
0.264600 16.952773
0.252623 16.868515
0.240445 16.781181
0.228120 16.690709
0.215696 16.597817
0.203219 16.584629
0.190732 16.487480
0.178277 16.389263
0.165887 16.290252
0.153602 16.191095
0.141452 16.092089
0.129464 15.993499
0.117667 15.895809
0.106081 15.799057
0.094728 15.703816
0.083626 15.610244
0.072794 15.518636
0.062240 15.429511
0.051984 15.342829
0.042031 15.258333
0.032397 15.176054
0.023089 15.096143
0.014116 15.018487
0.005484 14.943237
-0.002805 14.870370
-0.010744 14.800303
-0.018329 14.732764
-0.025555 14.667847
-0.032422 14.605705
-0.038928 14.546063
-0.045073 14.488751
-0.050856 14.434004
-0.056277 14.381663
-0.061338 14.331502
-0.066041 14.283451
-0.070387 14.237404
-0.074378 14.193541
-0.078019 14.151785
-0.081312 14.111944
-0.084259 14.074166
-0.086862 14.038315
-0.089125 14.004426
-0.091049 13.972394
-0.092634 13.942592
-0.093883 13.914782
-0.094793 13.889054
-0.095364 13.865363
-0.095587 13.844224
-0.095456 13.825640
-0.094963 13.809792
-0.094099 13.796653
-0.092849 13.786498
-0.091201 13.779881
-0.089134 13.776686
-0.086628 13.777650
-0.083662 13.782707
-0.080214 13.712352
-0.076259 13.726265
-0.071769 13.745352
-0.066719 13.770271
-0.061081 13.801192
-0.054828 13.838473
-0.047936 13.913977
-0.040375 13.964549
-0.032121 14.022788
-0.023154 14.089371
-0.013450 14.164472
-0.002990 14.292729
0.008239 14.385765
0.020253 14.488312
0.033061 14.600428
0.046667 14.722207
0.061074 14.853353
0.076279 14.994516
0.092277 15.145246
0.109059 15.305582
0.126608 15.475593
0.144903 15.654802
0.163914 15.843160
0.183610 16.040395
0.203952 16.246248
0.224897 16.460138
0.246392 16.681391
0.268374 16.909712
0.290778 17.143452
0.313534 17.382389
0.336560 17.625217
0.359769 17.870693
0.383069 18.017488
0.406364 18.262221
0.429552 18.505935
0.452536 18.747619
0.475209 18.985905
0.497468 19.219186
0.519219 19.446303
0.540362 19.666153
0.560809 19.877411
0.580476 20.079125
0.599281 20.270544
0.617150 20.450838
0.634010 20.619237
0.649791 20.775687
0.664423 20.918770
0.677843 21.048460
0.689993 21.163831
0.700837 21.265493
0.710357 21.352929
0.718571 21.426410
0.725535 21.486589
0.731340 21.534282
0.736111 21.570205
0.739999 21.596410
0.743165 21.613705
0.745777 21.623901
0.747994 21.628496
0.749969 21.628576
0.751839 21.625947
0.753733 21.621657
0.755758 21.617191
0.758009 21.612983
0.760566 21.610431
0.763491 21.610181
0.766837 21.612446
0.770639 21.618049
0.774915 21.627140
0.779669 21.640287
0.784894 21.785183
0.790567 21.823995
0.796653 21.851145
0.803108 21.881731
0.809891 21.914915
0.816949 21.951251
0.824229 21.990647
0.831676 22.032207
0.839237 22.074361
0.846856 22.116397
0.854488 22.157077
0.862090 22.196107
0.869621 22.233087
0.877047 22.267823
0.884331 22.299809
0.891445 22.329226
0.898359 22.356321
0.905048 22.380755
0.911486 22.402520
0.917650 22.421623
0.923518 22.437720
0.929070 22.450797
0.934287 22.460689
0.939151 22.467538
0.943655 22.507771
0.947791 22.508627
0.951559 22.506362
0.954965 22.501185
0.958018 22.493107
0.960738 22.481968
0.963147 22.467991
0.965275 22.451112
0.967155 22.431640
0.968823 22.409668
0.970323 22.385473
0.971693 22.359377
0.972979 22.331713
0.974226 22.303119
0.975476 22.274237
0.976770 22.245822
0.978147 22.218611
0.979641 22.193425
0.981282 22.171173
0.983090 22.152631
0.985077 22.138543
0.987240 22.129281
0.989561 22.125077
0.991996 22.125455
0.994480 22.130347
0.996908 22.138634
0.999138 22.148752
1.000975 22.158460
1.002169 22.164652
1.002404 22.163160
1.001270 22.149216
0.998296 22.119257
0.993107 22.070529
0.985616 22.002787
0.976003 21.916372
0.964569 21.812768
0.951653 21.693895
0.937595 21.562580
0.922714 21.421119
0.907299 21.272490
0.891594 21.118736
0.875797 20.961411
0.860072 20.803129
0.844540 20.644799
0.829298 20.488154
0.814415 20.333281
0.799940 20.180880
0.785910 20.031247
0.772344 19.884502
0.759252 19.741483
0.746635 19.601927
0.734481 19.465843
0.722776 19.333141
0.711502 19.204163
0.700632 19.078561
0.690135 18.956261
0.679976 18.836535
0.670119 18.719434
0.660521 18.604721
0.651145 18.491972
0.641953 18.380948
0.632908 18.271395
0.623977 18.162385
0.615138 18.054935
0.606373 17.948564
0.597674 17.843609
0.589035 17.740335
0.580463 17.638323
0.571966 17.537862
0.563554 17.439190
0.555243 17.337442
0.547037 17.241567
0.538944 17.147749
0.530959 17.055861
0.523063 16.965834
0.515228 16.877213
0.507410 16.789579
0.499543 16.702513
0.491550 16.615304
0.483340 16.526597
0.474818 16.435859
0.465900 16.342136
0.456527 16.244951
0.446675 16.143715
0.436357 16.038705
0.425609 15.929788
0.414500 15.818440
0.403112 15.705012
0.391544 15.590574
0.379890 15.476548
0.368250 15.364006
0.356711 15.253998
0.345357 15.147350
0.334254 15.045515
0.323454 14.949469
0.312994 14.859027
0.302897 14.774969
0.293167 14.697364
0.283801 14.625858
0.274778 14.560278
0.266062 14.500087
0.257606 14.444561
0.249352 14.392287
0.241237 14.342551
0.233189 14.294233
0.225134 14.246086
0.217006 14.197307
0.208740 14.146613
0.200283 14.093277
0.191604 14.036713
0.182681 13.976401
0.173512 13.912328
0.164108 13.844452
0.154495 13.773355
0.144708 13.699499
0.134782 13.622756
0.124760 13.544067
0.114682 13.463958
0.104582 13.382488
0.094495 13.300279
0.084443 13.217737
0.074450 13.134783
0.064536 13.051461
0.054723 12.967361
0.045029 12.839067
0.035482 12.754317
0.026106 12.669721
0.016934 12.585278
0.008006 12.501379
-0.000636 12.418633
-0.008942 12.337915
-0.016869 12.259714
-0.024362 12.183968
-0.031365 12.120464
-0.037823 12.054580
-0.043686 11.994123
-0.048909 11.940663
-0.053449 11.894432
-0.057278 11.856634
-0.060370 11.827299
-0.062710 11.806745
-0.064295 11.795586
-0.065130 11.793700
-0.065237 11.801352
-0.064645 11.819225
-0.063400 11.848346
-0.061566 11.889292
-0.059221 11.942024
-0.056463 12.004526
-0.053404 12.074272
-0.050175 12.148879
-0.046915 12.226061
-0.043770 12.303913
-0.040872 12.381437
-0.038332 12.457344
-0.036248 12.529974
-0.034694 12.598618
-0.033735 12.662155
-0.033422 12.720116
-0.033810 12.771354
-0.034956 12.815203
-0.036921 12.851423
-0.039769 12.878724
-0.043563 12.896933
-0.048353 12.905182
-0.054162 12.903207
-0.060981 12.890880
-0.068778 12.868273
-0.077498 12.836049
-0.087078 12.794554
-0.097441 12.744000
-0.108509 12.685236
-0.120202 12.618601
-0.132444 12.545261
-0.145145 12.465456
-0.158221 12.380451
-0.171582 12.291264
-0.185141 12.199074
-0.198810 12.104383
-0.212497 12.009014
-0.226114 11.913915
-0.239579 11.820246
-0.252819 11.729728
-0.265761 11.642744
-0.278345 11.559741
-0.290523 11.481796
-0.302247 11.409077
-0.313483 11.341913
-0.324208 11.280917
-0.334402 11.226152
-0.344058 11.178150
-0.353171 11.136748
-0.361749 11.101818
-0.369800 11.072837
-0.377338 11.049488
-0.384380 11.031362
-0.390949 11.018202
-0.397070 11.009825
-0.402766 11.005792
-0.408061 11.005575
-0.412978 11.009161
-0.417539 11.016196
-0.421760 11.026503
-0.425659 11.040088
-0.429244 11.056388
-0.432520 11.074725
-0.435490 11.095000
-0.438154 11.117132
-0.440502 11.141162
-0.442531 11.166855
-0.444234 11.194512
-0.445607 11.224137
-0.446647 11.314728
-0.447354 11.352013
-0.447731 11.387399
-0.447786 11.424706
-0.447528 11.463863
-0.446973 11.504821
-0.446145 11.547287
-0.445072 11.591578
-0.443787 11.637044
-0.442324 11.683081
-0.440727 11.729398
-0.439047 11.775514
-0.437338 11.820706
-0.435669 11.864173
-0.434116 11.905290
-0.432757 11.943127
-0.431683 11.976729
-0.430985 12.005223
-0.430758 12.027794
-0.431085 12.043343
-0.432040 12.051348
-0.433685 12.051414
-0.436061 12.043155
-0.439194 12.026596
-0.443089 12.001959
-0.447734 11.969479
-0.453102 11.930324
-0.459149 11.884560
-0.465821 11.833339
-0.473050 11.777187
-0.480770 11.733456
-0.488905 11.670377
-0.497376 11.604892
-0.506107 11.538068
-0.515020 11.470116
-0.524039 11.401778
-0.533091 11.333420
-0.542107 11.266003
-0.551018 11.199735
-0.559759 11.135707
-0.568268 11.073648
-0.576488 11.014340
-0.584370 10.958167
-0.591868 10.905599
-0.598937 10.856946
-0.605543 10.812815
-0.611658 10.773216
-0.617256 10.738192
-0.622318 10.708316
-0.626831 10.683192
-0.630787 10.663717
-0.634183 10.649103
-0.637016 10.640115
-0.639294 10.636283
-0.641027 10.637830
-0.642233 10.644808
-0.642936 10.657247
-0.643163 10.675141
-0.642952 10.697973
-0.642346 10.725356
-0.641394 10.779977
-0.640152 10.812686
-0.638682 10.845980
-0.637048 10.878853
-0.635319 10.910276
-0.633562 10.939120
-0.631836 10.964961
-0.630198 10.986976
-0.628684 11.004578
-0.627320 11.017896
-0.626115 11.026490
-0.625067 11.030749
-0.624159 11.034813
-0.623365 11.031387
-0.622654 11.024760
-0.621997 11.015657
-0.621356 11.004701
-0.620701 10.992268
-0.620002 10.978520
-0.619236 10.963991
-0.618381 10.949320
-0.617422 10.934662
-0.616349 10.920513
-0.615153 10.906553
-0.613830 10.893753
-0.612372 10.881740
-0.610775 10.870997
-0.609036 10.861955
-0.607147 10.854717
-0.605103 10.849466
-0.602900 10.846320
-0.600533 10.845346
-0.597991 10.846692
-0.595276 10.850349
-0.592380 10.856473
-0.589302 10.865263
-0.586042 10.876568
-0.582609 10.890544
-0.579010 10.906297
-0.575261 10.924484
-0.571379 10.944308
-0.567390 10.965696
-0.563320 10.988472
-0.559201 11.012121
-0.555067 11.036381
-0.550953 11.060147
-0.546900 11.083417
-0.542944 11.105434
-0.539117 11.125952
-0.535447 11.144649
-0.531958 11.161301
-0.528658 11.175934
-0.525554 11.188458
-0.522641 11.198913
-0.519914 11.207022
-0.517358 11.213579
-0.514958 11.218435
-0.512699 11.221875
-0.510561 11.224071
-0.508528 11.225203
-0.506577 11.225429
-0.504688 11.224999
-0.502844 11.224133
-0.501028 11.223252
-0.499225 11.222197
-0.497420 11.221583
-0.495602 11.221169
-0.493761 11.221694
-0.491891 11.222657
-0.489986 11.224062
-0.488045 11.226079
-0.486072 11.228340
-0.484071 11.231046
-0.482049 11.233953
-0.480016 11.236943
-0.477986 11.240206
-0.475970 11.243737
-0.473986 11.247117
-0.472051 11.250628
-0.470182 11.253947
-0.468394 11.256600
-0.466704 11.258161
-0.465129 11.258703
-0.463683 11.257517
-0.462382 11.253959
-0.461240 11.247944
-0.460267 11.239219
-0.459481 11.227285
-0.458882 11.212412
-0.458477 11.194241
-0.458271 11.172791
-0.458262 11.147933
-0.458451 11.119763
-0.458829 11.088446
-0.459385 11.053969
-0.460102 11.016857
-0.460964 10.977088
-0.461947 10.935242
-0.463030 10.891628
-0.464188 10.846705
-0.465397 10.801265
-0.466630 10.755558
-0.467862 10.710515
-0.469070 10.666123
-0.470230 10.623016
-0.471318 10.581336
-0.472310 10.541728
-0.473185 10.504505
-0.473921 10.470429
-0.474496 10.439719
-0.474894 10.413023
-0.475092 10.389253
-0.475075 10.369353
-0.474824 10.349020
-0.474324 10.336706
-0.473557 10.328162
-0.472512 10.323191
-0.471175 10.311866
-0.469538 10.313484
-0.467588 10.318758
-0.465320 10.327374
-0.462726 10.339171
-0.459802 10.354140
-0.456545 10.372489
-0.452953 10.394189
-0.449022 10.418782
-0.444752 10.446714
-0.440141 10.478021
-0.435190 10.512607
-0.429900 10.550836
-0.424269 10.592096
-0.418297 10.636296
-0.411978 10.684284
-0.405312 10.735848
-0.398294 10.791019
-0.390920 10.849768
-0.383185 10.912514
-0.375078 10.978940
-0.366595 11.049460
-0.357724 11.123872
-0.348453 11.202822
-0.338770 11.285780
-0.328669 11.373015
-0.318140 11.464295
-0.307181 11.559850
-0.295795 11.659551
-0.283992 11.762880
-0.271793 11.869918
-0.259237 11.979910
-0.246372 12.092789
-0.233265 12.207420
-0.220000 12.323402
-0.206675 12.440048
-0.193400 12.555645
-0.180292 12.669641
-0.167471 12.780879
-0.155055 12.888130
-0.143154 12.990396
-0.131865 13.086298
-0.121273 13.175545
-0.111441 13.257249
-0.102420 13.330796
-0.094243 13.396442
-0.086935 13.454073
-0.080510 13.502820
-0.074980 13.543035
-0.070355 13.574628
-0.066650 13.588945
-0.063880 13.602776
-0.062061 13.607486
-0.061212 13.603508
-0.061347 13.590536
-0.062480 13.568354
-0.064619 13.537198
-0.067765 13.496598
-0.071912 13.446314
-0.077050 13.386766
-0.083163 13.317940
-0.090233 13.240192
-0.098240 13.153567
-0.107157 13.058335
-0.116958 12.954733
-0.127607 12.842834
-0.139070 12.723275
-0.151308 12.596156
-0.164279 12.462126
-0.177940 12.322028
-0.192241 12.175873
-0.207134 12.024706
-0.222563 11.869058
-0.238468 11.710159
-0.254781 11.502127
-0.271431 11.337803
-0.288341 11.172936
-0.305429 11.008139
-0.322614 10.844353
-0.339818 10.682634
-0.356960 10.523819
-0.373967 10.368221
-0.390769 10.216496
-0.407303 10.069139
-0.423510 9.926700
-0.439338 9.789371
-0.454742 9.656946
-0.469683 9.529286
-0.484126 9.454871
-0.498036 9.337034
-0.511393 9.224357
-0.524169 9.116357
-0.536343 9.013587
-0.547892 8.916223
-0.558804 8.824727
-0.569057 8.738392
-0.578635 8.657935
-0.587526 8.583107
-0.595715 8.514154
-0.603185 8.450988
-0.609922 8.393507
-0.615911 8.341828
-0.621138 8.296233
-0.625590 8.256846
-0.629255 8.224156
-0.632123 8.198194
-0.634184 8.179363
-0.635434 8.168047
-0.635865 8.164721
-0.635478 8.170305
-0.634277 8.185447
-0.632266 8.209602
-0.629458 8.243494
-0.625871 8.287618
-0.621526 8.341739
-0.616453 8.405986
-0.610687 8.479417
-0.604273 8.561691
-0.597260 8.651698
-0.589704 8.748930
-0.581670 8.852703
-0.573227 8.962237
-0.564454 9.076514
-0.555430 9.194871
-0.546245 9.316131
-0.536992 9.439698
-0.527766 9.563862
-0.518663 9.687461
-0.509779 9.808689
-0.501204 9.926291
-0.493015 10.038516
-0.485280 10.144215
-0.478053 10.242143
-0.471368 10.331663
-0.465247 10.412318
-0.459689 10.483910
-0.454673 10.546521
-0.450169 10.600746
-0.446132 10.646529
-0.442499 10.685194
-0.439205 10.717325
-0.436182 10.744218
-0.433355 10.766503
-0.430654 10.785193
-0.428007 10.801273
-0.425345 10.815595
-0.422608 10.829239
-0.419740 10.842385
-0.416686 10.856458
-0.413400 10.871979
-0.409847 10.889709
-0.405997 10.910206
-0.401831 10.934031
-0.397332 10.961157
-0.392495 10.992146
-0.387323 11.027246
-0.381829 11.066577
-0.376032 11.110552
-0.369964 11.158519
-0.363656 11.210830
-0.357146 11.267180
-0.350472 11.327219
-0.343677 11.390598
-0.336798 11.457196
-0.329872 11.526946
-0.322923 11.599722
-0.315971 11.675562
-0.309021 11.754900
-0.302070 11.838348
-0.295106 11.926299
-0.288106 12.020002
-0.281039 12.119690
-0.273877 12.224427
-0.266588 12.332870
-0.259144 12.443996
-0.251523 12.557254
-0.243717 12.672204
-0.235727 12.788906
-0.227576 12.906411
-0.219306 13.024471
-0.210989 13.141956
-0.202723 13.257332
-0.194628 13.369673
-0.186842 13.476931
-0.179523 13.559497
-0.172827 13.650015
-0.166908 13.729632
-0.161908 13.796640
-0.157945 13.849731
-0.155107 13.887790
-0.153436 13.910464
-0.152936 13.917797
-0.153569 13.910427
-0.155256 13.889560
-0.157887 13.857217
-0.161330 13.814802
-0.165443 13.764194
-0.170088 13.707564
-0.175141 13.646008
-0.180494 13.580620
-0.186060 13.512562
-0.191775 13.442937
-0.197594 13.372049
-0.203491 13.300565
-0.209454 13.228856
-0.215482 13.157473
-0.221577 13.086663
-0.227744 13.016565
-0.233992 12.947579
-0.240324 12.879725
-0.246749 12.813124
-0.253268 12.748310
-0.259886 12.685101
-0.266601 12.623236
-0.273409 12.562746
-0.280293 12.503924
-0.287230 12.447002
-0.294183 12.391994
-0.301115 12.339286
-0.307984 12.289404
-0.314751 12.242508
-0.321381 12.198331
-0.327846 12.156670
-0.334126 12.117436
-0.340208 12.080398
-0.346091 12.044997
-0.351776 12.010813
-0.357273 11.977665
-0.362591 11.945426
-0.367746 11.913556
-0.372747 11.881792
-0.377606 11.850021
-0.382336 11.818239
-0.386943 11.786294
-0.391430 11.754338
-0.395794 11.722547
-0.400027 11.715018
-0.404116 11.683321
-0.408042 11.644294
-0.411785 11.614714
-0.415325 11.586770
-0.418642 11.560197
-0.421719 11.535272
-0.424544 11.512203
-0.427104 11.491186
-0.429394 11.472201
-0.431411 11.455973
-0.433155 11.441611
-0.434633 11.429223
-0.435852 11.418668
-0.436818 11.409815
-0.437543 11.402298
-0.438029 11.395767
-0.438281 11.390026
-0.438299 11.385433
-0.438075 11.381384
-0.437600 11.378044
-0.436857 11.375323
-0.435828 11.373714
-0.434482 11.373809
-0.432789 11.376160
-0.430715 11.380707
-0.428222 11.387797
-0.425273 11.398285
-0.421831 11.412074
-0.417861 11.429619
-0.413325 11.452553
-0.408192 11.474578
-0.402433 11.508755
-0.396025 11.548707
-0.388947 11.594859
-0.381182 11.647244
-0.372717 11.705992
-0.363547 11.771628
-0.353668 11.843834
-0.343080 11.923029
-0.331794 12.009164
-0.319818 12.102429
-0.307163 12.202584
-0.293848 12.309224
-0.279894 12.422247
-0.265327 12.541274
-0.250176 12.665796
-0.234476 12.795014
-0.218262 12.928626
-0.201573 13.065832
-0.184454 13.206012
-0.166955 13.348439
-0.149126 13.492876
-0.131021 13.638298
-0.112698 13.784123
-0.094219 13.929738
-0.075647 14.074459
-0.057049 14.217387
-0.038492 14.358166
-0.020045 14.496264
-0.001769 14.630876
0.016271 14.761120
0.034020 14.886315
0.051420 15.005696
0.068423 15.119279
0.084986 15.226628
0.101075 15.326689
0.116664 15.419946
0.131742 15.506180
0.146302 15.585205
0.160349 15.657366
0.173894 15.722565
0.186960 15.781449
0.199577 15.834400
0.211781 15.882041
0.223616 15.924632
0.235129 15.962867
0.246372 15.997452
0.257397 16.029089
0.268260 16.058284
0.279023 16.086046
0.289741 16.112522
0.300466 16.138594
0.311251 16.165382
0.322140 16.193214
0.333172 16.222929
0.344382 16.255213
0.355789 16.290782
0.367399 16.330132
0.379202 16.373480
0.391167 16.421279
0.403238 16.472554
0.415325 16.526520
0.427308 16.582201
0.439021 16.638071
0.450263 16.691639
0.460791 16.740865
0.470335 16.782699
0.478605 16.814478
0.485321 16.833191
0.490236 16.836304
0.493163 16.821888
0.494009 16.788908
0.492790 16.737754
0.489632 16.669599
0.484760 16.586886
0.478482 16.493056
0.471143 16.391185
0.463098 16.285355
0.454677 16.178948
0.446162 16.074614
0.437779 15.974557
0.429699 15.879927
0.422038 15.792091
0.414871 15.711687
0.408232 15.639119
0.402126 15.574650
0.396532 15.517524
0.391422 15.468165
0.386748 15.425721
0.382470 15.389833
0.378540 15.359415
0.374920 15.334148
0.371570 15.313366
0.368462 15.296527
0.365572 15.283094
0.362883 15.272786
0.360386 15.265315
0.358076 15.260364
0.355950 15.257715
0.354009 15.256828
0.352252 15.258000
0.350674 15.260963
0.349269 15.266413
0.348026 15.273255
0.346930 15.280424
0.345955 15.287158
0.345066 15.292729
0.344222 15.296262
0.343372 15.297416
0.342461 15.295574
0.341427 15.289614
0.340204 15.279495
0.338736 15.263907
0.336972 15.242789
0.334875 15.214905
0.332427 15.180960
0.329626 15.141397
0.326495 15.095668
0.323074 15.044645
0.319411 14.989146
0.315568 14.944385
0.311598 14.881584
0.307543 14.816728
0.303435 14.750524
0.299290 14.683646
0.295106 14.617035
0.290869 14.551421
0.286560 14.488411
0.282145 14.427827
0.277582 14.370111
0.272829 14.315216
0.267839 14.263163
0.262560 14.213590
0.256938 14.165151
0.250921 14.117198
0.244456 14.068593
0.237495 14.018217
0.229995 13.965037
0.221921 13.908183
0.213250 13.847292
0.203968 13.781954
0.194075 13.712100
0.183577 13.637405
0.172494 13.558108
0.160849 13.474098
0.148678 13.385568
0.136023 13.292567
0.122927 13.195885
0.109442 13.095327
0.095623 12.991627
0.081529 12.884848
0.067222 12.775934
0.052766 12.664557
0.038236 12.551578
0.023702 12.437477
0.009239 12.322812
-0.005073 12.208466
-0.019161 12.095156
-0.032946 11.983104
-0.046353 11.872956
-0.059310 11.765451
-0.071752 11.661417
-0.083614 11.561007
-0.094840 11.479990
-0.105377 11.388010
-0.115180 11.301084
-0.124207 11.219623
-0.132425 11.144050
-0.139807 11.074648
-0.146325 11.011587
-0.151960 10.966677
-0.156699 10.917029
-0.160526 10.874347
-0.163430 10.839200
-0.165407 10.811593
-0.166455 10.791535
-0.166570 10.779149
-0.165753 10.774596
-0.164011 10.768227
-0.161349 10.783973
-0.157775 10.804756
-0.153300 10.833766
-0.147942 10.870798
-0.141721 10.915664
-0.134655 10.968517
-0.126771 11.029310
-0.118103 11.097609
-0.108689 11.173399
-0.098568 11.256311
-0.087790 11.345874
-0.076411 11.444920
-0.064488 11.546470
-0.052086 11.653331
-0.039267 11.765357
-0.026100 11.881717
-0.012652 12.002008
0.001005 12.125457
0.014801 12.251444
0.028665 12.379071
0.042528 12.507972
0.056319 12.637010
0.069966 12.765578
0.083398 12.892575
0.096538 13.017225
0.109311 13.138539
0.121635 13.255446
0.133433 13.366991
0.144625 13.472249
0.155130 13.569938
0.164870 13.659580
0.173769 13.739526
0.181762 13.809395
0.188791 13.868529
0.194806 13.916432
0.199765 13.952157
0.203644 13.976807
0.206435 13.989032
0.208140 13.990115
0.208778 13.980565
0.208380 13.960321
0.206991 13.930595
0.204670 13.892166
0.201483 13.845768
0.197510 13.792675
0.192835 13.733762
0.187553 13.670780
0.181760 13.604786
0.175550 13.537065
0.169016 13.468699
0.162241 13.400756
0.155305 13.334505
0.148272 13.270462
0.141196 13.210105
0.134124 13.153267
0.127089 13.100037
0.120118 13.051016
0.113230 13.006323
0.106442 12.965958
0.099759 12.929642
0.093192 12.897229
0.086744 12.868478
0.080418 12.843589
0.074220 12.822034
0.068150 12.803782
0.062214 12.788505
0.056415 12.775886
0.050752 12.766368
0.045234 12.759793
0.039860 12.755686
0.034633 12.753650
0.029556 12.753280
0.024633 12.754544
0.019863 12.756996
0.015248 12.760465
0.010787 12.764731
0.006480 12.769710
0.002328 12.775325
-0.001671 12.781305
-0.005518 12.788104
-0.009213 12.801720
-0.012755 12.809435
-0.016142 12.817272
-0.019374 12.825360
-0.022449 12.833706
-0.025367 12.842705
-0.028126 12.851773
-0.030721 12.861048
-0.033150 12.871047
-0.035411 12.881457
-0.037497 12.892305
-0.039406 12.904230
-0.041133 12.916893
-0.042674 12.930676
-0.044023 12.945823
-0.045180 12.962403
-0.046144 12.993470
-0.046911 13.013795
-0.047483 13.036127
-0.047860 13.060450
-0.048043 13.086785
-0.048037 13.115534
-0.047842 13.146839
-0.047460 13.180721
-0.046893 13.217105
-0.046144 13.256205
-0.045210 13.298369
-0.044090 13.342889
-0.042786 13.390445
-0.041300 13.441062
-0.039639 13.494291
-0.037818 13.550241
-0.035858 13.608069
-0.033794 13.667676
-0.031682 13.728153
-0.029594 13.789264
-0.027632 13.849674
-0.025916 13.908138
-0.024604 13.963080
-0.023879 14.012411
-0.023964 14.053729
-0.025114 14.084516
-0.027608 14.101968
-0.031716 14.104364
-0.037632 14.089608
-0.045411 14.057281
-0.054966 14.007990
-0.066100 13.943000
-0.078557 13.864383
-0.092050 13.774445
-0.106303 13.675318
-0.121058 13.569110
-0.136098 13.458161
-0.151229 13.343337
-0.166299 13.227251
-0.181181 13.110216
-0.195779 12.993537
-0.210019 12.877830
-0.223839 12.763834
-0.237195 12.652075
-0.250057 12.542974
-0.262401 12.436857
-0.274215 12.333930
-0.285492 12.234768
-0.296222 12.139231
-0.306407 12.047701
-0.316048 11.960001
-0.325147 11.876509
-0.333714 11.796984
-0.341755 11.722286
-0.349278 11.652048
-0.356290 11.585949
-0.362800 11.525117
-0.368815 11.469159
-0.374345 11.418349
-0.379396 11.372049
-0.383977 11.330190
-0.388095 11.292368
-0.391759 11.258531
-0.394975 11.228151
-0.397751 11.201500
-0.400090 11.171056
-0.401999 11.149726
-0.403483 11.131212
-0.404542 11.116072
-0.405180 11.104420
-0.405397 11.095149
-0.405192 11.089038
-0.404565 11.085978
-0.403518 11.085786
-0.402050 11.088687
-0.400161 11.094315
-0.397847 11.103050
-0.395109 11.114915
-0.391945 11.129546
-0.388356 11.147168
-0.384341 11.167887
-0.379902 11.191512
-0.375037 11.218114
-0.369746 11.247915
-0.364029 11.280841
-0.357880 11.316792
-0.351294 11.355808
-0.344266 11.397898
-0.336790 11.443073
-0.328860 11.491496
-0.320468 11.543219
-0.311605 11.598082
-0.302266 11.656274
-0.292442 11.717975
-0.282126 11.782847
-0.271315 11.851233
-0.260007 11.923309
-0.248204 11.998874
-0.235915 12.077996
-0.223150 12.160566
-0.209931 12.246404
-0.196286 12.335432
-0.182252 12.427366
-0.167881 12.521560
-0.153234 12.617798
-0.138388 12.714998
-0.123437 12.812411
-0.108482 12.909076
-0.093639 13.003764
-0.079025 13.095685
-0.064752 13.183826
-0.050913 13.267399
-0.037571 13.345975
-0.024751 13.419489
-0.012433 13.488125
-0.000560 13.552726
0.010950 13.614078
0.022193 13.673223
0.033272 13.731507
0.044279 13.789826
0.055300 13.849316
0.066400 13.910939
0.077624 13.975511
0.089000 14.043538
0.100541 14.115656
0.112236 14.191528
0.124067 14.271175
0.136000 14.354487
0.147986 14.441211
0.159966 14.530901
0.171870 14.622968
0.183613 14.716807
0.195099 14.811436
0.206210 14.905849
0.216828 14.999403
0.226811 15.090559
0.236009 15.177630
0.244264 15.259504
0.251417 15.334082
0.257328 15.400895
0.261883 15.458086
0.265006 15.505501
0.266678 15.543029
0.266926 15.570572
0.265822 15.588204
0.263464 15.596067
0.259968 15.594680
0.255459 15.584665
0.250065 15.566534
0.243913 15.541342
0.237124 15.509711
0.229807 15.472577
0.222059 15.430636
0.213968 15.384505
0.205599 15.334742
0.197003 15.281652
0.188213 15.225430
0.179254 15.166362
0.170135 15.103959
0.160861 15.038391
0.151424 14.969552
0.141825 14.897270
0.132058 14.821312
0.122124 14.742120
0.112027 14.659644
0.101787 14.573728
0.091429 14.485046
0.080983 14.393713
0.070490 14.300489
0.059997 14.205986
0.049546 14.111124
0.039193 14.016224
0.028982 13.919767
0.018965 13.879210
0.009185 13.786250
-0.000310 13.696502
-0.009489 13.610867
-0.018312 13.529840
-0.026762 13.453885
-0.034807 13.383682
-0.042441 13.342534
-0.049642 13.283172
-0.056420 13.229747
-0.062759 13.182237
-0.068684 13.140241
-0.074185 13.103375
-0.079295 13.071618
-0.084016 13.044403
-0.088393 13.021229
-0.092431 13.001848
-0.096192 13.022632
-0.099683 13.009350
-0.102974 12.998091
-0.106069 12.987926
-0.109048 12.978805
-0.111913 12.969718
-0.114757 12.960163
-0.117573 12.949234
-0.120454 12.936475
-0.123385 12.921165
-0.126456 12.902923
-0.129643 12.881237
-0.133015 12.856168
-0.136549 12.827433
-0.140291 12.794553
-0.144218 12.757576
-0.148344 12.716432
-0.152650 12.671180
-0.157126 12.622442
-0.161744 12.569801
-0.166476 12.513822
-0.171288 12.454908
-0.176139 12.393346
-0.180987 12.329444
-0.185789 12.264214
-0.190501 12.198043
-0.195079 12.130872
-0.199479 12.063399
-0.203658 11.996082
-0.207578 11.929387
-0.211201 11.863793
-0.214491 11.799792
-0.217414 11.737879
-0.219941 11.678514
-0.222041 11.622446
-0.223686 11.570409
-0.224850 11.522960
-0.225510 11.481041
-0.225643 11.444774
-0.225230 11.415241
-0.224254 11.393662
-0.222697 11.380294
-0.220549 11.396984
-0.217797 11.400861
-0.214434 11.413278
-0.210457 11.434300
-0.205868 11.463869
-0.200668 11.502323
-0.194863 11.548849
-0.188463 11.602907
-0.181479 11.664213
-0.173931 11.732210
-0.165839 11.806499
-0.157226 11.886421
-0.148122 11.971772
-0.138554 12.062183
-0.128555 12.157274
-0.118160 12.256835
-0.107409 12.360066
-0.096338 12.466378
-0.084984 12.575058
-0.073386 12.685543
-0.061581 12.797257
-0.049603 12.909756
-0.037489 13.022545
-0.025267 13.135393
-0.012965 13.248155
-0.000606 13.360888
0.011793 13.472878
0.024218 13.584190
0.036659 13.694970
0.049111 13.804645
0.061569 13.913578
0.074035 14.021670
0.086508 14.128876
0.098993 14.235327
0.111493 14.340823
0.124012 14.445309
0.136556 14.548960
0.149129 14.651683
0.161733 14.753850
0.174371 14.855157
0.187044 14.956114
0.199751 15.056695
0.212492 15.156877
0.225270 15.256121
0.238083 15.354974
0.250940 15.453446
0.263844 15.551232
0.276801 15.648202
0.289820 15.744845
0.302911 15.841200
0.316084 15.936989
0.329351 16.032353
0.342717 16.127870
0.356189 16.223458
0.369778 16.275902
0.383492 16.373383
0.397332 16.470814
0.411303 16.568562
0.425412 16.666022
0.439668 16.763631
0.454084 16.861170
0.468680 16.958907
0.483480 17.057252
0.498517 17.156738
0.513826 17.258030
0.529449 17.361805
0.545426 17.468554
0.561799 17.578996
0.578601 17.693556
0.595857 17.812768
0.613575 17.936891
0.631739 18.083931
0.650306 18.215684
0.669185 18.351777
0.688242 18.490712
0.707282 18.630706
0.726051 18.769037
0.744241 18.902362
0.761510 19.026797
0.777513 19.137909
0.791948 19.231716
0.804587 19.221887
0.815312 19.271030
0.824116 19.296629
0.831100 19.299713
0.836451 19.282403
0.840412 19.248521
0.843249 19.201845
0.845217 19.145580
0.846543 19.083059
0.847416 19.016712
0.847976 18.948384
0.848325 18.879472
0.848527 18.810900
0.848609 18.742722
0.848582 18.675580
0.848431 18.609274
0.848127 18.543181
0.847633 18.477152
0.846915 18.410862
0.845947 18.343357
0.844715 18.274656
0.843227 18.204424
0.841505 18.132980
0.839598 18.060705
0.837561 17.988170
0.835461 17.915686
0.833366 17.844048
0.831345 17.773908
0.829461 17.706517
0.827769 17.643144
0.826327 17.583987
0.825185 17.530695
0.824395 17.484398
0.824006 17.446617
0.824061 17.418601
0.824613 17.400941
0.825708 17.394654
0.827391 17.400692
0.829701 17.419203
0.832665 17.450126
0.836302 17.493529
0.840611 17.549229
0.845573 17.617224
0.851145 17.696865
0.857251 17.787518
0.863782 17.887123
0.870581 17.993404
0.877450 18.103556
0.884132 18.214449
0.890323 18.322352
0.895668 18.422396
0.899779 18.510240
0.902257 18.580490
0.902708 18.627550
0.900785 18.646753
0.896191 18.632032
0.888675 18.576861
0.877991 18.474479
0.863801 18.318217
0.845719 18.042172
0.823731 17.777907
0.798485 17.470473
0.770980 17.131637
0.742152 16.771797
0.712737 16.400710
0.683292 16.076924
0.654229 15.701716
0.625842 15.333077
0.598331 14.974792
0.571842 14.628852
0.546467 14.297694
0.522262 13.983129
0.499263 13.686084
0.477488 13.407950
0.456945 13.150253
0.437634 12.913991
0.419553 12.700515
0.402693 12.509245
0.387043 12.341894
0.372593 12.198417
0.359328 12.078033
0.347232 11.979746
0.336292 11.900555
0.326492 11.839526
0.317815 11.794674
0.310243 11.764397
0.303752 11.777611
0.298320 11.771568
0.293921 11.776655
0.290524 11.792013
0.288102 11.817312
0.286618 11.851172
0.286037 11.893551
0.286322 11.943324
0.287433 11.999970
0.289327 12.062667
0.291961 12.130805
0.295290 12.203756
0.299273 12.280940
0.303866 12.361978
0.309026 12.446970
0.314716 12.535351
0.320903 12.627065
0.327555 12.721674
0.334646 12.818229
0.342155 12.916458
0.350065 13.016084
0.358365 13.116908
0.367050 13.218889
0.376114 13.322608
0.385552 13.427786
0.395362 13.534413
0.405534 13.642728
0.416045 13.732177
0.426864 13.843196
0.437941 13.956478
0.449198 14.070704
0.460539 14.184824
0.471837 14.297630
0.482927 14.407179
0.493616 14.511491
0.503670 14.608837
0.512829 14.696919
0.520813 14.773532
0.527344 14.836765
0.532140 14.884900
0.534961 14.915235
0.535631 14.926759
0.534074 14.918426
0.530308 14.890110
0.524434 14.842341
0.516634 14.776639
0.507109 14.694736
0.496067 14.598202
0.483686 14.488566
0.470121 14.367500
0.455523 14.236341
0.440047 14.096897
0.423869 13.950659
0.407176 13.799864
0.390167 13.647029
0.373039 13.495074
0.355983 13.346758
0.339170 13.205490
0.322756 13.073760
0.306872 12.955684
0.291623 12.852566
0.277090 12.763838
0.263334 12.688180
0.250388 12.626070
0.238274 12.575560
0.226991 12.535937
0.216523 12.506075
0.206837 12.485074
0.197889 12.472249
0.189616 12.466718
0.181952 12.467196
0.174819 12.472987
0.168133 12.483053
0.161805 12.496032
0.155745 12.511096
0.149867 12.524356
0.144087 12.540595
0.138335 12.556254
0.132548 12.571102
0.126673 12.584064
0.120665 12.594206
0.114494 12.601354
0.108131 12.605201
0.101551 12.605516
0.094734 12.602390
0.087656 12.588932
0.080296 12.577750
0.072625 12.562522
0.064623 12.543098
0.056264 12.519183
0.047528 12.490822
0.038396 12.457826
0.028868 12.420669
0.018955 12.379415
0.008682 12.334289
-0.001906 12.286175
-0.012758 12.235756
-0.023808 12.184018
-0.034983 12.131745
-0.046209 12.079277
-0.057416 12.027517
-0.068536 11.976912
-0.079510 11.928213
-0.090289 11.881076
-0.100833 11.836749
-0.111109 11.795129
-0.121093 11.756560
-0.130771 11.720872
-0.140134 11.688552
-0.149171 11.658883
-0.157877 11.632484
-0.166239 11.579250
-0.174244 11.558497
-0.181876 11.540912
-0.189117 11.527020
-0.195946 11.517086
-0.202337 11.511154
-0.208263 11.509350
-0.213701 11.511722
-0.218627 11.518190
-0.223023 11.528761
-0.226874 11.543462
-0.230172 11.562393
-0.232912 11.585403
-0.235098 11.612655
-0.236740 11.643633
-0.237856 11.678298
-0.238475 11.716027
-0.238635 11.756361
-0.238385 11.798906
-0.237781 11.842955
-0.236890 11.888474
-0.235783 11.934368
-0.234534 11.980026
-0.233215 12.025142
-0.231894 12.068592
-0.230625 12.110435
-0.229447 12.121925
-0.228390 12.158400
-0.227465 12.192234
-0.226676 12.223966
-0.226018 12.252681
-0.225478 12.278917
-0.225039 12.302627
-0.224681 12.324020
-0.224384 12.343168
-0.224132 12.360054
-0.223903 12.374699
-0.223681 12.387176
-0.223446 12.397774
-0.223180 12.406225
-0.222865 12.413114
-0.222483 12.418578
-0.222015 12.422351
-0.221442 12.425062
-0.220745 12.426122
-0.219906 12.426097
-0.218910 12.425406
-0.217740 12.423833
-0.216380 12.421611
-0.214823 12.418961
-0.213063 12.415990
-0.211096 12.412468
-0.208924 12.408713
-0.206553 12.404623
-0.203995 12.400277
-0.201261 12.394666
-0.198367 12.388451
-0.195334 12.381101
-0.192184 12.372705
-0.188940 12.363026
-0.185629 12.352420
-0.182273 12.340008
-0.178903 12.325937
-0.175541 12.309851
-0.172210 12.291799
-0.168935 12.271690
-0.165736 12.249445
-0.162633 12.225339
-0.159642 12.199479
-0.156776 12.171904
-0.154048 12.143461
-0.151462 12.114309
-0.149023 12.084975
-0.146721 12.055946
-0.144544 12.027560
-0.142477 12.000603
-0.140495 11.979557
-0.138572 11.956153
-0.136675 11.935502
-0.134763 11.918348
-0.132796 11.904671
-0.130736 11.895426
-0.128539 11.891913
-0.126167 11.894582
-0.123584 11.903205
-0.120755 11.918627
-0.117647 11.941606
-0.114231 11.972101
-0.110484 12.009975
-0.106385 12.097797
-0.101921 12.149100
-0.097078 12.207369
-0.091847 12.271977
-0.086227 12.343341
-0.080219 12.420952
-0.073830 12.504056
-0.067072 12.591956
-0.059958 12.683695
-0.052511 12.778512
-0.044751 12.875928
-0.036704 12.975211
-0.028398 13.075789
-0.019866 13.177308
-0.011141 13.278596
-0.002262 13.379373
0.006724 13.479085
0.015762 13.576966
0.024783 13.672422
0.033701 13.764401
0.042408 13.851423
0.050779 13.932812
0.058663 14.006161
0.065882 14.069854
0.072242 14.121119
0.077529 14.157333
0.081522 14.176356
0.084006 14.175438
0.084799 14.153454
0.083793 14.109992
0.080984 14.046043
0.076474 13.962589
0.070452 13.862910
0.063164 13.749739
0.054884 13.626109
0.045898 13.495391
0.036484 13.360777
0.026904 13.225492
0.017394 13.091822
0.008153 12.962881
-0.000648 12.840233
-0.008880 12.725748
-0.016440 12.620940
-0.023255 12.525959
-0.029277 12.441419
-0.034477 12.367021
-0.038842 12.303041
-0.042373 12.249638
-0.045081 12.206309
-0.046988 12.172226
-0.048124 12.146870
-0.048520 12.129543
-0.048211 12.119750
-0.047236 12.116988
-0.045629 12.140602
-0.043423 12.149495
-0.040647 12.163739
-0.037328 12.183492
-0.033493 12.208266
-0.029167 12.238110
-0.024376 12.273251
-0.019151 12.313391
-0.013529 12.358295
-0.007561 12.407912
-0.001310 12.460380
0.005142 12.514618
0.011693 12.569186
0.018217 12.622493
0.024571 12.673098
0.030592 12.719348
0.036115 12.759602
0.040969 12.792164
0.044995 12.815258
0.048056 12.828047
0.050038 12.829577
0.050874 12.819626
0.050578 12.799529
0.049267 12.770815
0.047127 12.735335
0.044380 12.696048
0.041231 12.654705
0.037847 12.612958
0.034362 12.572414
0.030873 12.533704
0.027439 12.497504
0.024097 12.464503
0.020859 12.434673
0.017715 12.408174
0.014647 12.384082
0.011632 12.362901
0.008641 12.335586
0.005644 12.318884
0.002614 12.304253
-0.000477 12.291128
-0.003654 12.279758
-0.006935 12.269062
-0.010337 12.258778
-0.013875 12.248648
-0.017561 12.238456
-0.021409 12.227777
-0.025425 12.216943
-0.029618 12.205430
-0.033996 12.193281
-0.038565 12.179997
-0.043332 12.165539
-0.048302 12.149574
-0.053479 12.131913
-0.058872 12.112124
-0.064474 12.090416
-0.070285 12.066742
-0.076298 12.041358
-0.082506 12.014454
-0.088901 11.985794
-0.095470 11.970170
-0.102202 11.938612
-0.109083 11.906412
-0.116101 11.873723
-0.123241 11.820277
-0.130491 11.787929
-0.137837 11.755565
-0.145262 11.723385
-0.152753 11.691461
-0.160297 11.659349
-0.167878 11.627029
-0.175484 11.594554
-0.183101 11.561662
-0.190714 11.528200
-0.198310 11.494641
-0.205874 11.460031
-0.213391 11.425539
-0.220842 11.390933
-0.228210 11.356309
-0.235472 11.321842
-0.242609 11.288795
-0.249598 11.254490
-0.256416 11.220691
-0.263041 11.187646
-0.269448 11.155604
-0.275619 11.124557
-0.281534 11.095150
-0.287178 11.067416
-0.292541 11.041175
-0.297615 11.016722
-0.302399 10.994016
-0.306897 10.972873
-0.311123 10.953107
-0.315096 10.934282
-0.318845 10.916281
-0.322397 10.898370
-0.325790 10.880228
-0.329066 10.861035
-0.332268 10.840370
-0.335441 10.817688
-0.338623 10.793122
-0.341848 10.765725
-0.345143 10.735386
-0.348515 10.702251
-0.351963 10.666416
-0.355476 10.628096
-0.359025 10.587789
-0.362572 10.545729
-0.366069 10.502892
-0.369464 10.459735
-0.372696 10.417008
-0.375711 10.375888
-0.378447 10.336763
-0.380849 10.300352
-0.382860 10.229241
-0.384429 10.198184
-0.385506 10.171603
-0.386046 10.150154
-0.386006 10.134477
-0.385347 10.124437
-0.384035 10.120290
-0.382038 10.122658
-0.379325 10.131538
-0.375870 10.148220
-0.371651 10.171236
-0.366648 10.201136
-0.360840 10.238067
-0.354218 10.282659
-0.346768 10.333924
-0.338483 10.392494
-0.329362 10.458360
-0.319411 10.531702
-0.308634 10.612563
-0.297052 10.700466
-0.284691 10.795558
-0.271590 10.896976
-0.257796 11.003902
-0.243376 11.115748
-0.228399 11.323600
-0.212953 11.443713
-0.197133 11.566986
-0.181038 11.692157
-0.164766 11.818536
-0.148407 11.944754
-0.132035 12.070269
-0.115715 12.194330
-0.099491 12.316593
-0.083399 12.440225
-0.067471 12.557437
-0.051735 12.671453
-0.036216 12.824396
-0.020946 12.930826
-0.005958 13.032951
0.008717 13.130211
0.023052 13.222599
0.037034 13.310121
0.050665 13.393092
0.063959 13.471617
0.076945 13.546220
0.089660 13.616955
0.102141 13.684403
0.114427 13.749318
0.126546 13.811711
0.138520 13.827238
0.150349 13.884540
0.162021 13.939652
0.173499 13.991778
0.184719 14.040205
0.195590 14.084610
0.206002 14.123395
0.215823 14.155581
0.224917 14.179812
0.233153 14.194283
0.240431 14.198159
0.246683 14.190732
0.251894 14.171610
0.256101 14.141580
0.259388 14.101645
0.261867 14.053064
0.263676 13.997611
0.264959 13.937221
0.265848 13.873171
0.266458 13.806906
0.266885 13.739805
0.267199 13.673059
0.267451 13.607770
0.267667 13.545074
0.267867 13.485512
0.268055 13.429570
0.268228 13.377349
0.268378 13.330621
0.268493 13.289067
0.268551 13.253473
0.268536 13.223409
0.268418 13.198739
0.268161 13.178953
0.267719 13.162314
0.267039 13.147647
0.266063 13.133520
0.264731 13.119044
0.262989 13.103474
0.260792 13.085809
0.258107 13.065676
0.254920 13.042657
0.251228 13.016248
0.247042 12.986556
0.242384 12.953609
0.237285 12.917909
0.231781 12.879594
0.225914 12.839120
0.219725 12.796969
0.213259 12.753600
0.206561 12.709172
0.199673 12.664664
0.192630 12.620288
0.185466 12.576261
0.178215 12.533707
0.170901 12.491826
0.163550 12.451520
0.156182 12.413213
0.148814 12.376315
0.141462 12.341274
0.134144 12.307957
0.126875 12.217732
0.119674 12.187773
0.112560 12.159447
0.105559 12.132333
0.098698 12.107494
0.092013 12.084690
0.085537 12.064008
0.079306 12.045705
0.073361 12.029850
0.067740 12.023085
0.062482 12.013181
0.057624 12.007118
0.053199 12.005302
0.049236 12.008134
0.045756 12.015890
0.042773 12.028506
0.040294 12.046333
0.038322 12.068848
0.036848 12.096145
0.035862 12.127876
0.035350 12.163842
0.035297 12.203652
0.035689 12.247037
0.036519 12.294619
0.037780 12.345999
0.039474 12.400973
0.041606 12.459716
0.044183 12.522272
0.047217 12.588789
0.050717 12.659352
0.054690 12.733522
0.059146 12.812286
0.064084 12.894967
0.069496 12.981346
0.075369 13.071258
0.081673 13.164331
0.088374 13.260315
0.095425 13.358773
0.102768 13.458971
0.110337 13.560575
0.118059 13.662096
0.125859 13.762536
0.133662 13.861131
0.141396 13.956676
0.148993 14.107235
0.156396 14.191964
0.163561 14.271085
0.170454 14.344767
0.177055 14.412222
0.183348 14.473380
0.189322 14.527724
0.194980 14.575347
0.200320 14.616134
0.205342 14.650010
0.210044 14.677100
0.214428 14.697647
0.218493 14.711452
0.222244 14.718793
0.225685 14.719734
0.228826 14.714836
0.231676 14.704302
0.234245 14.688383
0.236546 14.667441
0.238584 14.642159
0.240368 14.612451
0.241897 14.578565
0.243170 14.542281
0.244174 14.503075
0.244890 14.460973
0.245293 14.416165
0.245345 14.368160
0.245008 14.317162
0.244240 14.244923
0.243002 14.187621
0.241256 14.127282
0.238979 14.063703
0.236165 13.997241
0.232835 13.928437
0.229034 13.857963
0.224830 13.786643
0.220306 13.715262
0.215561 13.644715
0.210694 13.576590
0.205809 13.511440
0.201009 13.459385
0.196392 13.402860
0.192054 13.352601
0.188077 13.309430
0.184534 13.273830
0.181485 13.246342
0.178976 13.227213
0.177035 13.216205
0.175690 13.213386
0.174950 13.218401
0.174822 13.230739
0.175303 13.249777
0.176383 13.275547
0.178047 13.308040
0.180274 13.346844
0.183037 13.373154
0.186295 13.425211
0.190001 13.482070
0.194097 13.543359
0.198505 13.607709
0.203145 13.674381
0.207919 13.742696
0.212720 13.811380
0.217432 13.879294
0.221933 13.944935
0.226092 14.007285
0.229780 14.064797
0.232862 14.115579
0.235205 14.158315
0.236673 14.191643
0.237138 14.213796
0.236478 14.223665
0.234580 14.220175
0.231346 14.202208
0.226700 14.169287
0.220591 14.120921
0.212996 14.056575
0.203923 13.976846
0.193417 13.882277
0.181551 13.773698
0.168430 13.652200
0.154179 13.519273
0.138944 13.375990
0.122879 13.224078
0.106142 13.064665
0.088891 12.899314
0.071278 12.729436
0.053447 12.556375
0.035534 12.381648
0.017665 12.206592
-0.000040 12.032491
-0.017478 11.860336
-0.034551 11.691184
-0.051171 11.526251
-0.067265 11.366855
-0.082766 11.212739
-0.097622 11.065516
-0.111787 10.925911
-0.125227 10.794055
-0.137916 10.670500
-0.149837 10.555790
-0.160978 10.450162
-0.171336 10.353849
-0.180910 10.266706
-0.189710 10.188642
-0.197744 10.119167
-0.205026 10.058160
-0.211568 10.005204
-0.217388 9.960294
-0.222499 9.922857
-0.226921 9.892916
-0.230670 9.847500
-0.233764 9.831367
-0.236218 9.822051
-0.238052 9.818968
-0.239278 9.821761
-0.239920 9.830093
-0.239990 9.843422
-0.239512 9.862366
-0.238498 9.886714
-0.236976 9.916175
-0.234960 9.951192
-0.232477 9.991466
-0.229548 10.036577
-0.226205 10.086664
-0.222469 10.141077
-0.218381 10.199312
-0.213964 10.261064
-0.209263 10.325735
-0.204305 10.393102
-0.199139 10.462966
-0.193789 10.534681
-0.188304 10.607791
-0.182713 10.682361
-0.177062 10.757951
-0.171379 10.834589
-0.165710 10.912041
-0.160083 11.013497
-0.154534 11.091351
-0.149093 11.169410
-0.143792 11.247315
-0.138665 11.324932
-0.133744 11.401589
-0.129067 11.477025
-0.124679 11.550871
-0.120634 11.622952
-0.116995 11.692272
-0.113835 11.758452
-0.111240 11.820588
-0.109299 11.878619
-0.108107 11.931450
-0.107747 11.982594
-0.108297 12.023337
-0.109813 12.056268
-0.112326 12.080743
-0.115831 12.096875
-0.120285 12.104891
-0.125613 12.105346
-0.131708 12.099537
-0.138441 12.088506
-0.145672 12.073204
-0.153257 12.054530
-0.161069 12.033752
-0.169002 12.010770
-0.176965 11.986385
-0.184897 11.960374
-0.192766 11.932646
-0.200557 11.880897
-0.208274 11.849017
-0.215934 11.814095
-0.223560 11.775843
-0.231184 11.733790
-0.238836 11.687027
-0.246543 11.635438
-0.254326 11.579029
-0.262192 11.518092
-0.270128 11.452995
-0.278106 11.383537
-0.286083 11.310192
-0.294010 11.203221
-0.301828 11.124198
-0.309472 11.043383
-0.316882 10.961465
-0.324002 10.879379
-0.330783 10.797945
-0.337184 10.717776
-0.343172 10.639258
-0.348726 10.562661
-0.353831 10.487955
-0.358484 10.416099
-0.362683 10.346664
-0.366440 10.279933
-0.369760 10.215745
-0.372660 10.153695
-0.375147 10.094547
-0.377232 10.038346
-0.378918 9.985174
-0.380206 9.935854
-0.381093 9.890226
-0.381569 9.849212
-0.381622 9.813776
-0.381233 9.785133
-0.380379 9.764188
-0.379038 9.751566
-0.377184 9.748195
-0.374790 9.755028
-0.371834 9.773442
-0.368296 9.805020
-0.364159 9.850951
-0.359413 9.911572
-0.354051 9.985979
-0.348072 10.072939
-0.341484 10.171000
-0.334305 10.278563
-0.326560 10.394528
-0.318280 10.518587
-0.309511 10.649502
-0.300308 10.785264
-0.290745 10.924870
-0.280912 11.066691
-0.270916 11.208822
-0.260885 11.349722
-0.250966 11.487641
-0.241326 11.620511
-0.232134 11.745857
-0.223565 11.861554
-0.215786 11.965443
-0.208945 12.055649
-0.203158 12.130602
-0.198505 12.189323
-0.195020 12.231379
-0.192697 12.256812
-0.191488 12.266451
-0.191317 12.261367
-0.192082 12.242967
-0.193674 12.212892
-0.195975 12.172127
-0.198872 12.123055
-0.202259 12.067054
-0.206035 12.004964
-0.210117 11.947594
-0.214430 11.878138
-0.218916 11.805553
-0.223524 11.731009
-0.228226 11.654896
-0.233000 11.577716
-0.237844 11.500549
-0.242758 11.423310
-0.247751 11.346654
-0.252826 11.271072
-0.257982 11.197136
-0.263204 11.124828
-0.268463 11.054778
-0.273726 10.987515
-0.278957 10.923006
-0.284110 10.861474
-0.289149 10.803035
-0.294036 10.748454
-0.298742 10.698110
-0.303244 10.651936
-0.307521 10.611814
-0.311561 10.577167
-0.315354 10.547972
-0.318897 10.525123
-0.322193 10.508301
-0.325244 10.497067
-0.328060 10.491178
-0.330651 10.490174
-0.333035 10.493870
-0.335228 10.501467
-0.337250 10.512306
-0.339112 10.525351
-0.340835 10.540775
-0.342432 10.556723
-0.343909 10.566868
-0.345280 10.583498
-0.346565 10.600324
-0.347793 10.616187
-0.349015 10.630618
-0.350288 10.642784
-0.351646 10.652306
-0.353092 10.659084
-0.354586 10.663428
-0.356070 10.665475
-0.357474 10.665803
-0.358741 10.664791
-0.359828 10.662962
-0.360709 10.660878
-0.361363 10.659130
-0.361764 10.658594
-0.361867 10.659539
-0.361620 10.663347
-0.360966 10.670383
-0.359845 10.681762
-0.358206 10.697348
-0.356005 10.710732
-0.353209 10.739407
-0.349793 10.774661
-0.345748 10.816664
-0.341075 10.865363
-0.335791 10.920601
-0.329932 10.981969
-0.323549 11.049105
-0.316714 11.120963
-0.309513 11.196739
-0.302053 11.275378
-0.294454 11.355807
-0.286842 11.436472
-0.279344 11.516135
-0.272077 11.593354
-0.265130 11.666892
-0.258567 11.735998
-0.252420 11.800345
-0.246690 11.859595
-0.241360 11.914616
-0.236395 11.964945
-0.231768 12.011436
-0.227464 12.054004
-0.223498 12.092442
-0.219919 12.126631
-0.216807 12.155635
-0.214274 12.178882
-0.212442 12.194581
-0.211431 12.201705
-0.211331 12.199079
-0.212199 12.186062
-0.214040 12.167071
-0.216806 12.133960
-0.220400 12.092101
-0.224688 12.043335
-0.229502 11.989457
-0.234664 11.932736
-0.239986 11.875287
-0.245292 11.818808
-0.250422 11.765386
-0.255245 11.716196
-0.259652 11.672581
-0.263560 11.634549
-0.266913 11.602768
-0.269675 11.577832
-0.271828 11.559296
-0.273380 11.546955
-0.274349 11.540278
-0.274770 11.539134
-0.274691 11.542153
-0.274171 11.548730
-0.273276 11.558127
-0.272074 11.569330
-0.270632 11.581486
-0.269015 11.568668
-0.267281 11.579686
-0.265474 11.589863
-0.263633 11.598442
-0.261785 11.605061
-0.259945 11.609899
-0.258114 11.612859
-0.256285 11.613868
-0.254436 11.613094
-0.252542 11.611310
-0.250576 11.607952
-0.248518 11.604021
-0.246348 11.599299
-0.244058 11.594040
-0.241647 11.587888
-0.239132 11.580816
-0.236520 11.572752
-0.233835 11.563112
-0.231101 11.624809
-0.228344 11.613698
-0.225581 11.600936
-0.222831 11.586637
-0.220098 11.571398
-0.217388 11.555539
-0.214690 11.539563
-0.211990 11.524626
-0.209267 11.511426
-0.206494 11.501215
-0.203640 11.494555
-0.200670 11.493173
-0.197553 11.498923
-0.194256 11.510747
-0.190749 11.528218
-0.187004 11.551007
-0.182996 11.579109
-0.178704 11.612482
-0.174112 11.651354
-0.169205 11.695779
-0.163975 11.745547
-0.158415 11.800582
-0.152528 11.860793
-0.146319 11.860959
-0.139802 11.964527
-0.132993 12.038471
-0.125915 12.115958
-0.118597 12.196259
-0.111071 12.278983
-0.103377 12.363742
-0.095552 12.449864
-0.087639 12.536693
-0.079680 12.623738
-0.071722 12.710649
-0.063821 12.796563
-0.056040 12.881465
-0.048456 12.964707
-0.041161 13.045315
-0.034283 13.122322
-0.027982 13.194018
-0.022454 13.259014
-0.017919 13.315565
-0.014589 13.361072
-0.012625 13.394282
-0.012118 13.413617
-0.013101 13.418528
-0.015557 13.408668
-0.019437 13.384162
-0.024680 13.345246
-0.031215 13.292375
-0.038975 13.225529
-0.047889 13.145211
-0.057883 13.051829
-0.068868 12.946226
-0.080727 12.853291
-0.093305 12.726880
-0.106408 12.593412
-0.119825 12.455285
-0.133342 12.314819
-0.146764 12.174325
-0.159919 12.035428
-0.172667 11.899561
-0.184896 11.767987
-0.196521 11.642267
-0.207476 11.510690
-0.217721 11.397220
-0.227227 11.290753
-0.235990 11.191436
-0.244010 11.099337
-0.251307 11.014490
-0.257903 10.937129
-0.263838 10.867436
-0.269153 10.804556
-0.273899 10.747585
-0.278129 10.696098
-0.281904 10.650069
-0.285279 10.609329
-0.288316 10.574012
-0.291077 10.544680
-0.293617 10.520943
-0.295990 10.501851
-0.298246 10.485650
-0.300430 10.470208
-0.302580 10.454760
-0.304727 10.438848
-0.306894 10.421204
-0.309097 10.400924
-0.311347 10.377884
-0.313649 10.352087
-0.316003 10.323612
-0.318400 10.292762
-0.320828 10.259786
-0.323269 10.225086
-0.325696 10.189613
-0.328079 10.153977
-0.330383 10.118850
-0.332564 10.085052
-0.334574 10.053569
-0.336361 10.024856
-0.337872 9.999847
-0.339046 9.979419
-0.339826 9.964537
-0.340153 9.956121
-0.339972 9.954790
-0.339229 9.961336
-0.337874 9.975832
-0.335868 9.998261
-0.333175 10.028745
-0.329768 10.067829
-0.325632 10.115264
-0.320761 10.170340
-0.315160 10.232766
-0.308847 10.303180
-0.301852 10.379967
-0.294216 10.462606
-0.285991 10.550327
-0.277240 10.642126
-0.268032 10.737434
-0.258446 10.834972
-0.248564 10.934000
-0.238472 11.032979
-0.228258 11.131102
-0.218003 11.227589
-0.207794 11.321632
-0.197700 11.412957
-0.187786 11.501301
-0.178108 11.585480
-0.168706 11.665159
-0.159614 11.740136
-0.150851 11.810439
-0.142426 11.875886
-0.134339 11.936988
-0.126581 11.994038
-0.119135 12.047328
-0.111982 12.097171
-0.105097 12.143947
-0.098460 12.188884
-0.092051 12.236517
-0.085856 12.278279
-0.079860 12.319234
-0.074058 12.359668
-0.068443 12.399760
-0.063016 12.439324
-0.057773 12.479165
-0.052714 12.519193
-0.047832 12.559448
-0.043125 12.599752
-0.038588 12.640026
-0.034217 12.679978
-0.030012 12.720144
-0.025980 12.759035
-0.022124 12.797183
-0.018465 12.834086
-0.015027 12.869433
-0.011846 12.903831
-0.008968 12.935826
-0.006452 12.963968
-0.004367 12.987266
-0.002795 13.003859
-0.001824 13.013552
-0.001547 13.014626
-0.002054 13.005867
-0.003427 12.986623
-0.005737 12.955689
-0.009032 12.913357
-0.013340 12.858644
-0.018662 12.792368
-0.024979 12.714924
-0.032258 12.626936
-0.040451 12.543216
-0.049497 12.435654
-0.059326 12.320076
-0.069856 12.197867
-0.080985 12.070488
-0.092604 11.940449
-0.104581 11.810589
-0.116779 11.683565
-0.129051 11.561603
-0.141255 11.446394
-0.153255 11.339299
-0.164932 11.240396
-0.176186 11.150243
-0.186933 11.069096
-0.197108 10.997579
-0.206676 10.935752
-0.215606 10.883236
-0.223901 10.839530
-0.231577 10.804172
-0.238669 10.776439
-0.245234 10.755614
-0.251352 10.739588
-0.257115 10.727436
-0.262636 10.717178
-0.268039 10.707070
-0.273455 10.695168
-0.279019 10.679953
-0.284857 10.659583
-0.291078 10.632391
-0.297766 10.597482
-0.304972 10.554053
-0.312703 10.501687
-0.320929 10.440256
-0.329582 10.370837
-0.338571 10.294142
-0.347787 10.211469
-0.357109 10.123791
-0.366417 10.032715
-0.375592 9.939574
-0.384522 9.845828
-0.393105 9.752816
-0.401252 9.661933
-0.408886 9.574401
-0.415940 9.490669
-0.422361 9.411471
-0.428109 9.337326
-0.433142 9.268893
-0.437435 9.206607
-0.440967 9.150536
-0.443728 9.101107
-0.445709 9.058852
-0.446909 9.023585
-0.447331 8.995474
-0.446979 8.975045
-0.445862 8.961744
-0.443991 8.955695
-0.441379 8.956387
-0.438042 8.963994
-0.433992 8.978163
-0.429242 8.999110
-0.423806 9.026301
-0.417697 9.059615
-0.410926 9.099183
-0.403506 9.145029
-0.395448 9.197253
-0.386766 9.255590
-0.377471 9.319715
-0.367573 9.390295
-0.357087 9.466694
-0.346027 9.549348
-0.334414 9.637943
-0.322269 9.732961
-0.309625 9.834004
-0.296516 9.941033
-0.282991 10.053863
-0.269111 10.171827
-0.254949 10.295242
-0.240594 10.423490
-0.226150 10.556052
-0.211738 10.691434
-0.197493 10.841799
-0.183551 10.978835
-0.170047 11.114982
-0.157101 11.266163
-0.144802 11.398257
-0.133203 11.526766
-0.122324 11.650941
-0.112153 11.770635
-0.102654 11.885846
-0.093778 11.996939
-0.085474 12.104061
-0.077692 12.207519
-0.070395 12.307802
-0.063559 12.404909
-0.057181 12.498760
-0.051278 12.589092
-0.045888 12.675316
-0.041070 12.757005
-0.036885 12.833429
-0.033406 12.904428
-0.030698 12.969279
-0.028819 13.028053
-0.027818 13.080372
-0.027733 13.105899
-0.028596 13.145067
-0.030420 13.177980
-0.033210 13.204746
-0.036958 13.225331
-0.041636 13.239983
-0.047207 13.248929
-0.053623 13.251763
-0.060820 13.249346
-0.068725 13.242114
-0.077258 13.230786
-0.086324 13.215249
-0.095822 13.196492
-0.105638 13.175588
-0.115642 13.153572
-0.125701 13.131093
-0.135669 13.109520
-0.145397 13.090585
-0.154737 13.076050
-0.163543 13.067108
-0.171690 13.065484
-0.179076 13.072025
-0.185633 13.088070
-0.191342 13.114078
-0.196231 13.149567
-0.200398 13.193659
-0.204011 13.244692
-0.207309 13.300210
-0.210595 13.354766
-0.214210 13.403208
-0.218486 13.440890
-0.223698 13.464403
-0.230041 13.470204
-0.237635 13.456304
-0.246541 13.420611
-0.256757 13.362134
-0.268224 13.281144
-0.280798 13.180261
-0.294252 13.062716
-0.308295 12.931918
-0.322622 12.792090
-0.336960 12.646665
-0.351097 12.498985
-0.364885 12.351835
