Vs+E_c p
78.295489 469.213581
75.914004 340.977658
71.706454 321.695215
67.637579 302.884239
63.848070 285.602866
60.453787 270.252909
57.318884 256.456639
54.518754 244.010086
51.901349 232.751425
49.555754 222.529154
47.332556 213.206692
45.334670 204.674198
43.429120 196.850600
41.717903 189.664424
40.073950 183.053165
38.597747 176.960319
37.169289 171.338050
35.887966 166.143349
34.639605 161.339802
33.522179 156.894477
32.426349 152.779304
31.448667 148.968582
30.484026 145.441208
29.627893 142.178140
28.779494 139.165191
28.034429 136.391295
27.295322 133.850314
26.648838 131.529104
25.990847 129.391442
25.412527 127.403394
24.821988 125.557053
24.309316 123.846941
23.781817 122.265329
23.327160 120.801960
22.854178 119.447388
22.449600 118.191798
22.023857 117.026971
21.662738 115.944479
21.278014 114.937053
20.954607 113.997333
20.605499 113.119147
20.314853 112.295999
19.996735 111.522947
19.734640 110.794600
19.443593 110.106983
19.206476 109.455765
18.939151 108.837874
18.723947 108.249583
18.477440 107.688433
18.281453 107.151242
18.053175 106.635655
17.873969 106.138582
17.661553 105.658002
17.496891 105.191139
17.298162 104.736318
17.145996 104.290781
16.958987 103.852696
16.817495 103.419713
16.640483 102.990614
16.508103 102.563228
16.339655 102.136433
16.215131 101.709049
16.054125 101.280273
15.936511 100.849195
15.782121 100.415854
15.670738 99.979625
15.522390 102.112786
15.416786 102.358193
15.274105 102.331461
15.174006 101.856353
15.036779 101.381492
14.942051 100.906929
14.810188 101.250863
14.720809 101.197700
14.594330 100.716684
14.510382 100.239294
14.389411 99.766865
14.311084 99.299824
14.195864 98.839546
14.123477 98.386692
14.014386 97.942832
13.948394 97.882452
13.845950 97.854113
13.786947 97.442186
13.691807 97.045965
13.640524 97.292044
13.553470 97.544359
13.510737 97.203884
13.432620 96.887739
13.399314 96.597576
13.331039 96.335795
13.308139 96.104466
13.250788 95.906079
13.239468 95.742561
13.194229 95.851026
13.195554 95.763202
13.163097 95.774891
13.177013 95.638077
13.156456 95.686462
13.181682 95.776114
13.171999 95.938829
13.208003 96.098535
13.208887 96.426305
13.255277 96.777033
13.266165 97.057839
13.322283 97.169334
13.342500 97.017010
13.407692 97.389534
13.436619 97.792810
13.510318 98.225393
13.547444 98.686754
13.629195 99.175643
13.674125 99.691803
13.763588 100.234232
13.816030 100.802914
13.912957 101.397076
13.972689 102.016881
14.076866 102.661710
14.143671 103.331674
14.254856 104.026328
14.328442 104.746356
14.446266 105.490809
14.526164 106.259284
14.650046 107.050376
14.735541 107.863790
14.864596 108.697981
14.954622 109.551978
15.087594 110.423318
15.180694 111.310521
15.315922 112.210779
15.410236 113.121552
15.545668 114.039053
15.638972 114.960147
15.772230 115.880302
15.862024 116.795976
15.990523 117.701478
16.074183 118.592789
16.195297 119.464412
16.270225 120.311722
16.381432 121.129529
16.445247 121.913354
16.544323 122.657990
16.594980 123.359697
16.680093 124.013560
16.715989 124.616152
16.785775 125.162980
16.805802 125.652349
16.859401 126.080185
16.862942 126.445205
16.899972 126.744745
16.886869 126.978532
16.907376 127.145127
16.877864 127.244977
16.882250 127.277686
16.836883 127.244493
16.825833 127.145975
16.765414 126.984193
16.739823 126.760152
16.665322 126.476351
16.626219 126.134120
16.538716 125.736187
16.487211 125.284266
16.387835 124.781188
16.325068 124.228870
16.214962 123.630098
16.142069 122.986823
16.022358 122.301888
15.940440 121.577105
15.812203 120.815283
15.722312 120.018185
15.586572 119.188493
15.489695 118.327761
15.347411 117.438573
15.244468 116.522350
15.096519 115.581504
14.988356 114.617321
14.835563 113.632061
14.722962 112.626720
14.566072 111.603628
14.449748 110.563771
14.289449 109.509091
14.170056 108.440393
14.006968 107.359485
13.885100 106.267185
13.719796 105.165289
13.595996 104.054296
13.428994 102.935754
13.303756 101.810324
13.135530 100.679345
13.009302 99.543404
12.840284 98.403795
12.713480 97.260896
12.544064 96.115972
12.417056 94.969501
12.247600 93.822311
12.120731 92.674824
11.951568 91.528142
11.825153 90.382454
11.656585 89.238787
11.530913 88.097244
11.363218 86.958866
11.238553 85.823446
11.071987 84.692249
10.948578 83.565394
10.783382 82.443419
10.661455 81.326610
10.497851 80.215616
10.377620 79.110400
10.215813 78.011758
10.097472 76.919579
9.937655 75.834697
9.821390 74.756892
9.663744 73.686907
9.549729 72.624550
9.394428 71.570635
9.282833 70.524940
9.130041 69.488109
9.021023 68.460033
8.870897 67.441081
8.764604 66.909928
8.617295 65.903002
8.513880 64.905743
8.369541 63.918867
8.269147 62.941827
8.127921 61.975518
8.030686 61.019649
7.892713 60.074597
7.798775 59.140355
7.664197 58.217131
7.573697 57.304953
7.442657 57.062504
7.355736 56.162797
7.228379 55.275237
7.145178 54.399580
7.021649 53.536382
6.942310 52.685602
6.822754 51.847712
6.747421 51.022703
6.631986 50.211129
6.560805 49.412817
6.449642 48.628352
6.382765 47.857787
6.276027 47.101761
6.213601 46.360252
6.111444 45.633746
6.053626 44.922580
5.956209 44.227296
5.903158 43.548022
5.810645 42.885460
5.762520 42.240067
5.675073 41.612603
5.632029 41.003297
5.549814 40.413214
5.512018 39.842663
5.435200 39.293005
5.402817 38.764773
5.331565 38.259109
5.304759 37.776887
5.239242 37.319406
5.218177 36.887690
5.158568 36.483157
5.143419 36.106930
5.089897 35.760479
5.080838 35.445000
5.033586 35.161885
5.030803 34.912045
4.990013 34.697092
4.993692 34.517990
4.959542 34.375840
4.969834 34.271601
4.942447 34.206178
4.959417 34.180166
4.938780 34.194138
4.962288 34.247987
4.948087 34.341451
4.977568 34.472862
4.968911 34.640763
5.003030 34.840931
4.998032 35.068504
5.034234 35.316246
5.029599 35.574961
5.063840 35.833143
5.054882 36.078053
5.081993 36.295643
5.063258 36.472241
5.077611 36.593390
5.043380 36.643573
5.039398 36.606720
4.984833 36.470262
4.959218 36.226964
4.883103 35.875420
4.836492 35.418116
4.740590 34.859355
4.675243 34.203698
4.562169 33.457737
4.481514 32.631994
4.356432 31.743235
4.267729 30.811497
4.139046 29.857312
4.050300 28.898465
3.924689 27.949221
3.841035 27.019367
3.722239 26.116204
3.646246 25.243883
3.535926 24.404916
3.468577 23.600434
3.367238 22.831334
3.308695 22.097014
3.216278 21.397427
3.166331 20.731846
3.082544 20.100034
3.040847 19.501374
2.965325 18.935958
2.931500 18.403608
2.863877 17.904103
2.837576 17.438187
2.777537 17.006775
2.758457 16.610631
2.705719 16.250214
2.693593 15.926499
2.647906 15.640115
2.642486 15.391526
2.603609 15.180820
2.604636 15.007651
2.572285 14.871472
2.579426 14.771258
2.553212 14.705733
2.565987 14.673106
2.545320 14.671281
2.562982 14.697546
2.546920 14.748729
2.568274 14.820813
2.555307 14.908696
2.578442 15.006016
2.566201 15.104562
2.588206 15.193961
2.573116 15.261930
2.589465 15.294684
2.565729 15.279975
2.569908 15.210455
2.532662 15.086309
2.523917 14.914049
2.476405 14.703901
2.459910 14.467235
2.407536 14.214042
2.388108 13.953283
2.334815 13.691993
2.315490 13.435201
2.263487 13.186574
2.245757 12.948165
2.195936 12.721239
2.180159 12.505241
2.132394 12.299424
2.117957 12.102297
2.071264 11.912450
2.057203 11.729194
2.011213 11.552940
1.997983 11.384921
1.953656 11.226810
1.942281 11.080216
1.900504 10.946706
1.891686 10.827208
1.852975 10.722697
1.847053 10.633634
1.811593 10.559899
1.808616 10.501635
1.776350 10.458314
1.776171 10.429267
1.746886 10.413372
1.749245 10.409971
1.722648 10.418345
1.727220 10.437892
1.702967 10.467935
1.709399 10.507831
1.687133 10.555481
1.695065 10.609465
1.674429 10.668578
1.683506 10.683076
1.664152 10.750329
1.674032 10.819597
1.655618 10.890054
1.665951 10.960997
1.648117 11.031360
1.658518 11.100422
1.640832 11.167180
1.650802 11.230182
1.632678 11.287367
1.641531 11.335958
1.622173 11.371248
1.628799 11.387078
1.605917 11.375492
1.605686 11.329857
1.573588 11.248434
1.563919 11.134368
1.524693 10.993810
1.509572 10.833556
1.466853 10.660019
1.449290 10.478113
1.405496 10.292178
1.387342 10.105157
1.343841 9.919324
1.326085 9.735795
1.283589 9.556112
1.266739 9.380625
1.225602 9.210087
1.209903 9.044850
1.170291 8.885088
1.155848 8.731282
1.117822 8.583157
1.104668 8.440847
1.068234 8.304300
1.056352 8.173474
1.021475 8.048303
1.010817 7.928605
0.977441 7.814293
0.967946 7.705103
0.936001 7.600887
0.927593 7.501513
0.896998 7.406702
0.889595 7.316120
0.860267 7.229464
0.853785 7.146614
0.825636 7.067187
0.819990 6.990960
0.792936 6.917682
0.788041 6.847074
0.761995 6.779343
0.757760 6.713747
0.732636 6.649727
0.728995 6.587464
0.704729 6.526802
0.701615 6.467556
0.678145 6.409791
0.675501 6.352983
0.652775 6.297308
0.650559 6.242519
0.628542 6.188658
0.626724 6.135423
0.605391 6.083289
0.603955 6.032022
0.583299 5.981660
0.582241 5.932092
0.562262 5.883473
0.561590 5.835852
0.542298 5.789303
0.542016 5.743804
0.523413 5.699517
0.523524 5.656401
0.505612 5.614552
0.506110 5.573929
0.488874 5.534651
0.489735 5.496552
0.473152 5.459723
0.474342 5.424268
0.458366 5.389745
0.459832 5.356072
0.444405 5.323494
0.446073 5.291658
0.431117 5.260495
0.432899 5.229757
0.418320 5.199327
0.420111 5.168929
0.405807 5.138506
0.407499 5.107661
0.393366 5.076404
0.394850 5.044372
0.380797 5.011686
0.381995 4.977847
0.367964 4.943042
0.368827 4.907103
0.354796 4.870029
0.355314 4.831869
0.341299 4.792800
0.341504 4.752776
0.327558 4.711792
0.327511 4.670291
0.313703 4.628326
0.313481 4.586001
0.299887 4.543436
0.299564 4.500898
0.286251 4.458394
0.285902 4.416042
0.272923 4.374066
0.272603 4.332451
0.259989 4.291436
0.259743 4.251013
0.247508 4.211265
0.247364 4.172238
0.235504 4.134082
0.235472 4.096640
0.223973 4.060064
0.224054 4.024366
0.212894 3.989574
0.213080 3.955706
0.202236 3.922795
0.202512 3.890961
0.191963 3.860093
0.192318 3.830272
0.182053 3.801629
0.182481 3.774239
0.172495 3.747892
0.173001 3.760253
0.163305 3.736475
0.163903 3.714254
0.154513 3.693493
0.155226 3.674345
0.146169 3.656857
0.147027 3.640916
0.138333 3.626491
0.139368 3.613754
0.131065 3.602671
0.132305 3.593034
0.124419 3.584886
0.125888 3.578188
0.118436 3.572777
0.120149 3.568824
0.113141 3.566128
0.115105 3.564616
0.108542 3.564341
0.110755 3.565189
0.104626 3.567094
0.107073 3.569930
0.101359 3.573705
0.104021 3.578352
0.098696 3.583680
0.101543 3.589749
0.096572 3.596285
0.099565 3.603354
0.094905 3.610966
0.098008 3.618778
0.093622 3.626819
0.096795 3.634983
0.092639 3.643085
0.095842 3.651160
0.091876 3.658940
0.095073 3.666759
0.091261 3.674267
0.094423 3.681553
0.090736 3.688621
0.093841 3.695183
0.090263 3.701553
0.093298 3.707532
0.089820 3.713076
0.092786 3.718270
0.089404 3.723414
0.092300 3.728322
0.089023 3.732918
0.091869 3.737503
0.088712 3.741852
0.091520 3.746589
0.088494 3.751115
0.091286 3.755767
0.088410 3.760647
0.091202 3.765818
0.088489 3.771151
0.091297 3.776864
0.088759 3.782898
0.091592 3.789254
0.089233 3.796284
0.092098 3.803616
0.089921 3.811289
0.092820 3.819284
0.090822 3.827721
0.093755 3.836511
0.091930 3.845693
0.094890 3.855180
0.093232 3.864884
0.096215 3.909182
0.094714 3.919438
0.097716 3.929871
0.096367 3.940457
0.099385 3.951111
0.098183 3.962031
0.101214 3.973063
0.100158 3.983972
0.103211 3.995206
0.102308 4.006529
0.105396 4.034711
0.104661 4.046012
0.107798 4.057729
0.107244 4.069594
0.110454 4.081706
0.110101 4.094028
0.113402 4.106658
0.113267 4.119475
0.116679 4.132575
0.116779 4.145986
0.120319 4.159740
0.120664 4.173726
0.124342 4.188269
0.124936 4.203264
0.128754 4.218758
0.129590 4.234755
0.133537 4.251289
0.134595 4.268607
0.138647 4.286219
0.139896 4.304309
0.144014 4.322670
0.145399 4.341170
0.149527 4.359969
0.150985 4.378760
0.155051 4.397419
0.156497 4.415813
0.160412 4.433751
0.161752 4.451147
0.165424 4.467803
0.166563 4.483548
0.169902 4.498330
0.170754 4.511823
0.173688 4.523853
0.174193 4.534570
0.176684 4.543857
0.176822 4.551732
0.178869 4.558108
0.178652 4.563301
0.180290 4.567472
0.179773 4.570724
0.181073 4.573224
0.180334 4.575158
0.181381 4.576891
0.180502 4.578310
0.181378 4.579550
0.180434 4.580808
0.181207 4.582159
0.180250 4.583643
0.180958 4.585274
0.180006 4.587000
0.180651 4.588698
0.179687 4.590187
0.180241 4.591938
0.179229 4.593294
0.179655 4.594296
0.178550 4.594878
0.178806 4.595063
0.177575 4.595016
0.177644 4.594837
0.176285 4.594298
0.176184 4.593457
0.174733 4.592370
0.174526 4.591167
0.173066 4.590091
0.172853 4.589357
0.171497 4.589465
0.171404 4.590227
0.170284 4.592282
0.170452 4.595699
0.169708 4.600860
0.170278 4.608252
0.170048 4.617890
0.171157 4.630222
0.171572 4.645320
0.173342 4.663414
0.174515 4.684692
0.177052 4.709313
0.179068 4.737396
0.182435 4.769004
0.185326 4.804127
0.189513 4.842713
0.193209 4.884365
0.198074 4.928785
0.202330 4.975084
0.207484 5.021842
0.211721 5.067841
0.216348 5.110434
0.219452 5.146720
0.222120 5.173405
0.222410 5.186856
0.221391 5.184128
0.217380 5.163161
0.211715 5.123957
0.203203 5.067976
0.193564 4.997903
0.181932 4.917144
0.170030 4.828992
0.156970 4.736575
0.144300 4.642400
0.131046 4.548570
0.118581 4.456451
0.105872 4.367213
0.094155 4.281642
0.082371 4.200165
0.071659 4.123236
0.060959 4.050868
0.051333 3.983278
0.041747 3.920276
0.033206 3.861803
0.024702 3.807717
0.017195 3.757854
0.009708 3.712189
0.003159 3.670293
-0.003394 3.632000
-0.009067 3.597135
-0.014766 3.565522
-0.019643 3.536915
-0.024572 3.511078
-0.028735 3.488173
-0.032972 3.467601
-0.036496 3.449376
-0.040112 3.433306
-0.043066 3.419201
-0.046130 3.407019
-0.048577 3.396372
-0.051152 3.387445
-0.053150 3.379935
-0.055287 3.373747
-0.056886 3.368753
-0.058636 3.364665
-0.059883 3.361722
-0.061288 3.359716
-0.062220 3.358264
-0.063315 3.357803
-0.063964 3.357964
-0.064778 3.358790
-0.065169 3.360061
-0.065725 3.361744
-0.065877 3.363952
-0.066193 3.366448
-0.066121 3.369179
-0.066207 3.372434
-0.065918 3.376068
-0.065781 3.380057
-0.065279 3.384473
-0.064923 3.389365
-0.064212 3.395054
-0.063636 3.401045
-0.062711 3.407046
-0.061906 3.413834
-0.060756 3.421380
-0.059714 3.429447
-0.058330 3.427279
-0.057043 3.437007
-0.055415 3.447900
-0.053871 3.459823
-0.051986 3.473189
-0.050173 3.487891
-0.048021 3.504098
-0.045929 3.521901
-0.043500 3.541387
-0.041121 3.562657
-0.038410 3.585585
-0.035744 3.610281
-0.032752 3.636516
-0.029797 3.664260
-0.026525 3.693512
-0.023289 3.724147
-0.019747 3.756070
-0.016244 3.789131
-0.012448 3.823363
-0.008698 3.858676
-0.004674 3.894985
-0.000707 3.945704
0.003511 3.983829
0.007658 4.022418
0.012032 4.061644
0.016319 4.101419
0.020804 4.141470
0.025183 4.181953
0.029730 4.222431
0.034146 4.262839
0.038702 4.303125
0.043111 4.343308
0.047632 4.383236
0.051987 4.422603
0.056430 4.461337
0.060690 4.499465
0.065017 4.536841
0.069152 4.573224
0.073333 4.608724
0.077314 4.643121
0.081333 4.703172
0.085150 4.735197
0.088996 4.765833
0.092641 4.795430
0.096315 4.823770
0.099792 4.850828
0.103298 4.876604
0.106616 4.901165
0.109963 4.924458
0.113131 4.946609
0.116330 4.967420
0.119363 4.987044
0.122434 5.005534
0.125351 5.022964
0.128316 5.039352
0.131140 5.055003
0.134020 5.069978
0.136773 5.084298
0.139592 5.097971
0.142300 5.111163
0.145083 5.124066
0.147769 5.136808
0.150537 5.149609
0.153220 5.162420
0.155989 5.175583
0.158680 5.189200
0.161456 5.203309
0.164154 5.218210
0.166930 5.233805
0.169623 5.249973
0.172382 5.266846
0.175046 5.284260
0.177752 5.302358
0.180339 5.320811
0.182936 5.339364
0.185389 5.357997
0.187816 5.376578
0.190061 5.394974
0.192236 5.412993
0.194189 5.430618
0.196026 5.447621
0.197600 5.463836
0.199012 5.479104
0.200122 5.493210
0.201030 5.506248
0.201606 5.517798
0.201947 5.527897
0.201935 5.536354
0.201668 5.543105
0.201039 5.548094
0.200151 5.590001
0.198908 5.591712
0.197414 5.591551
0.195584 5.589644
0.193525 5.586089
0.191161 5.580829
0.188597 5.573975
0.185768 5.565516
0.182776 5.555694
0.179566 5.544611
0.176234 5.532167
0.172729 5.518574
0.169141 5.504027
0.165423 5.488368
0.161658 5.471781
0.157803 5.454453
0.153931 5.436174
0.150002 5.417049
0.146086 5.397136
0.142147 5.376783
0.138246 5.355703
0.134353 5.334148
0.130521 5.312086
0.126726 5.289708
0.123017 5.266829
0.119376 5.243639
0.115848 5.220220
0.112417 5.196834
0.109124 5.173243
0.105958 5.149741
0.102957 5.126441
0.100113 5.103519
0.097463 5.081015
0.095003 5.085312
0.092764 5.063850
0.090745 5.043255
0.088971 5.023614
0.087441 5.005063
0.086181 4.987935
0.085192 4.972034
0.084493 4.957831
0.084087 4.945439
0.083987 4.934702
0.084195 4.925998
0.084719 4.919107
0.085563 4.914379
0.086727 4.911752
0.088213 4.911323
0.090021 4.912897
0.092150 4.944399
0.094597 4.950389
0.097355 4.958895
0.100422 4.969780
0.103790 4.983162
0.107452 4.999035
0.111401 5.017434
0.115626 5.038351
0.120120 5.061714
0.124870 5.087483
0.129869 5.115614
0.135105 5.146027
0.140570 5.178592
0.146250 5.213287
0.152132 5.250058
0.158207 5.288750
0.164457 5.329210
0.170871 5.371441
0.177433 5.415298
0.184123 5.460364
0.190921 5.506816
0.197802 5.554324
0.204743 5.602780
0.211713 5.651806
0.218679 5.701294
0.225603 5.750839
0.232444 5.800086
0.239157 5.848764
0.245693 5.896375
0.252005 5.942318
0.258044 5.986365
0.263765 6.027961
0.269124 6.066788
0.274083 6.102649
0.278609 6.134949
0.282681 6.163626
0.286286 6.188658
0.289424 6.209925
0.292101 6.227568
0.294341 6.241773
0.296172 6.252586
0.297634 6.260737
0.298775 6.266300
0.299646 6.269823
0.300301 6.271772
0.300799 6.272659
0.301196 6.272962
0.301546 6.273157
0.301900 6.273691
0.302304 6.274946
0.302799 6.277384
0.303422 6.281363
0.304201 6.287166
0.305158 6.295127
0.306313 6.305191
0.307679 6.317760
0.309265 6.332831
0.311074 6.350709
0.313108 6.371229
0.315364 6.394598
0.317839 6.420759
0.320524 6.450015
0.323412 6.482105
0.326494 6.516810
0.329759 6.553715
0.333196 6.592650
0.336797 6.632962
0.340554 6.674506
0.344457 6.717246
0.348499 6.760823
0.352670 6.805181
0.356965 6.850165
0.361373 6.895563
0.365887 6.941719
0.370503 6.988310
0.375215 7.035098
0.380018 7.081944
0.384906 7.128830
0.389872 7.175331
0.394913 7.221348
0.400024 7.266812
0.405201 7.311787
0.410439 7.356067
0.415733 7.399563
0.421082 7.442548
0.426481 7.484866
0.431930 7.545325
0.437429 7.586208
0.442976 7.626727
0.448572 7.667069
0.454217 7.707436
0.459912 7.747892
0.465657 7.789334
0.471456 7.831722
0.477307 7.875225
0.483215 7.919655
0.489179 7.964953
0.495200 8.010742
0.501276 8.056944
0.507403 8.103310
0.513577 8.149665
0.519789 8.195937
0.526028 8.241664
0.532281 8.286924
0.538529 8.331766
0.544757 8.375371
0.550947 8.417737
0.557074 8.458791
0.563120 8.498101
0.569064 8.535605
0.574887 8.571153
0.580574 8.545909
0.586116 8.574928
0.591509 8.601675
0.596757 8.626184
0.601870 8.648878
0.606863 8.669434
0.611760 8.688517
0.616592 8.706400
0.621393 8.723582
0.626196 8.740587
0.631036 8.757883
0.635947 8.775801
0.640961 8.795045
0.646099 8.816028
0.651384 8.838951
0.656824 8.864474
0.662428 8.892604
0.668192 8.923522
0.674102 8.957262
0.680140 8.993540
0.686276 9.032062
0.692476 9.072258
0.698693 9.113570
0.704880 9.155523
0.710985 9.197276
0.716957 9.238235
0.722744 9.277724
0.728308 9.315337
0.733619 9.350688
0.738660 9.383472
0.743429 9.413544
0.747937 9.440847
0.752208 9.465528
0.756278 9.487825
0.760193 9.508031
0.764004 9.526539
0.767764 9.543596
0.771529 9.559758
0.775353 9.575359
0.779286 9.590951
0.783375 9.606696
0.787661 9.623037
0.792182 9.640268
0.796966 9.658639
0.802038 9.678356
0.807413 9.699839
0.813097 9.722650
0.819092 9.747223
0.825389 9.773398
0.831969 9.801191
0.838798 9.830473
0.845835 9.861023
0.853021 9.892521
0.860287 9.924553
0.867554 9.956560
0.874732 9.988030
0.881718 10.018220
0.888399 10.046350
0.894647 10.071600
0.900319 10.093069
0.905270 10.110218
0.909370 10.122420
0.912525 10.129345
0.914702 10.131115
0.915922 10.127924
0.916252 10.120132
0.915780 10.108451
0.914602 10.093553
0.912814 10.076085
0.910501 10.056612
0.907732 10.035764
0.904563 10.013886
0.901031 9.990782
0.897161 9.966486
0.892965 9.941260
0.888446 9.914765
0.883603 9.858554
0.878432 9.829345
0.872929 9.798376
0.867091 9.765733
0.860918 9.731205
0.854420 9.694734
0.847611 9.656431
0.840510 9.616285
0.833141 9.574125
0.825531 9.530135
0.817713 9.484213
0.809721 9.436461
0.801584 9.386799
0.793339 9.336051
0.785020 9.283899
0.776657 9.230625
0.768277 9.176561
0.759907 9.121683
0.751568 9.066457
0.743281 9.010931
0.735060 8.955140
0.726919 8.899407
0.718864 8.843866
0.710904 8.788540
0.703046 8.733517
0.695291 8.678973
0.687641 8.708281
0.680092 8.653589
0.672644 8.621284
0.665289 8.567604
0.658023 8.514461
0.650838 8.461862
0.643727 8.409644
0.636683 8.357888
0.629696 8.306734
0.622759 8.255887
0.615862 8.205408
0.608993 8.155405
0.602147 8.105858
0.595313 8.056530
0.588483 8.039243
0.581648 7.989841
0.574801 7.940740
0.567934 7.891311
0.561041 7.841746
0.554119 7.791981
0.547165 7.741967
0.540178 7.716290
0.533155 7.665214
0.526104 7.614086
0.519029 7.562670
0.511935 7.511142
0.504830 7.459412
0.497723 7.407513
0.490622 7.355576
0.483537 7.303678
0.476477 7.251875
0.469449 7.200429
0.462463 7.149008
0.455527 7.097873
0.448646 7.047097
0.441825 6.996730
0.435065 6.946856
0.428371 6.897444
0.421740 6.848388
0.415174 6.799772
0.408668 6.751582
0.402222 6.703726
0.395828 6.656163
0.389483 6.608903
0.383177 6.561788
0.376904 6.514790
0.370652 6.467748
0.364412 6.420731
0.358173 6.373562
0.351924 6.326084
0.345654 6.278371
0.339351 6.230153
0.333005 6.181385
0.326606 6.131964
0.320142 6.081829
0.313607 6.030843
0.306992 5.979012
0.300292 5.926244
0.293500 5.872597
0.286615 5.817849
0.279636 5.762090
0.272559 5.705172
0.265384 5.647444
0.258113 5.589053
0.250744 5.529762
0.243282 5.469935
0.235729 5.410074
0.228092 5.350312
0.220375 5.290590
0.212589 5.230663
0.204742 5.170490
0.196851 5.109796
0.188928 5.048780
0.180993 4.987579
0.173061 4.926432
0.165152 4.865255
0.157284 4.804282
0.149481 4.743531
0.141759 4.683218
0.134140 4.623473
0.126639 4.564672
0.119277 4.506786
0.112069 4.449895
0.105031 4.394275
0.098174 4.340078
0.091515 4.287351
0.085060 4.236289
0.078828 4.186995
0.072826 4.139559
0.067064 4.094292
0.061550 4.050954
0.056292 4.009926
0.051296 3.971105
0.046572 3.934689
0.042123 3.900766
0.037954 3.869427
0.034067 3.840759
0.030466 3.814784
0.027148 3.791705
0.024116 3.771529
0.021369 3.754273
0.018906 3.739951
0.016720 3.728561
0.014808 3.719978
0.013163 3.714343
0.011779 3.711550
0.010648 3.708292
0.009760 3.710867
0.009105 3.715923
0.008670 3.723384
0.008439 3.732882
0.008402 3.744391
0.008544 3.757815
0.008850 3.772786
0.009302 3.789145
0.009883 3.806656
0.010575 3.825136
0.011358 3.844347
0.012214 3.864088
0.013123 3.884074
0.014064 3.904292
0.015017 3.924469
0.015962 3.944348
0.016875 3.963698
0.017735 3.982519
0.018519 4.000246
0.019206 4.016849
0.019774 4.032135
0.020202 4.045920
0.020468 4.058047
0.020553 4.068463
0.020442 4.076873
0.020122 4.083327
0.019586 4.087825
0.018830 4.090481
0.017860 4.091108
0.016684 4.089774
0.015314 4.086766
0.013764 4.082110
0.012047 4.075901
0.010172 4.075883
0.008149 4.066546
0.005978 4.055697
0.003661 4.043599
0.001195 4.030281
-0.001425 3.999058
-0.004205 3.982643
-0.007150 3.964893
-0.010263 3.945498
-0.013545 3.924639
-0.016990 3.902342
-0.020592 3.878698
-0.024338 3.853710
-0.028215 3.827472
-0.032204 3.800213
-0.036285 3.772010
-0.040442 3.743093
-0.044652 3.713442
-0.048897 3.683309
-0.053156 3.652781
-0.057416 3.622042
-0.061663 3.591077
-0.065882 3.560180
-0.070062 3.529371
-0.074193 3.498731
-0.078269 3.468238
-0.082287 3.438313
-0.086239 3.408632
-0.090123 3.379299
-0.093937 3.333874
-0.097681 3.285120
-0.101351 3.257561
-0.104947 3.230698
-0.108467 3.204197
-0.111911 3.178515
-0.115279 3.153265
-0.118568 3.128531
-0.121778 3.104293
-0.124907 3.080612
-0.127954 3.057537
-0.130919 3.034682
-0.133799 3.012321
-0.136593 2.990469
-0.139298 2.969064
-0.141911 2.948153
-0.144431 2.927748
-0.146856 2.907707
-0.149186 2.888383
-0.151416 2.869727
-0.153547 2.851564
-0.155575 2.833943
-0.157501 2.816817
-0.159322 2.800120
-0.161040 2.783927
-0.162652 2.768479
-0.164155 2.753632
-0.165554 2.739084
-0.166845 2.725226
-0.168029 2.711911
-0.169106 2.698977
-0.170075 2.686649
-0.170938 2.674790
-0.171694 2.663379
-0.172344 2.652193
-0.172889 2.641617
-0.173332 2.631530
-0.173673 2.621743
-0.173912 2.612240
-0.174049 2.603044
-0.174087 2.594191
-0.174028 2.585549
-0.173872 2.577120
-0.173619 2.568901
-0.173273 2.560832
-0.172833 2.552973
-0.172301 2.545266
-0.171679 2.537693
-0.170968 2.530236
-0.170171 2.522925
-0.169289 2.515662
-0.168324 2.508497
-0.167276 2.501448
-0.166148 2.494712
-0.164940 2.477965
-0.163652 2.471722
-0.162286 2.465808
-0.160840 2.460292
-0.159317 2.455111
-0.157715 2.450465
-0.156031 2.446494
-0.154262 2.443111
-0.152403 2.440371
-0.150450 2.438185
-0.148396 2.436655
-0.146237 2.435891
-0.143964 2.436127
-0.141569 2.437417
-0.139042 2.440038
-0.136374 2.444213
-0.133554 2.450345
-0.130573 2.458768
-0.127419 2.469898
-0.124083 2.484244
-0.120556 2.502064
-0.116828 2.523935
-0.112891 2.549541
-0.108739 2.579658
-0.104367 2.613978
-0.099772 2.652534
-0.094950 2.695255
-0.089900 2.741861
-0.084626 2.792035
-0.079131 2.845694
-0.073422 2.902441
-0.067510 2.961965
-0.061406 3.023856
-0.055127 3.088015
-0.048688 3.154015
-0.042110 3.221525
-0.035415 3.290200
-0.028626 3.359690
-0.021770 3.429504
-0.014873 3.499513
-0.007960 3.569224
-0.001059 3.638433
0.005801 3.706558
0.012595 3.773597
0.019301 3.839065
0.025894 3.902684
0.032349 3.964325
0.038644 4.023503
0.044763 4.080129
0.050684 4.133897
0.056389 4.184697
0.061862 4.152187
0.067082 4.195105
0.072035 4.234424
0.076704 4.270085
0.081071 4.301788
0.085123 4.329684
0.088847 4.353503
0.092234 4.373187
0.095277 4.388764
0.097970 4.400203
0.100311 4.407559
0.102300 4.410821
0.103943 4.410229
0.105245 4.405605
0.106218 4.427809
0.106878 4.416147
0.107238 4.401344
0.107314 4.383680
0.107123 4.363448
0.106682 4.340948
0.106003 4.316440
0.105103 4.290320
0.103996 4.253931
0.102692 4.225933
0.101205 4.197031
0.099545 4.167866
0.097725 4.138601
0.095757 4.109470
0.093655 4.080614
0.091438 4.052392
0.089123 4.024614
0.086736 3.997299
0.084302 3.970886
0.081848 3.945640
0.079401 3.921859
0.076984 3.899817
0.074620 3.879858
0.072329 3.862209
0.070128 3.847051
0.068030 3.834572
0.066045 3.824790
0.064178 3.817511
0.062436 3.812660
0.060820 3.809826
0.059328 3.808903
0.057961 3.809494
0.056714 3.811410
0.055586 3.814327
0.054571 3.817910
0.053664 3.822217
0.052862 3.826844
0.052163 3.831765
0.051564 3.836710
0.051063 3.841695
0.050659 3.846666
0.050352 3.851563
0.050144 3.856388
0.050036 3.861163
0.050028 3.865975
0.050126 3.870979
0.050335 3.876099
0.050661 3.881560
0.051107 3.887478
0.051683 3.893873
0.052395 3.900867
0.053253 3.908460
0.054264 3.916792
0.055436 3.925889
0.056779 3.935846
0.058301 3.946763
0.060010 3.958634
0.061913 3.971784
0.064019 4.023035
0.066333 4.038761
0.068863 4.055841
0.071613 4.074242
0.074589 4.094198
0.077792 4.115564
0.081226 4.120537
0.084893 4.143914
0.088792 4.168876
0.092924 4.195245
0.097284 4.223126
0.101868 4.252502
0.106668 4.283343
0.111677 4.315715
0.116884 4.349374
0.122276 4.384340
0.127842 4.420519
0.133564 4.457759
0.139427 4.496014
0.145412 4.535163
0.151499 4.574846
0.157667 4.615074
0.163895 4.655449
0.170156 4.695957
0.176420 4.736188
0.182654 4.775933
0.188815 4.814637
0.194858 4.852047
0.200728 4.887383
0.206356 4.920279
0.211664 4.949815
0.216559 4.975714
0.220946 4.996685
0.224723 5.012062
0.227798 5.021084
0.230093 5.023294
0.231565 5.018176
0.232196 5.005593
0.231996 4.985633
0.230996 4.958301
0.229248 4.924325
0.226814 4.884047
0.223768 4.838111
0.220193 4.787115
0.216173 4.732161
0.211800 4.673577
0.207164 4.612231
0.202354 4.548835
0.197456 4.484285
0.192550 4.427150
0.187718 4.361303
0.183031 4.295784
0.178554 4.231364
0.174346 4.168793
0.170460 4.108803
0.166943 4.050970
0.163835 3.996294
0.161173 3.945033
0.158986 3.898212
0.157295 3.856833
0.156118 3.822537
0.155463 3.798402
0.155331 3.787813
0.155716 3.792578
0.156604 3.811914
0.157968 3.842762
0.159771 3.881261
0.161965 3.925338
0.164487 3.973320
0.167264 4.023585
0.170209 4.075253
0.173224 4.127111
0.176203 4.177840
0.179033 4.226166
0.181604 4.270678
0.183811 4.310231
0.185560 4.344243
0.186772 4.371111
0.187389 4.390485
0.187379 4.402064
0.186728 4.405849
0.185449 4.402075
0.183578 4.391363
0.181164 4.374186
0.178273 4.351674
0.174980 4.324527
0.171362 4.293948
0.167498 4.260951
0.163462 4.226584
0.159318 4.191814
0.155131 4.157610
0.150950 4.124509
0.146817 4.093282
0.142763 4.057951
0.138810 4.031364
0.134969 4.007147
0.131252 3.985325
0.127665 3.965923
0.124208 3.948694
0.120883 3.933762
0.117694 3.920890
0.114642 3.909840
0.111732 3.900751
0.108971 3.893631
0.106365 3.888228
0.103924 3.884655
0.101655 3.882525
0.099565 3.882395
0.097657 3.884151
0.095939 3.887720
0.094411 3.893079
0.093073 3.900158
0.091922 3.909087
0.090952 3.919544
0.090156 3.931558
0.089523 3.945007
0.089041 3.959887
0.088693 3.975772
0.088466 3.992608
0.088341 4.011522
0.088297 4.029622
0.088319 4.048104
0.088386 4.066609
0.088479 4.084900
0.088578 4.102928
0.088667 4.120312
0.088727 4.137125
0.088741 4.152782
0.088697 4.167390
0.088580 4.180372
0.088384 4.192102
0.088104 4.202343
0.087738 4.211057
0.087288 4.218247
0.086761 4.223959
0.086167 4.228283
0.085518 4.231287
0.084832 4.233424
0.084129 4.234554
0.083429 4.234779
0.082754 4.234437
0.082119 4.233490
0.081543 4.232321
0.081038 4.230881
0.080607 4.229225
0.080250 4.227453
0.079957 4.225323
0.079714 4.222674
0.079501 4.219448
0.079289 4.215420
0.079042 4.210351
0.078724 4.184863
0.078296 4.176418
0.077722 4.166278
0.076971 4.154291
0.076021 4.140400
0.074863 4.124562
0.073501 4.106904
0.071948 4.087565
0.070228 4.067118
0.068374 4.045436
0.066431 4.023227
0.064440 4.000852
0.062447 3.978612
0.060491 3.957103
0.058611 3.936732
0.056843 3.917908
0.055217 3.900804
0.053757 3.885684
0.052479 3.872737
0.051399 3.862242
0.050522 3.854173
0.049852 3.848526
0.049387 3.845458
0.049118 3.844951
0.049036 3.846583
0.049124 3.850169
0.049367 3.855797
0.049746 3.862753
0.050242 3.871107
0.050832 3.880670
0.051495 3.891269
0.052209 3.902772
0.052954 3.915070
0.053708 3.928093
0.054455 3.941774
0.055178 3.956032
0.055863 3.970913
0.056497 3.985981
0.057076 4.001153
0.057590 4.016386
0.058039 4.031330
0.058422 4.045943
0.058740 4.060194
0.058998 4.073856
0.059198 4.082853
0.059351 4.095769
0.059465 4.108121
0.059549 4.119905
0.059615 4.131219
0.059674 4.142199
0.059734 4.152787
0.059807 4.163101
0.059900 4.172961
0.060023 4.182566
0.060184 4.192083
0.060387 4.201265
0.060637 4.210450
0.060933 4.219371
0.061273 4.228135
0.061655 4.236532
0.062070 4.244490
0.062512 4.251958
0.062971 4.258826
0.063430 4.264929
0.063879 4.270122
0.064302 4.274294
0.064683 4.277309
0.065005 4.279029
0.065253 4.279326
0.065410 4.278021
0.065465 4.275159
0.065409 4.270566
0.065234 4.264227
0.064938 4.256144
0.064519 4.246397
0.063981 4.235017
0.063332 4.222162
0.062586 4.207882
0.061754 4.192493
0.060857 4.176273
0.059914 4.159543
0.058946 4.142640
0.057975 4.125943
0.057024 4.109940
0.056114 4.094857
0.055266 4.081062
0.054501 4.068537
0.053839 4.057575
0.053294 4.047824
0.052887 4.039474
0.052629 4.032478
0.052534 4.026924
0.052615 4.022958
0.052883 4.020549
0.053345 4.019696
0.054010 4.020510
0.054884 4.023087
0.055973 4.027600
0.057283 4.033937
0.058819 4.041971
0.060585 4.051923
0.062586 4.063830
0.064825 4.077734
0.067304 4.093734
0.070029 4.111756
0.073003 4.132039
0.076228 4.154457
0.079709 4.179111
0.083449 4.205883
0.087456 4.235026
0.091733 4.266583
0.096283 4.300627
0.101111 4.337030
0.106221 4.375984
0.111616 4.417506
0.117296 4.463076
0.123260 4.510060
0.129502 4.559536
0.136012 4.611368
0.142773 4.665379
0.149759 4.721303
0.156927 4.778860
0.164224 4.837485
0.171572 4.896411
0.178875 4.955197
0.186015 5.012814
0.192852 5.068188
0.199234 5.120201
0.205002 5.167611
0.210001 5.209206
0.214096 5.243878
0.217172 5.270514
0.219153 5.288834
0.220002 5.298136
0.219710 5.298308
0.218299 5.289474
0.215819 5.272121
0.212331 5.246333
0.207913 5.212883
0.202648 5.172393
0.196621 5.125368
0.189917 5.072486
0.182623 5.014418
0.174824 4.951830
0.166600 4.885364
0.158031 4.815333
0.149192 4.742903
0.140155 4.668462
0.130987 4.592700
0.121748 4.516094
0.112497 4.439489
0.103285 4.363359
0.094154 4.288287
0.085146 4.214459
0.076293 4.142221
0.067626 4.071772
0.059168 4.003267
0.050941 3.936827
0.042959 3.872553
0.035236 3.810528
0.027781 3.750817
0.020599 3.693522
0.013698 3.638609
0.007077 3.586190
0.000739 3.536133
-0.005318 3.488697
-0.011096 3.443502
-0.016594 3.400700
-0.021815 3.360277
-0.026762 3.322288
-0.031442 3.286636
-0.035860 3.253410
-0.040020 3.222421
-0.043929 3.193615
-0.047591 3.166786
-0.051013 3.141869
-0.054200 3.118765
-0.057161 3.097251
-0.059902 3.077361
-0.062428 3.059183
-0.064747 3.042446
-0.066870 3.027364
-0.068802 3.013389
-0.070556 3.000660
-0.072142 2.988916
-0.073572 2.978205
-0.074858 2.968544
-0.076016 2.959687
-0.077062 2.951545
-0.078015 2.944148
-0.078893 2.937180
-0.079713 2.930736
-0.080493 2.924362
-0.081254 2.917937
-0.082011 2.911566
-0.082782 2.905009
-0.083585 2.898064
-0.084435 2.891165
-0.085343 2.883621
-0.086320 2.875610
-0.087377 2.867087
-0.088524 2.858021
-0.089768 2.848415
-0.091110 2.838242
-0.092552 2.827532
-0.094092 2.816325
-0.095726 2.804606
-0.097450 2.792696
-0.099251 2.780419
-0.101116 2.768024
-0.103036 2.755557
-0.104995 2.743359
-0.106980 2.731185
-0.108976 2.719336
-0.110969 2.708055
-0.112950 2.697075
-0.114906 2.686868
-0.116825 2.677373
-0.118700 2.668637
-0.120525 2.660635
-0.122298 2.653682
-0.124018 2.647351
-0.125683 2.641708
-0.127295 2.636699
-0.128860 2.632419
-0.130381 2.634035
-0.131864 2.630678
-0.133317 2.627649
-0.134749 2.624737
-0.136169 2.622139
-0.137586 2.619392
-0.139009 2.616558
-0.140448 2.613616
-0.141913 2.610371
-0.143413 2.606600
-0.144953 2.602291
-0.146542 2.597297
-0.148184 2.591778
-0.149884 2.585577
-0.151643 2.578661
-0.153463 2.571015
-0.155345 2.562709
-0.157288 2.553603
-0.159294 2.543781
-0.161357 2.533291
-0.163471 2.522228
-0.165633 2.510386
-0.167837 2.497974
-0.170075 2.485116
-0.172342 2.471946
-0.174631 2.458241
-0.176934 2.444098
-0.179244 2.429687
-0.181554 2.415158
-0.183858 2.400361
-0.186146 2.385455
-0.188412 2.370343
-0.190650 2.355424
-0.192856 2.340501
-0.195019 2.325728
-0.197135 2.311092
-0.199199 2.296739
-0.201206 2.282660
-0.203150 2.268912
-0.205030 2.255422
-0.206838 2.242244
-0.208571 2.229355
-0.210226 2.217013
-0.211800 2.205084
-0.213290 2.193555
-0.214693 2.182721
-0.216007 2.172465
-0.217230 2.162757
-0.218358 2.153678
-0.219390 2.145225
-0.220323 2.137456
-0.221158 2.130352
-0.221893 2.123973
-0.222525 2.118313
-0.223056 2.113541
-0.223484 2.109585
-0.223807 2.106256
-0.224026 2.103700
-0.224141 2.101911
-0.224154 2.101020
-0.224064 2.100548
-0.223875 2.101011
-0.223583 2.102111
-0.223192 2.103995
-0.222703 2.106859
-0.222118 2.110220
-0.221438 2.114179
-0.220664 2.118811
-0.219798 2.124104
-0.218841 2.130043
-0.217796 2.141037
-0.216666 2.148177
-0.215455 2.155919
-0.214163 2.164206
-0.212794 2.173056
-0.211350 2.182423
-0.209834 2.192353
-0.208249 2.202815
-0.206599 2.213670
-0.204885 2.224594
-0.203110 2.236678
-0.201277 2.249208
-0.199388 2.262170
-0.197445 2.275571
-0.195453 2.289374
-0.193415 2.303592
-0.191331 2.318225
-0.189204 2.333398
-0.187036 2.348845
-0.184831 2.364863
-0.182588 2.381286
-0.180311 2.398063
-0.177999 2.415335
-0.175656 2.432952
-0.173283 2.451044
-0.170881 2.469624
-0.168454 2.488481
-0.166000 2.507943
-0.163521 2.527782
-0.161021 2.548023
-0.158501 2.568551
-0.155960 2.585740
-0.153405 2.606514
-0.150838 2.627452
-0.148260 2.648560
-0.145674 2.669883
-0.143084 2.691261
-0.140492 2.711783
-0.137904 2.733554
-0.135323 2.755078
-0.132755 2.776315
-0.130200 2.797342
-0.127664 2.818196
-0.125150 2.838790
-0.122663 2.859081
-0.120208 2.879042
-0.117788 2.898619
-0.115409 2.917838
-0.113073 2.936555
-0.110782 2.954813
-0.108540 2.972560
-0.106347 2.989854
-0.104205 3.006652
-0.102117 3.023011
-0.100084 3.038797
-0.098105 3.054184
-0.096182 3.068947
-0.094316 3.083182
-0.092509 3.096925
-0.090761 3.110112
-0.089075 3.122789
-0.087451 3.134931
-0.085893 3.146647
-0.084403 3.157910
-0.082982 3.159565
-0.081630 3.169415
-0.080352 3.178692
-0.079147 3.187388
-0.078014 3.195513
-0.076957 3.203026
-0.075974 3.210081
-0.075067 3.216589
-0.074237 3.222621
-0.073482 3.228096
-0.072805 3.232949
-0.072209 3.237206
-0.071693 3.241129
-0.071258 3.244370
-0.070905 3.247043
-0.070636 3.249137
-0.070451 3.250638
-0.070356 3.251560
-0.070352 3.251820
-0.070443 3.251284
-0.070631 3.250206
-0.070919 3.248416
-0.071312 3.245885
-0.071812 3.242557
-0.072423 3.238451
-0.073148 3.233515
-0.073989 3.227817
-0.074947 3.221214
-0.076027 3.213732
-0.077229 3.205375
-0.078553 3.196048
-0.079995 3.185776
-0.081555 3.174596
-0.083228 3.162517
-0.085012 3.149558
-0.086902 3.135746
-0.088895 3.121402
-0.090984 3.105936
-0.093160 3.089795
-0.095418 3.073075
-0.097748 3.055653
-0.100140 3.037704
-0.102582 3.019285
-0.105064 3.000490
-0.107574 2.981406
-0.110100 2.962067
-0.112633 2.942772
-0.115158 2.923388
-0.117662 2.903865
-0.120134 2.884782
-0.122561 2.866125
-0.124934 2.847757
-0.127239 2.829858
-0.129461 2.812615
-0.131591 2.796038
-0.133618 2.780322
-0.135529 2.765516
-0.137316 2.751637
-0.138966 2.738930
-0.140471 2.727325
-0.141821 2.717018
-0.143010 2.708203
-0.144028 2.700488
-0.144867 2.694608
-0.145518 2.690241
-0.145974 2.687550
-0.146227 2.686617
-0.146270 2.687713
-0.146095 2.690417
-0.145699 2.694957
-0.145075 2.701700
-0.144216 2.710034
-0.143114 2.720537
-0.141768 2.732614
-0.140167 2.746856
-0.138309 2.763067
-0.136186 2.759441
-0.133794 2.778942
-0.131128 2.810807
-0.128182 2.834854
-0.124951 2.860980
-0.121432 2.889210
-0.117620 2.919528
-0.113513 2.952082
-0.109110 2.986974
-0.104410 3.023989
-0.099411 3.063433
-0.094115 3.105349
-0.088528 3.149907
-0.082655 3.197175
-0.076507 3.247298
-0.070096 3.300262
-0.063445 3.355908
-0.056576 3.413911
-0.049519 3.473792
-0.042312 3.535097
-0.034996 3.597355
-0.027623 3.660070
-0.020249 3.722613
-0.012934 3.784706
-0.005741 3.845444
0.001268 3.904463
0.008034 3.961113
0.014506 4.015047
0.020639 4.065661
0.026404 4.112827
0.031787 4.134804
0.036784 4.174290
0.041412 4.210177
0.045703 4.242605
0.049705 4.271876
0.053477 4.298750
0.057092 4.323710
0.060629 4.347424
0.064171 4.370537
0.067797 4.398088
0.071584 4.422472
0.075603 4.448115
0.079913 4.475303
0.084568 4.507215
0.089609 4.540056
0.095067 4.575709
0.100964 4.614394
0.107313 4.656195
0.114113 4.701116
0.121356 4.749034
0.129023 4.799958
0.137081 4.853627
0.145489 4.909761
0.154189 4.967989
0.163106 5.027903
0.172154 5.088932
0.181227 5.150159
0.190208 5.210835
0.198964 5.269972
0.207353 5.326795
0.215236 5.380119
0.222477 5.429287
0.228956 5.473049
0.234588 5.511073
0.239335 5.543374
0.243208 5.570187
0.246277 5.591940
0.248653 5.609662
0.250469 5.623951
0.251866 5.635850
0.252978 5.646219
0.253922 5.655758
0.254805 5.665300
0.255714 5.675333
0.256724 5.686314
0.257891 5.698598
0.259264 5.712617
0.260878 5.728303
0.262762 5.745919
0.264928 5.777889
0.267390 5.799116
0.270150 5.822375
0.273204 5.847919
0.276544 5.875004
0.280161 5.904095
0.284042 5.934952
0.288166 5.951674
0.292515 5.985647
0.297064 6.021002
0.301792 6.057417
0.306673 6.094910
0.311685 6.132965
0.316800 6.171565
0.321995 6.210533
0.327244 6.249668
0.332525 6.288738
0.337814 6.327863
0.343092 6.366820
0.348340 6.405445
0.353538 6.443602
0.358669 6.481176
0.363719 6.518045
0.368673 6.554080
0.373518 6.589339
0.378242 6.623444
0.382836 6.656442
0.387291 6.688268
0.391599 6.718706
0.395757 6.747870
0.399757 6.775530
0.403597 6.801895
0.407274 6.826767
0.410786 6.850045
0.414131 6.872015
0.417311 6.892418
0.420329 6.911360
0.423184 6.928768
0.425880 6.944838
0.428421 6.959508
0.430811 6.972813
0.433051 6.984822
0.435147 6.995520
0.437102 7.004844
0.438925 7.013116
0.440619 7.020261
0.442191 7.026223
0.443646 7.031426
0.444990 7.035411
0.446229 7.038344
0.447369 7.040487
0.448419 7.041789
0.449386 7.042283
0.450276 7.042201
0.451095 7.041450
0.451849 7.040124
0.452546 7.038064
0.453195 7.035648
0.453802 7.032954
0.454376 7.029837
0.454923 7.026479
0.455452 7.022955
0.455969 7.019150
0.456481 7.015525
0.456997 7.011969
0.457524 7.008562
0.458072 7.005385
0.458647 7.002447
0.459253 6.999808
0.459904 7.010870
0.460607 7.008985
0.461371 7.007798
0.462204 7.007191
0.463115 7.007302
0.464114 7.008260
0.465211 7.009984
0.466418 7.012873
0.467744 7.016811
0.469200 7.021916
0.470798 7.028277
0.472548 7.035984
0.474462 7.045140
0.476551 7.055831
0.478826 7.068065
0.481300 7.082040
0.483984 7.094207
0.486894 7.112097
0.490041 7.131977
0.493438 7.153833
0.497098 7.177932
0.501033 7.204313
0.505255 7.232978
0.509779 7.264121
0.514614 7.297672
0.519775 7.334000
0.525274 7.373032
0.531124 7.414892
0.537335 7.451608
0.543917 7.499427
0.550881 7.550317
0.558235 7.604358
0.565984 7.661558
0.574136 7.722121
0.582692 7.785906
0.591657 7.853257
0.601030 7.924118
0.610812 7.998441
0.620999 8.076256
0.631581 8.157491
0.642553 8.242356
0.653904 8.330694
0.665620 8.422508
0.677685 8.517580
0.690082 8.615857
0.702789 8.717200
0.715783 8.821353
0.729035 8.928278
0.742519 9.037747
0.756205 9.149500
0.770062 9.263231
0.784055 9.378904
0.798152 9.496021
0.812319 9.614342
0.826520 9.733672
0.840724 9.853948
0.854899 9.974478
0.869015 10.095173
0.883043 10.215899
0.896960 10.336111
0.910740 10.455856
0.924367 10.574914
0.937822 10.677319
0.951093 10.793765
0.964169 10.909003
0.977040 11.023004
0.989700 11.135692
1.002143 11.246837
1.014361 11.356594
1.026344 11.464622
1.038075 11.570786
1.049528 11.674831
1.060668 11.776340
1.071438 11.874633
1.081767 11.969210
1.091554 12.058848
1.100669 12.142109
1.108957 12.217593
1.116226 12.283110
1.122256 12.336259
1.126816 12.374785
1.129671 12.396562
1.130625 12.399956
1.129567 12.384117
1.126503 12.349221
1.121544 12.296028
1.114874 12.226057
1.106726 12.141315
1.097348 12.044160
1.086990 11.936855
1.075886 11.821785
1.064246 11.701060
1.052248 11.576987
1.040049 11.450259
1.027774 11.322495
1.015519 11.194755
1.003359 11.067628
0.991351 10.941916
0.979534 10.817860
0.967938 10.695918
0.956586 10.576251
0.945491 10.459055
0.934662 10.344624
0.924109 10.232731
0.913835 10.123586
0.903846 10.017417
0.894144 9.914084
0.884733 9.813590
0.875618 9.715980
0.866804 9.621067
0.858295 9.529125
0.850099 9.440053
0.842221 9.353920
0.834666 9.270802
0.827441 9.190694
0.820548 9.130244
0.813996 9.056334
0.807790 8.985830
0.801936 8.918811
0.796437 8.855428
0.791298 8.795703
0.786520 8.739898
0.782103 8.687597
0.778054 8.639495
0.774373 8.595574
0.771061 8.556018
0.768118 8.520785
0.765542 8.489710
0.763333 8.462918
0.761488 8.440133
0.760003 8.421323
0.758876 8.406185
0.758100 8.394555
0.757669 8.386635
0.757576 8.382176
0.757810 8.381049
0.758359 8.383201
0.759209 8.388492
0.760346 8.396848
0.761748 8.408061
0.763393 8.422006
0.765256 8.438413
0.767303 8.456828
0.769497 8.477332
0.771799 8.499266
0.774160 8.522459
0.776527 8.546208
0.778841 8.570399
0.781035 8.594274
0.783037 8.617309
0.784766 8.638827
0.786138 8.658018
0.787070 8.674535
0.787473 8.687443
0.787257 8.696142
0.786337 8.699647
0.784631 8.697521
0.782068 8.688918
0.778589 8.673474
0.774150 8.650603
0.768727 8.620051
0.762311 8.581862
0.754918 8.536081
0.746579 8.482909
0.737344 8.422867
0.727279 8.356329
0.716456 8.283923
0.704959 8.206266
0.692872 8.124196
0.680278 8.038512
0.667261 7.949514
0.653893 7.857809
0.640248 7.764599
0.626389 7.669699
0.612370 7.573752
0.598245 7.477270
0.584057 7.380698
0.569842 7.283933
0.555637 7.187422
0.541472 7.091345
0.527372 6.995939
0.513361 6.901264
0.499464 6.807412
0.485700 6.714558
0.472087 6.622878
0.458643 6.532331
0.445384 6.443120
0.432321 6.355225
0.419468 6.268677
0.406834 6.183691
0.394427 6.100463
0.382252 6.018746
0.370316 5.938437
0.358622 5.859740
0.347172 5.782660
0.335964 5.707210
0.325000 5.633345
0.314276 5.560989
0.303790 5.490349
0.293541 5.421116
0.283530 5.353494
0.273754 5.287310
0.264214 5.222756
0.254908 5.159638
0.245840 5.098092
0.237014 5.037971
0.228432 4.979396
0.220102 4.922377
0.212029 4.867366
0.204218 4.813853
0.196679 4.761992
0.189420 4.717193
0.182453 4.668710
0.175786 4.622186
0.169430 4.577774
0.163395 4.535440
0.157691 4.495312
0.152328 4.457514
0.147316 4.422087
0.142665 4.389085
0.138381 4.358748
0.134473 4.330567
0.130946 4.305033
0.127808 4.282035
0.125063 4.261722
0.122713 4.243725
0.120760 4.228318
0.119207 4.215620
0.118052 4.205430
0.117293 4.197756
0.116921 4.192713
0.116931 4.189811
0.117312 4.189404
0.118047 4.191260
0.119117 4.195270
0.120495 4.201203
0.122152 4.209034
0.124052 4.218447
0.126150 4.229173
0.128395 4.240903
0.130727 4.253282
0.133082 4.265913
0.135388 4.278266
0.137570 4.290120
0.139558 4.300909
0.141283 4.310255
0.142687 4.317824
0.143722 4.323320
0.144352 4.326710
0.144557 4.327974
0.144323 4.326512
0.143638 4.322477
0.142496 4.316073
0.140891 4.306938
0.138823 4.295134
0.136299 4.280744
0.133342 4.263860
0.129981 4.244717
0.126265 4.223491
0.122250 4.200555
0.117999 4.176352
0.113581 4.151143
0.109062 4.125406
0.104508 4.099537
0.099979 4.073903
0.095529 4.048834
0.091202 4.024525
0.087039 4.001400
0.083072 3.979545
0.079324 3.959222
0.075815 3.940355
0.072556 3.923169
0.069557 3.907558
0.066819 3.893605
0.064344 3.881299
0.062127 3.870604
0.060162 3.861386
0.058440 3.853758
0.056951 3.838953
0.055683 3.834381
0.054626 3.831139
0.053764 3.828953
0.053086 3.828032
0.052577 3.828133
0.052222 3.824240
0.052009 3.826182
0.051922 3.828889
0.051947 3.832287
0.052072 3.836340
0.052278 3.840769
0.052550 3.845414
0.052878 3.850500
0.053246 3.855760
0.053639 3.861087
0.054038 3.872632
0.054426 3.877272
0.054783 3.881510
0.055089 3.885302
0.055321 3.889513
0.055457 3.891883
0.055470 3.893200
0.055339 3.893018
0.055046 3.891441
0.054573 3.888105
0.053909 3.883016
0.053044 3.876104
0.051984 3.867388
0.050735 3.856856
0.049310 3.844836
0.047727 3.831414
0.046009 3.816901
0.044177 3.801262
0.042255 3.784725
0.040267 3.767609
0.038238 3.744975
0.036190 3.727089
0.034143 3.709237
0.032116 3.691370
0.030127 3.673903
0.028191 3.656699
0.026322 3.640076
0.024533 3.624230
0.022836 3.608980
0.021241 3.594338
0.019759 3.580560
0.018396 3.567557
0.017163 3.555600
0.016065 3.544276
0.015112 3.534087
0.014309 3.524740
0.013663 3.516586
0.013179 3.509668
0.012860 3.503480
0.012712 3.498556
0.012737 3.494664
0.012936 3.491917
0.013315 3.490231
0.013876 3.489820
0.014617 3.490538
0.015540 3.492397
0.016645 3.495207
0.017928 3.499226
0.019385 3.504322
0.021012 3.510292
0.022803 3.517146
0.024749 3.524981
0.026841 3.533434
0.029071 3.542535
0.031432 3.552241
0.033915 3.562491
0.036514 3.573179
0.039224 3.584483
0.042043 3.596251
0.044980 3.608481
0.048043 3.623849
0.051246 3.638097
0.054607 3.653120
0.058148 3.669226
0.061890 3.686612
0.065857 3.705487
0.070069 3.726134
0.074548 3.748277
0.079313 3.772735
0.084378 3.799356
0.089752 3.828106
0.095435 3.859220
0.101427 3.892955
0.107715 3.928744
0.114284 3.966648
0.121102 4.006433
0.128133 4.047884
0.135330 4.090628
0.142634 4.134445
0.149986 4.178603
0.157319 4.222732
0.164569 4.266481
0.171678 4.309507
0.178604 4.351559
0.185322 4.392710
0.191826 4.432488
0.198127 4.471080
0.204246 4.508579
0.210202 4.545001
0.216014 4.580538
0.221696 4.615159
0.227250 4.648807
0.232669 4.681502
0.237936 4.713055
0.243023 4.743270
0.247900 4.772034
0.252535 4.799126
0.256904 4.824272
0.260995 4.847668
0.264817 4.869191
0.268393 4.888982
0.271759 4.907255
0.274960 4.924181
0.278048 4.940009
0.281076 4.955020
0.284093 4.969586
0.287148 4.983814
0.290285 4.998075
0.293540 5.012652
0.296945 5.027436
0.300529 5.043028
0.304312 5.059306
0.308313 5.076536
0.312538 5.094911
0.317003 5.114383
0.321712 5.135267
0.326669 5.157698
0.331877 5.181919
0.337337 5.208391
0.343051 5.238001
0.349018 5.270865
0.355238 5.307687
0.361714 5.348716
0.368446 5.393799
0.375437 5.442921
0.382689 5.495631
0.390206 5.551664
0.397992 5.610341
0.406047 5.671289
0.414381 5.734466
0.422998 5.799732
0.431902 5.866974
0.441101 5.936262
0.450598 6.007392
0.460398 6.080671
0.470505 6.156144
0.480918 6.233477
0.491637 6.312837
0.502658 6.394300
0.513974 6.477835
0.525570 6.563235
0.537426 6.650461
0.549516 6.739113
0.561801 6.829535
0.574236 6.920991
0.586762 7.013339
0.599307 7.106175
0.611790 7.198694
0.624114 7.290241
0.636167 7.380136
0.647827 7.467542
0.658965 7.551336
0.669445 7.630638
0.679127 7.704437
0.687877 7.769591
0.695568 7.829007
0.702089 7.880161
0.707345 7.922345
0.711268 7.954897
0.713815 7.977639
0.714973 7.990229
0.714755 7.992642
0.713200 7.985087
0.710367 7.967767
0.706334 7.941252
0.701191 7.906115
0.695032 7.863032
0.687957 7.812733
0.680059 7.756276
0.671438 7.694362
0.662193 7.627989
0.652430 7.558090
0.642258 7.485441
0.631789 7.410868
0.621133 7.335251
0.610389 7.258822
0.599651 7.182675
0.588997 7.107177
0.578495 7.032703
0.568201 6.959808
0.558159 6.888804
0.548404 6.820002
0.538962 6.753555
0.529854 6.689582
0.521094 6.628389
0.512692 6.534257
0.504649 6.478576
0.496967 6.425696
0.489642 6.375592
0.482667 6.328216
0.476034 6.283499
0.469732 6.241357
0.463746 6.201820
0.458060 6.164490
0.452659 6.129327
0.447525 6.096418
0.442640 6.109548
0.437983 6.080474
0.433535 6.052891
0.429272 6.027021
0.425171 6.002587
0.421210 5.979138
0.417365 5.956605
0.413614 5.935003
0.409933 5.913956
0.406298 5.893147
0.402686 5.872630
0.399076 5.852150
0.395445 5.831510
0.391771 5.810528
0.388034 5.788912
0.384217 5.766719
0.380303 5.743682
0.376274 5.719648
0.372118 5.694503
0.367823 5.668095
0.363377 5.640503
0.358773 5.611484
0.354001 5.580894
0.349059 5.548678
0.343943 5.514809
0.338652 5.479326
0.333188 5.442119
0.327550 5.403285
0.321744 5.362999
0.315773 5.321087
0.309644 5.277569
0.303365 5.232531
0.296945 5.185870
0.290389 5.172802
0.283711 5.123069
0.276919 5.072167
0.270023 5.020089
0.263035 4.966736
0.255966 4.912353
0.248828 4.856988
0.241630 4.800851
0.234385 4.743941
0.227104 4.663751
0.219797 4.605966
0.212476 4.547753
0.205150 4.489340
0.197833 4.430559
0.190535 4.371651
0.183265 4.312721
0.176034 4.253953
0.168850 4.195321
0.161723 4.136992
0.154662 4.079138
0.147676 4.021637
0.140773 3.964813
0.133962 3.908633
0.127250 3.853248
0.120647 3.798673
0.114159 3.745139
0.107793 3.692425
0.101559 3.640727
0.095461 3.590096
0.089507 3.540588
0.083699 3.492022
0.078045 3.444846
0.072550 3.399018
0.067218 3.354347
0.062054 3.310986
0.057060 3.268952
0.052240 3.228151
0.047596 3.188875
0.043129 3.150931
0.038840 3.114349
0.034732 3.079261
0.030804 3.045517
0.027057 3.013216
0.023490 2.982290
0.020101 2.952640
0.016890 2.924430
0.013854 2.897739
0.010988 2.872464
0.008293 2.848559
0.005763 2.825963
0.003394 2.804862
0.001184 2.785108
-0.000875 2.764623
-0.002787 2.747661
-0.004559 2.731916
-0.006193 2.717441
-0.007698 2.704387
-0.009082 2.692150
-0.010347 2.681058
-0.011500 2.670983
-0.012547 2.661973
-0.013495 2.653635
-0.014349 2.646252
-0.015118 2.639622
-0.015806 2.633824
-0.016419 2.628922
-0.016964 2.624769
-0.017442 2.621239
-0.017860 2.618389
-0.018222 2.616121
-0.018532 2.614527
-0.018796 2.613792
-0.019017 2.613257
-0.019198 2.613420
-0.019342 2.614016
-0.019450 2.611083
-0.019525 2.612612
-0.019568 2.614635
-0.019580 2.617137
-0.019566 2.619886
-0.019525 2.623291
-0.019459 2.627120
-0.019368 2.637589
-0.019253 2.642349
-0.019117 2.647583
-0.018963 2.653381
-0.018789 2.659207
-0.018596 2.665404
-0.018384 2.671952
-0.018155 2.678704
-0.017915 2.685772
-0.017661 2.693046
-0.017396 2.700492
-0.017122 2.708093
-0.016843 2.715680
-0.016561 2.723453
-0.016279 2.731218
-0.015999 2.738967
-0.015725 2.746661
-0.015461 2.754258
-0.015209 2.761719
-0.014973 2.769004
-0.014756 2.776075
-0.014563 2.782895
-0.014396 2.789319
-0.014259 2.795528
-0.014155 2.801379
-0.014089 2.806972
-0.014061 2.812004
-0.014073 2.816583
-0.014127 2.820784
-0.014227 2.824407
-0.014376 2.827384
-0.014570 2.829953
-0.014810 2.834606
-0.015096 2.835831
-0.015429 2.836564
-0.015809 2.836856
-0.016233 2.836498
-0.016697 2.835672
-0.017201 2.834355
-0.017743 2.832498
-0.018319 2.830406
-0.018928 2.827749
-0.019565 2.824704
-0.020228 2.821308
-0.020914 2.817602
-0.021620 2.813641
-0.022344 2.809420
-0.023084 2.805029
-0.023836 2.800425
-0.024598 2.795561
-0.025367 2.790542
-0.026139 2.785360
-0.026915 2.780038
-0.027693 2.774539
-0.028473 2.768978
-0.029252 2.763236
-0.030030 2.757353
-0.030806 2.751363
-0.031584 2.745135
-0.032363 2.738998
-0.033141 2.735529
-0.033917 2.728982
-0.034696 2.722146
-0.035475 2.715247
-0.036252 2.708291
-0.037029 2.700939
-0.037808 2.693687
-0.038585 2.686086
-0.039360 2.678160
-0.040126 2.669972
-0.040881 2.661672
-0.041620 2.653179
-0.042338 2.644620
-0.043029 2.636105
-0.043687 2.627677
-0.044303 2.619179
-0.044872 2.610986
-0.045384 2.602986
-0.045827 2.595140
-0.046191 2.597801
-0.046464 2.590551
-0.046635 2.583820
-0.046693 2.577657
-0.046625 2.572216
-0.046418 2.567584
-0.046060 2.563812
-0.045539 2.561147
-0.044841 2.559695
-0.043954 2.559529
-0.042865 2.560715
-0.041568 2.563665
-0.040048 2.570928
-0.038294 2.577281
-0.036296 2.585506
-0.034046 2.595566
-0.031537 2.607581
-0.028765 2.621528
-0.025729 2.637716
-0.022428 2.655830
-0.018865 2.676005
-0.015051 2.698383
-0.011000 2.722349
-0.006730 2.748346
-0.002268 2.775861
0.002354 2.804669
0.007094 2.834563
0.011902 2.865126
0.016719 2.895912
0.021481 2.926431
0.026114 2.956068
0.030545 2.984506
0.034702 3.011029
0.038521 3.035111
0.041942 3.056459
0.044919 3.074674
0.047419 3.089630
0.049424 3.101117
0.050929 3.109204
0.051939 3.113959
0.052466 3.115445
0.052524 3.113843
0.052131 3.109167
0.051307 3.101423
0.050079 3.090994
0.048483 3.078111
0.046560 3.062860
0.044364 3.045762
0.041954 3.027308
0.039398 3.008055
0.036770 2.988591
0.034144 2.969504
0.031591 2.951351
0.029177 2.934529
0.026960 2.919625
0.024992 2.907017
0.023314 2.897087
0.021958 2.889801
0.020950 2.885485
0.020306 2.884188
0.020038 2.886215
0.020157 2.891498
0.020666 2.900065
0.021568 2.911918
0.022859 2.927039
0.024536 2.945391
0.026591 2.966725
0.029015 2.991521
0.031798 3.019123
0.034929 3.049535
0.038392 3.082762
0.042173 3.118462
0.046250 3.156530
0.050605 3.196679
0.055213 3.238706
0.060047 3.282377
0.065079 3.327511
0.070280 3.373572
0.075619 3.420406
0.081063 3.467713
0.086580 3.515153
0.092140 3.562535
0.097714 3.609535
0.103272 3.656046
0.108791 3.701526
0.114246 3.745909
0.119617 3.788997
0.124883 3.830740
0.130025 3.870729
0.135026 3.908939
0.139866 3.945232
0.144529 3.979476
0.148996 4.011548
0.153250 4.041337
0.157276 4.068685
0.161060 4.093630
0.164593 4.116150
0.167873 4.136208
0.170899 4.153928
0.173676 4.169246
0.176216 4.182348
0.178529 4.193507
0.180630 4.202730
0.182539 4.210271
0.184273 4.216319
0.185847 4.221106
0.187278 4.224601
0.188579 4.227194
0.189765 4.228974
0.190846 4.229938
0.191830 4.230229
0.192726 4.229920
0.193538 4.229042
0.194271 4.227706
0.194926 4.225883
0.195508 4.223595
0.196016 4.220800
0.196451 4.217404
0.196812 4.213655
0.197100 4.209507
0.197315 4.204946
0.197455 4.199829
0.197517 4.194175
0.197500 4.188034
0.197402 4.181384
0.197219 4.173970
0.196949 4.166165
0.196595 4.157852
0.196153 4.148968
0.195620 4.139504
0.194992 4.129451
0.194267 4.118823
0.193440 4.107443
0.192509 4.095458
0.191470 4.082814
0.190320 4.069153
0.189055 4.054969
0.187676 4.040146
0.186179 4.024448
0.184568 4.007854
0.182842 3.990279
0.181005 3.972113
0.179062 3.953045
0.177020 3.933143
0.174887 3.912744
0.172673 3.891829
0.170387 3.870458
0.168044 3.848338
0.165653 3.825649
0.163232 3.802792
0.160793 3.779620
0.158353 3.756451
0.155927 3.733302
0.153529 3.710295
0.151173 3.687462
0.148876 3.665097
0.146653 3.643227
0.144514 3.622129
0.142475 3.601404
0.140548 3.581676
0.138747 3.562865
0.137081 3.545065
0.135562 3.528368
0.134198 3.512778
0.133000 3.498614
0.131975 3.485723
0.131129 3.474167
0.130472 3.464178
0.130010 3.455740
0.129747 3.448945
0.129685 3.443980
0.129833 3.440495
0.130192 3.438733
0.130764 3.438620
0.131551 3.440373
0.132553 3.443899
0.133768 3.449186
0.135194 3.456209
0.136827 3.464901
0.138661 3.475314
0.140690 3.487366
0.142902 3.500810
0.145286 3.515975
0.147833 3.532592
0.150525 3.550577
0.153344 3.569846
0.156271 3.590200
0.159286 3.611602
0.162363 3.633987
0.165481 3.656965
0.168613 3.680345
0.171734 3.704060
0.174817 3.727831
0.177837 3.751453
0.180770 3.774727
0.183593 3.797463
0.186285 3.819629
0.188826 3.840827
0.191202 3.860941
0.193401 3.880102
0.195415 3.898042
0.197241 3.914714
0.198875 3.930113
0.200319 3.944147
0.201577 3.956885
0.202653 3.968342
0.203550 3.978541
0.204279 3.987592
0.204850 3.995690
0.205271 4.002484
0.205549 4.008133
0.205692 4.012937
0.205711 4.017003
0.205610 4.020050
0.205397 4.022261
0.205076 4.023671
0.204649 4.024454
0.204120 4.024338
0.203490 4.023373
0.202761 4.021781
0.201933 4.019443
0.201003 4.016435
0.199969 4.012570
0.198831 4.008021
0.197585 4.002547
0.196229 3.996360
0.194761 3.989305
0.193179 3.981280
0.191481 3.972342
0.189668 3.962473
0.187737 3.951664
0.185689 3.939909
0.183523 3.927351
0.181239 3.913651
0.178842 3.899042
0.176332 3.883484
0.173713 3.846663
0.170988 3.829521
0.168162 3.811479
0.165239 3.792615
0.162220 3.772830
0.159115 3.752295
0.155929 3.731024
0.152665 3.709186
0.149330 3.686527
0.145930 3.663224
0.142473 3.639457
0.138967 3.615192
0.135416 3.590424
0.131829 3.565346
0.128213 3.540016
0.124574 3.514478
0.120921 3.488662
0.117259 3.463014
0.113598 3.437262
0.109944 3.411253
0.106303 3.385572
0.102685 3.359982
0.099094 3.334657
0.095540 3.309725
0.092028 3.285208
0.088565 3.261200
0.085156 3.237720
0.081808 3.214805
0.078523 3.192482
0.075305 3.170811
0.072152 3.149940
0.069072 3.129278
0.066067 3.109466
0.063138 3.090195
0.060286 3.071670
0.057511 3.053700
0.054811 3.036291
0.052186 3.019545
0.049633 3.003406
0.047151 2.987674
0.044739 2.972440
0.042392 2.957692
0.040109 2.943308
0.037885 2.929315
0.035718 2.915538
0.033605 2.902223
0.031543 2.889026
0.029528 2.876251
0.027556 2.863592
0.025627 2.851130
0.023738 2.838849
0.021889 2.827034
0.020075 2.815142
0.018299 2.803438
0.016559 2.791980
0.014852 2.780587
0.013182 2.769647
0.011549 2.758872
0.009957 2.748330
0.008410 2.737988
0.006910 2.727973
0.005462 2.724690
0.004070 2.714996
0.002741 2.705890
0.001480 2.697341
0.000293 2.689195
-0.000811 2.681582
-0.001828 2.674330
-0.002749 2.667942
-0.003565 2.662260
-0.004266 2.657357
-0.004845 2.653307
-0.005290 2.650185
-0.005595 2.648059
-0.005749 2.647009
-0.005742 2.647126
-0.005567 2.648484
-0.005215 2.651137
-0.004676 2.655188
-0.003944 2.660569
-0.003010 2.667776
-0.001863 2.676541
-0.000497 2.687053
0.001094 2.699358
0.002920 2.713479
0.004986 2.729731
0.007298 2.748087
0.009863 2.768460
0.012687 2.790963
0.015775 2.815552
0.019133 2.835558
0.022766 2.864801
0.026678 2.896352
0.030872 2.930245
0.035352 2.966515
0.040120 3.005195
0.045173 3.046248
0.050514 3.089750
0.056141 3.135852
0.062049 3.184562
0.068232 3.223001
0.074685 3.276105
0.081395 3.331496
0.088346 3.389441
0.095521 3.449775
0.102899 3.512285
0.110452 3.576761
0.118148 3.642920
0.125951 3.710377
0.133820 3.778827
0.141711 3.847812
0.149577 3.916556
0.157369 3.985074
0.165040 4.052471
0.172545 4.129267
0.179842 4.193507
0.186895 4.255456
0.193674 4.314870
0.200156 4.371077
0.206325 4.424285
0.212170 4.474303
0.217685 4.520917
0.222865 4.564125
0.227708 4.603884
0.232212 4.640165
0.236374 4.672945
0.240191 4.702195
0.243657 4.727876
0.246768 4.749834
0.249517 4.768272
0.251899 4.783222
0.253911 4.794359
0.255551 4.801939
0.256828 4.805964
0.257751 4.806571
0.258341 4.803961
0.258625 4.798390
0.258637 4.790172
0.258418 4.779669
0.258014 4.767272
0.257473 4.753252
0.256843 4.738329
0.256174 4.722814
0.255512 4.707084
0.254901 4.691560
0.254381 4.676664
0.253984 4.662536
0.253738 4.649656
0.253666 4.638004
0.253783 4.628033
0.254103 4.619858
0.254627 4.613200
0.255357 4.594876
0.256290 4.591456
0.257417 4.589755
0.258723 4.589565
0.260191 4.590909
0.261804 4.593527
0.263540 4.597142
0.265376 4.601838
0.267289 4.607424
0.269258 4.613744
0.271263 4.620635
0.273285 4.628131
0.275310 4.635996
0.277326 4.643971
0.279324 4.652280
0.281301 4.660816
0.283255 4.669676
0.285190 4.678572
0.287110 4.678294
0.289023 4.688163
0.290942 4.698508
0.292883 4.709354
0.294858 4.720739
0.296883 4.732807
0.298976 4.745728
0.301155 4.759536
0.303435 4.774281
0.305831 4.790216
0.308358 4.807377
0.311032 4.825645
0.313867 4.845264
0.316870 4.866300
0.320054 4.888811
0.323426 4.912780
0.326992 4.938416
0.330758 4.965783
0.334723 4.994655
0.338887 5.025234
0.343249 5.057381
0.347805 5.091218
0.352550 5.126659
0.357477 5.163429
0.362575 5.201524
0.367836 5.240821
0.373244 5.281362
0.378789 5.322675
0.384455 5.364865
0.390226 5.407481
0.396088 5.450812
0.402028 5.494555
0.408029 5.538542
0.414075 5.582644
0.420155 5.626788
0.426254 5.670784
0.432357 5.714614
0.438458 5.758422
0.444546 5.802120
0.450613 5.845719
0.456652 5.889257
0.462660 5.932827
0.468633 5.980368
0.474569 6.009846
0.480468 6.054083
0.486330 6.098199
0.492157 6.142305
0.497953 6.186175
0.503723 6.229823
0.509470 6.273029
0.515198 6.316188
0.520914 6.359091
0.526624 6.401778
0.532334 6.444390
0.538051 6.486953
0.543777 6.529510
0.549520 6.572162
0.555284 6.614835
0.561072 6.657805
0.566887 6.700748
0.572731 6.744155
0.578603 6.788157
0.584502 6.832319
0.590426 6.877098
0.596374 6.922207
0.602341 6.967696
0.608318 7.013371
0.614297 7.059407
0.620269 7.105414
0.626223 7.151339
0.632143 7.197059
0.638014 7.242343
0.643820 7.287107
0.649542 7.331056
0.655160 7.373991
0.660654 7.415809
0.666003 7.455945
0.671184 7.494741
0.676180 7.531863
0.680974 7.567050
0.685547 7.615287
0.689885 7.645986
0.693976 7.674469
0.697812 7.700587
0.701385 7.724154
0.704694 7.745338
0.707741 7.764082
0.710527 7.780546
0.713060 7.897280
0.715350 7.908062
0.717410 7.916743
0.719250 7.923533
0.720887 7.928421
0.722336 7.931637
0.723610 7.933368
0.724721 7.933889
0.725685 7.933000
0.726509 7.931124
0.727203 7.928155
0.727773 7.924314
0.728223 7.919603
0.728553 7.914091
0.728758 7.907844
0.728838 7.900819
0.728783 7.892935
0.728586 7.884145
0.728229 7.874298
0.727694 7.863426
0.726951 7.851143
0.725964 7.836983
0.724678 7.820883
0.723028 7.825205
0.720932 7.803144
0.718300 7.776774
0.715030 7.745496
0.711026 7.708509
0.706208 7.665206
0.700509 7.614872
0.693894 7.557091
0.686357 7.492017
0.677929 7.420037
0.668679 7.341897
0.658719 7.258635
0.648194 7.171472
0.637265 7.081629
0.626095 6.990464
0.614838 6.899130
0.603628 6.808492
0.592578 6.719636
0.581790 6.633251
0.571339 6.550022
0.561292 6.470266
0.551701 6.394342
0.542606 6.322590
0.534040 6.255204
0.526026 6.192271
0.518585 6.133936
0.511730 6.080145
0.505468 6.031039
0.499807 5.986585
0.494747 5.946743
0.490284 5.911665
0.486412 5.880994
0.483121 5.854685
0.480398 5.832625
0.478224 5.811982
0.476576 5.797358
0.475426 5.786318
0.474742 5.778613
0.474484 5.773801
0.474608 5.771853
0.475070 5.772268
0.475818 5.774678
0.476799 5.778834
0.477960 5.784317
0.479245 5.790641
0.480600 5.797673
0.481972 5.805009
0.483310 5.812346
0.484561 5.819467
0.485669 5.825855
0.486573 5.831178
0.487199 5.834901
0.487453 5.836333
0.487217 5.834603
0.486342 5.828633
0.484652 5.817169
0.481956 5.798866
0.478066 5.772474
0.472830 5.736888
0.466165 5.691772
0.458076 5.636729
0.448663 5.572869
0.438104 5.501120
0.426622 5.423064
0.414455 5.339960
0.401830 5.253548
0.388955 5.165160
0.376006 5.076069
0.363129 4.987299
0.350438 4.899787
0.338023 4.814035
0.325947 4.730420
0.314264 4.649459
0.303007 4.571372
0.292196 4.496333
0.281844 4.424478
0.271955 4.355850
0.262530 4.290491
0.253562 4.228508
0.245047 4.166396
0.236973 4.111207
0.229332 4.058926
0.222112 4.009743
0.215301 3.963426
0.208883 3.920115
0.202845 3.879603
0.197173 3.841765
0.191854 3.806634
0.186872 3.774223
0.182210 3.744130
0.177851 3.716287
0.173774 3.690724
0.169962 3.667103
0.166394 3.645179
0.163046 3.624893
0.159897 3.605872
0.156919 3.588250
0.154088 3.571692
0.151378 3.555810
0.148763 3.540714
0.146217 3.525921
0.143716 3.511465
0.141237 3.497067
0.138757 3.482560
0.136262 3.467961
0.133735 3.453071
0.131162 3.437824
0.128532 3.422328
0.125834 3.406159
0.123064 3.389412
0.120215 3.372067
0.117282 3.354077
0.114260 3.335375
0.111145 3.315893
0.107934 3.295576
0.104621 3.274377
0.101205 3.252198
0.097683 3.229034
0.094052 3.205085
0.090311 3.180078
0.086463 3.153892
0.082507 3.126595
0.078451 3.098350
0.074302 3.069140
0.070068 3.039095
0.065762 3.008219
0.061396 2.976683
0.056986 2.944588
0.052545 2.912064
0.048090 2.879441
0.043641 2.846481
0.039214 2.819509
0.034824 2.786479
0.030488 2.753567
0.026219 2.721199
0.022030 2.689256
0.017932 2.657819
0.013933 2.627346
0.010043 2.597555
0.006266 2.568589
0.002609 2.540570
-0.000927 2.513571
-0.004338 2.487648
-0.007625 2.462912
-0.010788 2.439295
-0.013826 2.416867
-0.016742 2.395650
-0.019538 2.375653
-0.022219 2.356886
-0.024786 2.339428
-0.027240 2.322936
-0.029586 2.307435
-0.031825 2.292987
-0.033957 2.279474
-0.035986 2.266831
-0.037913 2.254967
-0.039739 2.243752
-0.041461 2.233166
-0.043079 2.223322
-0.044591 2.214176
-0.045995 2.205530
-0.047286 2.197605
-0.048461 2.190077
-0.049519 2.183358
-0.050448 2.177216
-0.051242 2.171762
-0.051897 2.166967
-0.052405 2.163003
-0.052755 2.159907
-0.052940 2.157739
-0.052947 2.156536
-0.052768 2.156414
-0.052393 2.157285
-0.051811 2.159561
-0.051009 2.163067
-0.049978 2.168395
-0.048701 2.175232
-0.047169 2.183854
-0.045368 2.194461
-0.043286 2.207135
-0.040910 2.222142
-0.038226 2.239521
-0.035222 2.259388
-0.031885 2.281766
-0.028203 2.306846
-0.024162 2.334821
-0.019753 2.365717
-0.014962 2.399582
-0.009775 2.436276
-0.004182 2.476012
0.001828 2.518864
0.008264 2.564889
0.015133 2.614133
0.022443 2.659344
0.030199 2.714856
0.038401 2.773637
0.047050 2.835677
0.056141 2.900939
0.065665 2.969410
0.075608 3.048339
0.085950 3.122741
0.096662 3.199901
0.107711 3.279421
0.119049 3.360803
0.130622 3.443835
0.142363 3.527815
0.154195 3.612221
0.166030 3.696307
0.177773 3.779328
0.189324 3.860270
0.200583 3.938550
0.211455 4.013371
0.221852 4.077982
0.231702 4.143947
0.240953 4.204734
0.249565 4.259986
0.257521 4.310226
0.264809 4.355136
0.271416 4.394349
0.277339 4.428194
0.282564 4.456597
0.287072 4.479381
0.290841 4.496406
0.293841 4.507358
0.296047 4.512097
0.297437 4.510417
0.298001 4.502287
0.297748 4.487773
0.296706 4.467098
0.294925 4.440835
0.292479 4.409773
0.289457 4.374470
0.285957 4.335852
0.282076 4.294742
0.277908 4.251877
0.273536 4.207940
0.269030 4.163503
0.264450 4.119053
0.259846 4.074937
0.255255 4.031547
0.250709 3.988843
0.246238 3.947440
0.241863 3.907278
0.237601 3.868509
0.233469 3.831463
0.229478 3.795825
0.225640 3.761803
0.221964 3.729353
0.218454 3.698723
0.215114 3.669788
0.211945 3.642523
0.208952 3.617047
0.206137 3.593402
0.203495 3.571555
0.201028 3.551447
0.198735 3.532858
0.196611 3.515894
0.194655 3.500734
0.192862 3.487226
0.191228 3.474998
0.189749 3.464284
0.188421 3.454935
0.187241 3.447008
0.186205 3.440129
0.185311 3.434882
0.184556 3.430533
0.183941 3.427208
0.183469 3.425120
0.183141 3.424138
0.182961 3.424199
0.182932 3.425386
0.183061 3.427774
0.183354 3.431335
0.183817 3.436109
0.184458 3.437795
0.185283 3.445184
0.186299 3.453805
0.187513 3.464068
0.188930 3.475723
0.190557 3.488822
0.192396 3.503500
0.194456 3.519908
0.196740 3.537985
0.199252 3.557754
0.201991 3.579225
0.204954 3.602461
0.208140 3.627328
0.211540 3.653763
0.215144 3.681753
0.218935 3.711275
0.222891 3.741983
0.226985 3.773869
0.231185 3.806660
0.235451 3.840023
0.239742 3.873823
0.244012 3.907626
0.248214 3.941119
0.252307 3.973999
0.256252 4.005804
0.260019 4.036336
0.263582 4.065377
0.266926 4.092734
0.270044 4.118316
0.272941 4.142057
0.275621 4.163913
0.278106 4.184085
0.280415 4.202736
0.282573 4.227668
0.284606 4.243037
0.286541 4.257187
0.288403 4.270362
0.290215 4.282488
0.291998 4.293739
0.293773 4.304269
0.295557 4.314218
0.297364 4.323567
0.299209 4.332600
0.301102 4.341442
0.303050 4.349892
0.305063 4.357951
0.307147 4.365853
0.309304 4.373623
0.311539 4.380722
0.313850 4.387910
0.316238 4.394834
0.318701 4.401487
0.321236 4.407960
0.323838 4.414259
0.326499 4.420243
0.329219 4.425881
0.331994 4.431406
0.334816 4.436372
0.337681 4.440984
0.340588 4.445240
0.343531 4.449155
0.346511 4.452865
0.349527 4.456219
0.352584 4.459350
0.355689 4.462767
0.358848 4.466549
0.362074 4.470799
0.365377 4.475900
0.368771 4.482177
0.372273 4.490016
0.375900 4.499746
0.379667 4.511750
0.383591 4.526607
0.387686 4.544495
0.391965 4.565849
0.396436 4.590889
0.401109 4.619495
0.405989 4.651623
0.411077 4.687267
0.416371 4.726407
0.421871 4.768797
0.427571 4.814382
0.433461 4.862972
0.439527 4.914492
0.445751 4.968309
0.452108 5.024079
0.458568 5.081645
0.465095 5.140309
0.471649 5.199778
0.478179 5.259392
0.484625 5.318495
0.490919 5.376343
0.496990 5.432623
0.502758 5.486374
0.508144 5.537117
0.513067 5.583641
0.517459 5.625524
0.521264 5.662229
0.524444 5.693489
0.526983 5.719085
0.528888 5.738977
0.530193 5.753368
0.530946 5.762626
0.531211 5.767235
0.531056 5.767767
0.530551 5.764665
0.529763 5.758562
0.528756 5.750087
0.527588 5.739422
0.526308 5.727083
0.524957 5.713413
0.523571 5.698704
0.522175 5.683154
0.520795 5.667190
0.519450 5.650510
0.518154 5.633457
0.516925 5.616489
0.515778 5.599570
0.514725 5.583068
0.513776 5.567277
0.512942 5.552425
0.512233 5.538686
0.511659 5.526628
0.511229 5.516834
0.510952 5.511185
0.510837 5.512490
0.510890 5.522449
0.511119 5.539172
0.511531 5.560128
0.512131 5.583864
0.512923 5.609589
0.513904 5.655325
0.515078 5.683598
0.516444 5.712914
0.517995 5.743104
0.519725 5.774328
0.521625 5.806201
0.523679 5.844664
0.525872 5.877424
0.528183 5.910619
0.530587 5.944174
0.533055 5.977770
0.535556 6.010925
0.538053 6.043622
0.540510 6.075371
0.542891 6.105998
0.545156 6.135160
0.547271 6.162598
0.549200 6.188278
0.550916 6.211527
0.552394 6.232366
0.553616 6.250758
0.554567 6.266510
0.555243 6.279478
0.555639 6.290012
0.555754 6.297577
0.555595 6.302511
0.555169 6.304907
0.554487 6.304869
0.553564 6.302511
0.552417 6.297986
0.551066 6.291437
0.549535 6.282892
0.547849 6.272774
0.546040 6.261518
0.544135 6.249035
0.542166 6.235674
0.540158 6.221693
0.538142 6.207283
0.536143 6.192712
0.534185 6.178169
0.532289 6.163989
0.530474 6.149630
0.528762 6.136232
0.527169 6.123525
0.525710 6.111720
0.524401 6.100777
0.523258 6.090885
0.522295 6.082137
0.521525 6.074580
0.520964 6.068456
0.520627 6.063678
0.520531 6.060411
0.520689 6.058753
0.521117 6.058803
0.521831 6.060678
0.522844 6.064554
0.524169 6.070615
0.525821 6.078513
0.527812 6.088739
0.530152 6.101177
0.532850 6.116162
0.535914 6.133583
0.539349 6.153518
0.543158 6.176071
0.547345 6.201237
0.551909 6.228965
0.556847 6.259601
0.562157 6.292664
0.567832 6.328295
0.573868 6.366576
0.580256 6.407465
0.586984 6.450845
0.594043 6.496682
0.601420 6.544887
0.609101 6.595356
0.617072 6.648060
0.625319 6.702786
0.633823 6.759434
0.642570 6.817968
0.651542 6.878228
0.660722 6.940087
0.670095 7.003419
0.679641 7.068088
0.689344 7.133957
0.699188 7.200887
0.709156 7.268750
0.719231 7.337435
0.729398 7.406853
0.739641 7.477005
0.749946 7.547698
0.760299 7.618815
0.770689 7.690396
0.781100 7.762244
0.791523 7.834114
0.801945 7.906119
0.812355 7.977888
0.822743 8.004479
0.833097 8.075409
0.843405 8.145792
0.853655 8.215651
0.863832 8.284833
0.873920 8.353118
0.883903 8.420739
0.893761 8.487321
0.903470 8.552980
0.913000 8.617741
0.922321 8.680852
0.931398 8.742350
0.940189 8.802252
0.948652 8.860280
0.956739 8.915950
0.964401 8.969020
0.971586 9.076143
0.978244 9.123469
0.984325 9.167003
0.989788 9.229572
0.994602 9.265372
0.998740 9.297012
1.002189 9.324634
1.004945 9.348112
1.007010 9.367443
1.008392 9.382644
1.009103 9.393617
1.009152 9.400621
1.008554 9.403560
1.007321 9.402355
1.005459 9.397120
1.002985 9.388075
0.999909 9.374869
0.996243 9.357612
0.991996 9.336285
0.987179 9.310697
0.981806 9.281193
0.975893 9.188570
0.969458 9.151124
0.962525 9.109582
0.955124 9.064289
0.947288 9.015383
0.939055 8.963156
0.930469 8.907964
0.921576 8.850228
0.912435 8.790369
0.903104 8.728829
0.893640 8.666340
0.884107 8.603475
0.874563 8.540836
0.865067 8.478752
0.855672 8.417839
0.846434 8.358742
0.837396 8.301752
0.828600 8.247216
0.820074 8.195421
0.811844 8.146487
0.803924 8.100721
0.796321 8.058177
0.789032 8.018785
0.782043 7.982500
0.775327 7.948909
0.768847 7.917730
0.762553 7.888465
0.756385 7.860516
0.750274 7.833192
0.744145 7.805818
0.737922 7.777469
0.731533 7.747434
0.724907 7.714942
0.717980 7.679363
0.710699 7.640097
0.703021 7.596731
0.694916 7.548753
0.686378 7.496472
0.677417 7.439804
0.668070 7.379148
0.658397 7.315006
0.648470 7.248241
0.638378 7.179275
0.628209 7.109111
0.618052 7.038576
0.607988 6.968438
0.598092 6.899434
0.588427 6.832307
0.579048 6.767346
0.569994 6.704858
0.561297 6.645605
0.552982 6.589494
0.545064 6.496299
0.537547 6.446921
0.530431 6.400852
0.523713 6.358101
0.517380 6.318593
0.511417 6.282186
0.505808 6.248756
0.500530 6.218100
0.495561 6.190006
0.490879 6.164386
0.486455 6.140771
0.482265 6.119114
0.478285 6.099132
0.474484 6.080616
0.470839 6.063176
0.467323 6.046791
0.463915 6.031045
0.460592 6.015751
0.457336 6.000788
0.454124 5.986065
0.450943 5.971269
0.447777 5.956282
0.444615 5.941122
0.441450 5.925633
0.438272 5.909972
0.435075 5.894406
0.431860 5.878281
0.428626 5.861686
0.425373 5.844760
0.422106 5.827252
0.418829 5.809403
0.415548 5.791227
0.412271 5.772747
0.409002 5.753936
0.405756 5.735243
0.402541 5.716569
0.399366 5.698054
0.396242 5.679776
0.393178 5.661738
0.390182 5.644225
0.387263 5.627290
0.384425 5.610861
0.381676 5.595213
0.379021 5.580248
0.376460 5.565925
0.373994 5.552324
0.371623 5.539447
0.369343 5.527189
0.367147 5.515605
