8
0.4813
1 3.347074
2 1.085148
3 0.708852
4 0.483074
5 0.341222
6 0.262481
7 0.206259
8 0.159704
9 0.136259
10 0.113074
11 0.091000
12 0.082741
13 0.067519
14 0.059667
15 0.051444
16 0.046111
17 0.042741
18 0.038667
19 0.032926
20 0.027370
21 0.026296
22 0.023111
23 0.020481
24 0.019296
25 0.016556
26 0.014741
27 0.012000
28 0.010185
29 0.009370
30 0.008222
31 0.007000
32 0.006037
33 0.005407
34 0.004148
35 0.003185
36 0.002593
37 0.002000
38 0.001889
39 0.000926
40 0.000815
41 0.000296
42 0.000407
43 0.000074
44 0.000037
45 0.000074

0.5063
1 3.007111
2 0.967296
3 0.637593
4 0.438519
5 0.315741
6 0.243556
7 0.190778
8 0.150963
9 0.131519
10 0.109667
11 0.091296
12 0.083037
13 0.067741
14 0.064333
15 0.055593
16 0.047889
17 0.045148
18 0.043407
19 0.037370
20 0.033593
21 0.030704
22 0.029852
23 0.024889
24 0.023222
25 0.022444
26 0.021037
27 0.019037
28 0.016185
29 0.015148
30 0.012556
31 0.011148
32 0.011111
33 0.008889
34 0.008037
35 0.006556
36 0.006481
37 0.004370
38 0.003741
39 0.002333
40 0.001741
41 0.001667
42 0.000741
43 0.000630
44 0.000148
45 0.000185
46 0.000148

0.5313
1 2.676926
2 0.855407
3 0.562148
4 0.390370
5 0.280889
6 0.219296
7 0.176667
8 0.139963
9 0.120704
10 0.101222
11 0.089000
12 0.076963
13 0.069704
14 0.061111
15 0.058259
16 0.048556
17 0.046815
18 0.043926
19 0.042148
20 0.038222
21 0.032963
22 0.032037
23 0.028741
24 0.027741
25 0.027407
26 0.025704
27 0.025741
28 0.020519
29 0.021852
30 0.018778
31 0.017667
32 0.015704
33 0.014185
34 0.012889
35 0.011593
36 0.012111
37 0.009444
38 0.007074
39 0.005852
40 0.004778
41 0.003185
42 0.002148
43 0.002074
44 0.000704
45 0.000519
46 0.000333
47 0.000148
48 0.000074

0.5563
1 2.352741
2 0.743741
3 0.490630
4 0.337778
5 0.247667
6 0.192185
7 0.155000
8 0.126185
9 0.109704
10 0.093407
11 0.079407
12 0.071778
13 0.064037
14 0.059185
15 0.055852
16 0.048963
17 0.044630
18 0.043963
19 0.040074
20 0.039111
21 0.036926
22 0.033111
23 0.032481
24 0.031556
25 0.029926
26 0.029074
27 0.026889
28 0.026667
29 0.027000
30 0.024148
31 0.024741
32 0.021185
33 0.020704
34 0.019074
35 0.017630
36 0.018000
37 0.015407
38 0.013259
39 0.011741
40 0.010852
41 0.007148
42 0.005370
43 0.004037
44 0.002407
45 0.001926
46 0.001000
47 0.000519
48 0.000222
49 0.000074

0.5813
1 2.048778
2 0.634852
3 0.419481
4 0.289778
5 0.212370
6 0.166481
7 0.132741
8 0.107333
9 0.095963
10 0.082444
11 0.066481
12 0.063815
13 0.056852
14 0.051926
15 0.049296
16 0.045963
17 0.041963
18 0.039519
19 0.038037
20 0.036444
21 0.033407
22 0.034444
23 0.032778
24 0.031778
25 0.032000
26 0.031148
27 0.030593
28 0.029630
29 0.029148
30 0.027444
31 0.027815
32 0.028667
33 0.027111
34 0.024926
35 0.024407
36 0.024370
37 0.021963
38 0.022037
39 0.020444
40 0.017741
41 0.015037
42 0.012926
43 0.009481
44 0.006741
45 0.004481
46 0.002667
47 0.002074
48 0.000889
49 0.000333
50 0.000037
51 0.000037

0.6063
1 1.770519
2 0.535778
3 0.355481
4 0.244778
5 0.176889
6 0.141963
7 0.113111
8 0.091000
9 0.079667
10 0.070407
11 0.057852
12 0.050741
13 0.048148
14 0.045185
15 0.041556
16 0.039519
17 0.034963
18 0.035926
19 0.032111
20 0.033963
21 0.031926
22 0.029667
23 0.031519
24 0.029111
25 0.030111
26 0.030296
27 0.029481
28 0.029481
29 0.030407
30 0.030185
31 0.028963
32 0.031185
33 0.032593
34 0.031037
35 0.031481
36 0.032926
37 0.029222
38 0.028852
39 0.028556
40 0.026333
41 0.024556
42 0.023037
43 0.016815
44 0.014741
45 0.009630
46 0.007593
47 0.005593
48 0.002519
49 0.001630
50 0.000593
51 0.000185
52 0.000037
53 0.000037

0.6313
1 1.511370
2 0.446852
3 0.291333
4 0.201630
5 0.144481
6 0.116630
7 0.094037
8 0.075815
9 0.065556
10 0.054704
11 0.046963
12 0.041926
13 0.036741
14 0.035111
15 0.031519
16 0.032519
17 0.030556
18 0.028333
19 0.028926
20 0.026185
21 0.027630
22 0.026259
23 0.026630
24 0.025000
25 0.025963
26 0.027000
27 0.027741
28 0.028074
29 0.029000
30 0.029370
31 0.031185
32 0.029259
33 0.034074
34 0.033259
35 0.033556
36 0.036926
37 0.035333
38 0.034296
39 0.036556
40 0.038000
41 0.033963
42 0.032185
43 0.031667
44 0.026852
45 0.020111
46 0.015630
47 0.011333
48 0.007889
49 0.004741
50 0.002185
51 0.001037
52 0.000333
53 0.000111
54 0.000037
55 0.000037

0.6563
1 1.272111
2 0.367481
3 0.234741
4 0.163519
5 0.114370
6 0.088704
7 0.072556
8 0.059889
9 0.050185
10 0.042074
11 0.036444
12 0.033444
13 0.029296
14 0.026407
15 0.024259
16 0.024370
17 0.024444
18 0.020481
19 0.022889
20 0.020593
21 0.020889
22 0.020704
23 0.021037
24 0.020815
25 0.020704
26 0.022852
27 0.023815
28 0.022296
29 0.025630
30 0.025074
31 0.027259
32 0.027815
33 0.030481
34 0.031704
35 0.033481
36 0.036222
37 0.040704
38 0.036889
39 0.039037
40 0.044370
41 0.045037
42 0.044000
43 0.041556
44 0.041370
45 0.037667
46 0.028519
47 0.024519
48 0.016889
49 0.011889
50 0.006333
51 0.003926
52 0.001852
53 0.000704
54 0.000296
56 0.000074

0.6813
1 1.049704
2 0.299000
3 0.188333
4 0.126630
5 0.087778
6 0.069037
7 0.054741
8 0.044889
9 0.037593
10 0.032296
11 0.027481
12 0.023630
13 0.023296
14 0.018926
15 0.018333
16 0.017926
17 0.018185
18 0.015000
19 0.017111
20 0.015111
21 0.014185
22 0.015444
23 0.016815
24 0.016074
25 0.016667
26 0.017593
27 0.017444
28 0.018630
29 0.019259
30 0.020852
31 0.021704
32 0.024259
33 0.023519
34 0.027593
35 0.028667
36 0.029333
37 0.035222
38 0.038556
39 0.040296
40 0.045481
41 0.050407
42 0.052333
43 0.052556
44 0.051074
45 0.052074
46 0.047667
47 0.041444
48 0.033037
49 0.023259
50 0.017185
51 0.010222
52 0.005593
53 0.002481
54 0.001407
55 0.000370
56 0.000074
57 0.000037
58 0.000037

