16
0.4878
1 10.739778
2 3.164593
3 2.052148
4 1.407222
5 1.014704
6 0.774593
7 0.608815
8 0.496000
9 0.413926
10 0.348704
11 0.304481
12 0.254148
13 0.224407
14 0.193704
15 0.169704
16 0.155000
17 0.138481
18 0.125185
19 0.110926
20 0.098815
21 0.093926
22 0.082704
23 0.075704
24 0.068519
25 0.062741
26 0.055481
27 0.054815
28 0.049926
29 0.047333
30 0.041556
31 0.038481
32 0.037926
33 0.033667
34 0.031593
35 0.031556
36 0.027778
37 0.025741
38 0.024148
39 0.022556
40 0.020481
41 0.019333
42 0.018593
43 0.018296
44 0.016926
45 0.015259
46 0.014963
47 0.014704
48 0.012481
49 0.011519
50 0.010852
51 0.010519
52 0.010926
53 0.008852
54 0.010111
55 0.008519
56 0.007296
57 0.007370
58 0.006111
59 0.006593
60 0.006407
61 0.006741
62 0.006037
63 0.005778
64 0.004815
65 0.004222
66 0.004407
67 0.004370
68 0.004148
69 0.003815
70 0.003852
71 0.002889
72 0.003185
73 0.003148
74 0.003370
75 0.003074
76 0.002407
77 0.003037
78 0.002074
79 0.002481
80 0.002222
81 0.001815
82 0.002407
83 0.001333
84 0.001148
85 0.001704
86 0.001259
87 0.001444
88 0.001370
89 0.001037
90 0.001407
91 0.000741
92 0.000889
93 0.000778
94 0.000889
95 0.000667
96 0.001000
97 0.000630
98 0.000593
99 0.000630
100 0.000556
101 0.000444
102 0.000333
103 0.000370
104 0.000519
105 0.000481
106 0.000370
107 0.000185
108 0.000370
109 0.000148
110 0.000296
111 0.000296
112 0.000037
113 0.000074
114 0.000185
115 0.000333
116 0.000111
117 0.000148
118 0.000037
119 0.000037
121 0.000074
122 0.000148
124 0.000074
125 0.000037
127 0.000037
128 0.000074
129 0.000037
131 0.000037
132 0.000037
135 0.000037
137 0.000037
140 0.000037

0.5128
1 9.455481
2 2.723148
3 1.774741
4 1.227037
5 0.884370
6 0.678630
7 0.541000
8 0.437593
9 0.367556
10 0.307667
11 0.274111
12 0.232630
13 0.202037
14 0.179000
15 0.160074
16 0.144000
17 0.129111
18 0.119000
19 0.105519
20 0.098963
21 0.092222
22 0.086741
23 0.076926
24 0.070111
25 0.064037
26 0.059222
27 0.054852
28 0.054889
29 0.049926
30 0.045667
31 0.043556
32 0.040593
33 0.039148
34 0.035630
35 0.033926
36 0.032111
37 0.029963
38 0.029148
39 0.027963
40 0.026407
41 0.026074
42 0.023481
43 0.020704
44 0.020519
45 0.020556
46 0.018407
47 0.018370
48 0.017407
49 0.015815
50 0.014963
51 0.014111
52 0.013074
53 0.013704
54 0.013074
55 0.013148
56 0.011074
57 0.011556
58 0.011481
59 0.010185
60 0.010667
61 0.008852
62 0.008000
63 0.009481
64 0.008037
65 0.008000
66 0.007333
67 0.008185
68 0.006370
69 0.006370
70 0.006519
71 0.005963
72 0.005667
73 0.005741
74 0.005741
75 0.005889
76 0.004704
77 0.004370
78 0.004889
79 0.004667
80 0.004852
81 0.003519
82 0.003704
83 0.004111
84 0.002963
85 0.003963
86 0.004000
87 0.003185
88 0.003481
89 0.002741
90 0.002667
91 0.002111
92 0.002481
93 0.001926
94 0.002444
95 0.002222
96 0.001852
97 0.002111
98 0.001963
99 0.002000
100 0.001852
101 0.001296
102 0.001407
103 0.001000
104 0.001519
105 0.001481
106 0.001222
107 0.001111
108 0.001148
109 0.000815
110 0.000889
111 0.001074
112 0.000889
113 0.000667
114 0.000630
115 0.000630
116 0.000556
117 0.000815
118 0.000407
119 0.000296
120 0.000481
121 0.000407
122 0.000222
123 0.000333
124 0.000407
125 0.000259
126 0.000259
127 0.000185
128 0.000148
129 0.000074
130 0.000111
131 0.000148
132 0.000148
133 0.000111
134 0.000148
135 0.000074
137 0.000037
138 0.000148
139 0.000074
141 0.000074
142 0.000037
143 0.000074
145 0.000037
147 0.000037
151 0.000037
153 0.000037

0.5378
1 8.227778
2 2.313852
3 1.497778
4 1.038741
5 0.754185
6 0.574444
7 0.459519
8 0.377222
9 0.316593
10 0.262889
11 0.237852
12 0.202407
13 0.177926
14 0.161815
15 0.144000
16 0.129778
17 0.114407
18 0.105185
19 0.099296
20 0.086444
21 0.082333
22 0.077148
23 0.074815
24 0.066926
25 0.061407
26 0.056556
27 0.053889
28 0.049444
29 0.045889
30 0.046370
31 0.041852
32 0.042815
33 0.039815
34 0.036778
35 0.034407
36 0.034370
37 0.032037
38 0.031370
39 0.027630
40 0.026926
41 0.026593
42 0.026519
43 0.023222
44 0.020778
45 0.022370
46 0.021593
47 0.019815
48 0.019778
49 0.020037
50 0.016778
51 0.016481
52 0.017296
53 0.015296
54 0.016111
55 0.014704
56 0.014667
57 0.014185
58 0.014296
59 0.012852
60 0.013222
61 0.013370
62 0.011037
63 0.010630
64 0.012185
65 0.012333
66 0.010370
67 0.010222
68 0.009778
69 0.009667
70 0.009741
71 0.008852
72 0.007741
73 0.007407
74 0.009741
75 0.008185
76 0.007778
77 0.007370
78 0.006741
79 0.007630
80 0.007815
81 0.006889
82 0.006593
83 0.006519
84 0.006815
85 0.006667
86 0.005741
87 0.006370
88 0.005481
89 0.006296
90 0.005407
91 0.004296
92 0.004444
93 0.005074
94 0.004926
95 0.004741
96 0.004111
97 0.004481
98 0.004222
99 0.003444
100 0.004148
101 0.003556
102 0.004259
103 0.003630
104 0.002852
105 0.002889
106 0.002704
107 0.002296
108 0.002778
109 0.002815
110 0.002704
111 0.002333
112 0.002296
113 0.002370
114 0.001815
115 0.001852
116 0.002185
117 0.001778
118 0.001333
119 0.001333
120 0.001741
121 0.001556
122 0.001593
123 0.001407
124 0.001444
125 0.001074
126 0.000852
127 0.001037
128 0.000704
129 0.000630
130 0.001037
131 0.000667
132 0.000556
133 0.000630
134 0.000593
135 0.000667
136 0.000519
137 0.000259
138 0.000296
139 0.000407
140 0.000259
141 0.000407
142 0.000259
143 0.000185
144 0.000074
145 0.000111
146 0.000222
147 0.000037
148 0.000222
149 0.000148
150 0.000111
151 0.000037
153 0.000037
156 0.000037
157 0.000037
158 0.000037
163 0.000037
170 0.000037

0.5628
1 7.090000
2 1.934148
3 1.245037
4 0.860037
5 0.621333
6 0.478148
7 0.375778
8 0.311037
9 0.263000
10 0.216852
11 0.194556
12 0.171333
13 0.150037
14 0.134889
15 0.124111
16 0.110111
17 0.097926
18 0.090000
19 0.085111
20 0.075185
21 0.073815
22 0.066444
23 0.062481
24 0.056926
25 0.053667
26 0.049852
27 0.046185
28 0.042037
29 0.042778
30 0.038000
31 0.038444
32 0.036296
33 0.037111
34 0.034259
35 0.032111
36 0.032630
37 0.029296
38 0.028407
39 0.026037
40 0.024593
41 0.024556
42 0.023926
43 0.024185
44 0.020778
45 0.019185
46 0.022000
47 0.019074
48 0.018407
49 0.017333
50 0.018185
51 0.017741
52 0.016185
53 0.016074
54 0.015296
55 0.015889
56 0.014741
57 0.015000
58 0.016000
59 0.015593
60 0.014037
61 0.014111
62 0.013667
63 0.012333
64 0.012444
65 0.012556
66 0.012407
67 0.012815
68 0.012000
69 0.012185
70 0.011444
71 0.010593
72 0.011296
73 0.010630
74 0.009815
75 0.009481
76 0.010148
77 0.011259
78 0.010148
79 0.010222
80 0.009185
81 0.009296
82 0.009593
83 0.008889
84 0.008963
85 0.008037
86 0.008630
87 0.007815
88 0.009000
89 0.008630
90 0.006556
91 0.007481
92 0.008185
93 0.007370
94 0.007000
95 0.007852
96 0.007000
97 0.007481
98 0.006926
99 0.006778
100 0.006000
101 0.005852
102 0.005741
103 0.007111
104 0.005370
105 0.006111
106 0.006111
107 0.005407
108 0.005259
109 0.005593
110 0.005370
111 0.004963
112 0.005481
113 0.005000
114 0.004556
115 0.004926
116 0.004556
117 0.004481
118 0.004370
119 0.003481
120 0.004185
121 0.003704
122 0.003444
123 0.003815
124 0.003556
125 0.003593
126 0.002926
127 0.002481
128 0.002444
129 0.002778
130 0.002333
131 0.002444
132 0.002630
133 0.002593
134 0.001815
135 0.001926
136 0.001741
137 0.001407
138 0.001852
139 0.001519
140 0.001259
141 0.001370
142 0.000926
143 0.000963
144 0.001259
145 0.001444
146 0.000667
147 0.000556
148 0.000593
149 0.000630
150 0.000593
151 0.000370
152 0.000481
153 0.000333
154 0.000296
155 0.000333
156 0.000185
157 0.000185
158 0.000185
159 0.000074
160 0.000148
161 0.000037
162 0.000037
163 0.000074
164 0.000074
165 0.000037
169 0.000037
170 0.000074
175 0.000037

0.5878
1 6.026037
2 1.596407
3 1.018889
4 0.699037
5 0.502333
6 0.386741
7 0.299889
8 0.246778
9 0.207556
10 0.177000
11 0.150926
12 0.136407
13 0.121741
14 0.106185
15 0.097630
16 0.085704
17 0.078667
18 0.072407
19 0.069148
20 0.062815
21 0.056630
22 0.052481
23 0.050111
24 0.048259
25 0.043519
26 0.040963
27 0.039667
28 0.035407
29 0.034222
30 0.034259
31 0.030556
32 0.031185
33 0.027852
34 0.026667
35 0.027148
36 0.025444
37 0.025074
38 0.022704
39 0.022556
40 0.021185
41 0.020889
42 0.020259
43 0.019444
44 0.018889
45 0.018074
46 0.016519
47 0.017815
48 0.016111
49 0.016259
50 0.015852
51 0.016148
52 0.013444
53 0.014741
54 0.014778
55 0.013593
56 0.014111
57 0.013481
58 0.013667
59 0.013593
60 0.011667
61 0.013000
62 0.012704
63 0.011667
64 0.011889
65 0.012222
66 0.011481
67 0.012667
68 0.010852
69 0.010407
70 0.011444
71 0.011148
72 0.010815
73 0.010481
74 0.010778
75 0.010704
76 0.009741
77 0.010148
78 0.008667
79 0.010111
80 0.009741
81 0.009741
82 0.010741
83 0.009667
84 0.010074
85 0.009111
86 0.009815
87 0.007926
88 0.008889
89 0.009481
90 0.010259
91 0.009296
92 0.009963
93 0.009778
94 0.009074
95 0.009630
96 0.010148
97 0.008481
98 0.008667
99 0.008889
100 0.008963
101 0.009296
102 0.008741
103 0.007111
104 0.008481
105 0.007741
106 0.006704
107 0.008222
108 0.009037
109 0.007519
110 0.008519
111 0.007593
112 0.007926
113 0.008407
114 0.007407
115 0.007556
116 0.007444
117 0.008444
118 0.007111
119 0.007148
120 0.006815
121 0.007556
122 0.006704
123 0.006444
124 0.007444
125 0.007259
126 0.006259
127 0.007111
128 0.006519
129 0.006222
130 0.005778
131 0.005333
132 0.005296
133 0.005222
134 0.005704
135 0.005148
136 0.004704
137 0.005481
138 0.004593
139 0.004185
140 0.004037
141 0.004185
142 0.004889
143 0.004519
144 0.003407
145 0.003556
146 0.002370
147 0.002889
148 0.002815
149 0.002333
150 0.002519
151 0.002000
152 0.002074
153 0.001963
154 0.001407
155 0.001556
156 0.001148
157 0.001370
158 0.001259
159 0.000556
160 0.000630
161 0.000556
162 0.000815
163 0.000519
164 0.000222
165 0.000296
166 0.000333
167 0.000148
168 0.000296
169 0.000037
170 0.000074
171 0.000111
172 0.000111
173 0.000037
174 0.000074
176 0.000111
180 0.000037

0.6128
1 5.065444
2 1.296407
3 0.816407
4 0.553704
5 0.395000
6 0.302074
7 0.232259
8 0.192185
9 0.162852
10 0.136222
11 0.112556
12 0.105741
13 0.092222
14 0.081296
15 0.074259
16 0.066963
17 0.061741
18 0.054556
19 0.052074
20 0.048185
21 0.045481
22 0.040259
23 0.036296
24 0.033370
25 0.033667
26 0.032444
27 0.030556
28 0.026296
29 0.026037
30 0.025333
31 0.024222
32 0.021963
33 0.021556
34 0.020815
35 0.020148
36 0.020296
37 0.018148
38 0.018815
39 0.017889
40 0.016630
41 0.014630
42 0.015296
43 0.014741
44 0.015296
45 0.014370
46 0.012222
47 0.014852
48 0.012815
49 0.012296
50 0.013259
51 0.011815
52 0.011889
53 0.012000
54 0.011556
55 0.011185
56 0.010556
57 0.010778
58 0.009852
59 0.011704
60 0.011444
61 0.009074
62 0.010630
63 0.009259
64 0.008815
65 0.009333
66 0.008444
67 0.009444
68 0.008926
69 0.009333
70 0.009296
71 0.008815
72 0.009000
73 0.007667
74 0.008778
75 0.009185
76 0.009074
77 0.008296
78 0.009259
79 0.009259
80 0.007704
81 0.008259
82 0.007963
83 0.008741
84 0.007593
85 0.009778
86 0.008630
87 0.008630
88 0.008519
89 0.009222
90 0.008556
91 0.008111
92 0.009148
93 0.008593
94 0.008593
95 0.008815
96 0.008815
97 0.010000
98 0.009111
99 0.007963
100 0.008963
101 0.008444
102 0.008111
103 0.008926
104 0.008778
105 0.008926
106 0.008593
107 0.009000
108 0.008630
109 0.008667
110 0.008556
111 0.009370
112 0.009630
113 0.008556
114 0.010074
115 0.010111
116 0.009296
117 0.010593
118 0.008852
119 0.009185
120 0.008778
121 0.008444
122 0.009815
123 0.010593
124 0.009000
125 0.009074
126 0.009704
127 0.009074
128 0.009852
129 0.008889
130 0.009481
131 0.009222
132 0.008556
133 0.009630
134 0.009222
135 0.009444
136 0.010148
137 0.008889
138 0.009630
139 0.009000
140 0.008111
141 0.008778
142 0.008778
143 0.008407
144 0.008111
145 0.007963
146 0.007630
147 0.008037
148 0.007333
149 0.007185
150 0.006333
151 0.006519
152 0.007296
153 0.005222
154 0.005296
155 0.005481
156 0.005037
157 0.004037
158 0.004222
159 0.004333
160 0.003481
161 0.003926
162 0.002593
163 0.002481
164 0.002333
165 0.002074
166 0.002148
167 0.001556
168 0.001222
169 0.000963
170 0.000778
171 0.000741
172 0.000815
173 0.000519
174 0.000333
175 0.000333
176 0.000148
177 0.000185
178 0.000148
179 0.000148
180 0.000074
181 0.000074
183 0.000037
188 0.000074

0.6378
1 4.189407
2 1.031000
3 0.639037
4 0.430852
5 0.300037
6 0.227556
7 0.171259
8 0.146185
9 0.120741
10 0.100926
11 0.082926
12 0.075741
13 0.065444
14 0.058926
15 0.054333
16 0.049407
17 0.043185
18 0.039074
19 0.035963
20 0.033148
21 0.030630
22 0.030704
23 0.026407
24 0.024889
25 0.023852
26 0.023185
27 0.019852
28 0.020148
29 0.019148
30 0.017111
31 0.016074
32 0.017037
33 0.015296
34 0.013741
35 0.014074
36 0.013667
37 0.011963
38 0.012815
39 0.011222
40 0.010852
41 0.011667
42 0.009741
43 0.009889
44 0.009778
45 0.010148
46 0.008556
47 0.008333
48 0.008296
49 0.008815
50 0.009778
51 0.008704
52 0.008333
53 0.008333
54 0.008000
55 0.007037
56 0.008074
57 0.007704
58 0.007111
59 0.007037
60 0.006111
61 0.006815
62 0.007444
63 0.006926
64 0.006852
65 0.006333
66 0.006815
67 0.006407
68 0.006556
69 0.006148
70 0.005704
71 0.005926
72 0.005037
73 0.005296
74 0.006778
75 0.006778
76 0.005741
77 0.006074
78 0.006778
79 0.005556
80 0.006444
81 0.006556
82 0.006593
83 0.005778
84 0.006741
85 0.005852
86 0.006037
87 0.006370
88 0.005593
89 0.005704
90 0.006778
91 0.007852
92 0.006519
93 0.006889
94 0.006556
95 0.006889
96 0.006963
97 0.006778
98 0.006963
99 0.006926
100 0.006481
101 0.006778
102 0.006222
103 0.006370
104 0.007074
105 0.007037
106 0.007556
107 0.007556
108 0.007630
109 0.007222
110 0.007741
111 0.008185
112 0.007963
113 0.008185
114 0.007630
115 0.009000
116 0.009852
117 0.009185
118 0.008185
119 0.009000
120 0.009333
121 0.009778
122 0.008741
123 0.009481
124 0.009593
125 0.009593
126 0.010444
127 0.010889
128 0.009889
129 0.011074
130 0.010741
131 0.011111
132 0.011074
133 0.010889
134 0.011000
135 0.012333
136 0.011370
137 0.011519
138 0.011852
139 0.011148
140 0.012259
141 0.011259
142 0.011222
143 0.012593
144 0.012407
145 0.012370
146 0.013333
147 0.012333
148 0.012407
149 0.012074
150 0.013148
151 0.012519
152 0.011926
153 0.012259
154 0.012259
155 0.011667
156 0.011296
157 0.011370
158 0.011333
159 0.011037
160 0.009852
161 0.010778
162 0.008704
163 0.008852
164 0.008333
165 0.008370
166 0.007926
167 0.006630
168 0.006148
169 0.004741
170 0.004407
171 0.004000
172 0.003926
173 0.003481
174 0.002556
175 0.002407
176 0.002333
177 0.001370
178 0.001370
179 0.001111
180 0.000481
181 0.000630
182 0.000259
183 0.000185
184 0.000222
185 0.000185
186 0.000111
187 0.000148
190 0.000037
191 0.000074
194 0.000037

0.6628
1 3.414630
2 0.805926
3 0.489667
4 0.325556
5 0.226519
6 0.169704
7 0.123704
8 0.104593
9 0.087000
10 0.072000
11 0.059111
12 0.053074
13 0.045296
14 0.041519
15 0.036519
16 0.033333
17 0.031074
18 0.025889
19 0.023481
20 0.022444
21 0.020815
22 0.019481
23 0.018519
24 0.017000
25 0.015259
26 0.014222
27 0.015000
28 0.013000
29 0.013593
30 0.011815
31 0.009852
32 0.009556
33 0.009593
34 0.008519
35 0.009000
36 0.009259
37 0.008000
38 0.007000
39 0.006963
40 0.007519
41 0.006778
42 0.007074
43 0.005852
44 0.006185
45 0.005667
46 0.005593
47 0.005000
48 0.005000
49 0.005222
50 0.005037
51 0.004519
52 0.005185
53 0.004926
54 0.004296
55 0.004111
56 0.004519
57 0.004741
58 0.004259
59 0.004778
60 0.004037
61 0.004444
62 0.003481
63 0.004000
64 0.004148
65 0.003630
66 0.003630
67 0.003481
68 0.004037
69 0.003630
70 0.003852
71 0.003407
72 0.003963
73 0.002889
74 0.003333
75 0.003519
76 0.003667
77 0.003407
78 0.003148
79 0.003741
80 0.003444
81 0.003704
82 0.003333
83 0.003815
84 0.003926
85 0.003556
86 0.004148
87 0.003593
88 0.003741
89 0.003296
90 0.003815
91 0.003593
92 0.003815
93 0.003963
94 0.004259
95 0.004519
96 0.004444
97 0.004481
98 0.003778
99 0.004296
100 0.005000
101 0.004963
102 0.004037
103 0.004185
104 0.004444
105 0.004037
106 0.004667
107 0.004815
108 0.004741
109 0.005000
110 0.004741
111 0.005296
112 0.006037
113 0.006444
114 0.005889
115 0.005667
116 0.006185
117 0.005852
118 0.006778
119 0.007000
120 0.007148
121 0.006852
122 0.006741
123 0.008111
124 0.007296
125 0.008000
126 0.007148
127 0.007037
128 0.007741
129 0.008148
130 0.008333
131 0.008556
132 0.008519
133 0.010037
134 0.009852
135 0.009481
136 0.009667
137 0.009741
138 0.011222
139 0.011519
140 0.012481
141 0.011963
142 0.012704
143 0.012000
144 0.011407
145 0.013556
146 0.013148
147 0.014037
148 0.014593
149 0.014000
150 0.013185
151 0.015778
152 0.014111
153 0.016074
154 0.015852
155 0.017296
156 0.016593
157 0.015852
158 0.018444
159 0.016185
160 0.017296
161 0.017000
162 0.018000
163 0.016741
164 0.016185
165 0.017148
166 0.016593
167 0.016148
168 0.015741
169 0.015333
170 0.016259
171 0.013481
172 0.013370
173 0.012185
174 0.010630
175 0.009778
176 0.009111
177 0.007222
178 0.006741
179 0.005667
180 0.004370
181 0.004556
182 0.003593
183 0.002926
184 0.002370
185 0.001741
186 0.001407
187 0.000963
188 0.000370
189 0.000481
190 0.000333
191 0.000333
192 0.000111
193 0.000074
194 0.000111
197 0.000037
199 0.000074

0.6878
1 2.728333
2 0.615185
3 0.370926
4 0.236889
5 0.162407
6 0.118074
7 0.088778
8 0.072667
9 0.058000
10 0.050963
11 0.040852
12 0.036889
13 0.029185
14 0.028407
15 0.023519
16 0.022556
17 0.019593
18 0.016630
19 0.015259
20 0.015370
21 0.013259
22 0.011444
23 0.011741
24 0.009889
25 0.009556
26 0.009222
27 0.008778
28 0.007704
29 0.008593
30 0.007000
31 0.005444
32 0.005519
33 0.006704
34 0.004259
35 0.005630
36 0.004778
37 0.003889
38 0.004667
39 0.004407
40 0.003926
41 0.004000
42 0.004148
43 0.002852
44 0.003074
45 0.003222
46 0.002889
47 0.002667
48 0.003259
49 0.002593
50 0.002333
51 0.002704
52 0.002667
53 0.002926
54 0.002444
55 0.001926
56 0.001889
57 0.002407
58 0.002630
59 0.002074
60 0.002222
61 0.001667
62 0.002481
63 0.002037
64 0.002037
65 0.002259
66 0.001667
67 0.002148
68 0.002259
69 0.002370
70 0.001852
71 0.002037
72 0.002000
73 0.001778
74 0.001593
75 0.002000
76 0.001815
77 0.001704
78 0.002074
79 0.001593
80 0.001556
81 0.001852
82 0.001926
83 0.002074
84 0.001852
85 0.001370
86 0.001963
87 0.002148
88 0.002000
89 0.002185
90 0.001778
91 0.001963
92 0.001556
93 0.002074
94 0.002259
95 0.001852
96 0.002407
97 0.002444
98 0.002037
99 0.002556
100 0.002556
101 0.002593
102 0.002000
103 0.002222
104 0.002444
105 0.002778
106 0.001852
107 0.003148
108 0.002370
109 0.002852
110 0.002704
111 0.002296
112 0.002556
113 0.002741
114 0.002815
115 0.002296
116 0.003556
117 0.003481
118 0.003370
119 0.004185
120 0.003296
121 0.004037
122 0.003963
123 0.004407
124 0.003630
125 0.004037
126 0.004370
127 0.004593
128 0.004259
129 0.005259
130 0.005296
131 0.005037
132 0.005370
133 0.005481
134 0.006556
135 0.006667
136 0.006704
137 0.006000
138 0.006815
139 0.007333
140 0.008074
141 0.008074
142 0.009111
143 0.008889
144 0.008556
145 0.008519
146 0.009667
147 0.010481
148 0.010815
149 0.010815
150 0.012704
151 0.011889
152 0.012148
153 0.014222
154 0.014259
155 0.015963
156 0.015037
157 0.015630
158 0.017370
159 0.016259
160 0.017630
161 0.018407
162 0.019296
163 0.019074
164 0.020222
165 0.020111
166 0.020259
167 0.023407
168 0.022148
169 0.023963
170 0.023148
171 0.023593
172 0.023926
173 0.023926
174 0.023667
175 0.023407
176 0.021407
177 0.022222
178 0.019704
179 0.017407
180 0.019074
181 0.016593
182 0.014222
183 0.011963
184 0.011111
185 0.009519
186 0.007926
187 0.006259
188 0.005222
189 0.003741
190 0.002630
191 0.002852
192 0.002370
193 0.001407
194 0.000778
195 0.000667
196 0.000444
197 0.000333
198 0.000222
199 0.000074
200 0.000074
201 0.000074
205 0.000037
206 0.000037

