32
0.4932
1 37.449185
2 10.424148
3 6.670222
4 4.556407
5 3.282852
6 2.516333
7 2.022148
8 1.643148
9 1.378296
10 1.167778
11 0.990111
12 0.859111
13 0.748037
14 0.667000
15 0.596111
16 0.522667
17 0.471407
18 0.436259
19 0.392259
20 0.353593
21 0.327963
22 0.299074
23 0.276148
24 0.256593
25 0.230519
26 0.220963
27 0.206593
28 0.184667
29 0.176667
30 0.165556
31 0.154111
32 0.139926
33 0.136185
34 0.128037
35 0.125222
36 0.112333
37 0.107630
38 0.102481
39 0.098815
40 0.092519
41 0.086259
42 0.083593
43 0.077704
44 0.071963
45 0.069259
46 0.063667
47 0.064556
48 0.059074
49 0.055593
50 0.055111
51 0.049852
52 0.047926
53 0.046407
54 0.041704
55 0.040889
56 0.040333
57 0.039296
58 0.040889
59 0.035815
60 0.033704
61 0.033778
62 0.032593
63 0.031481
64 0.028667
65 0.027519
66 0.028185
67 0.024778
68 0.025519
69 0.023481
70 0.023444
71 0.020778
72 0.020741
73 0.020963
74 0.020630
75 0.019815
76 0.017704
77 0.016704
78 0.015741
79 0.017778
80 0.017000
81 0.015296
82 0.015037
83 0.013963
84 0.014111
85 0.013741
86 0.012556
87 0.010963
88 0.012519
89 0.011370
90 0.010481
91 0.010370
92 0.010481
93 0.010333
94 0.010222
95 0.009000
96 0.007889
97 0.008778
98 0.008222
99 0.007704
100 0.008222
101 0.007111
102 0.006741
103 0.006185
104 0.006370
105 0.006815
106 0.006926
107 0.007037
108 0.005259
109 0.006000
110 0.005444
111 0.004889
112 0.005630
113 0.005667
114 0.004556
115 0.004481
116 0.004296
117 0.005074
118 0.004593
119 0.003815
120 0.003815
121 0.004000
122 0.004481
123 0.004111
124 0.003222
125 0.003889
126 0.003222
127 0.003333
128 0.003074
129 0.002519
130 0.003222
131 0.002778
132 0.002778
133 0.002704
134 0.002407
135 0.002815
136 0.002074
137 0.001963
138 0.002296
139 0.001889
140 0.001852
141 0.002037
142 0.002593
143 0.002185
144 0.001630
145 0.001741
146 0.001333
147 0.001963
148 0.001778
149 0.001630
150 0.001444
151 0.000926
152 0.001519
153 0.001556
154 0.001815
155 0.001037
156 0.001481
157 0.001000
158 0.001185
159 0.001407
160 0.000963
161 0.001333
162 0.000926
163 0.001111
164 0.001074
165 0.000741
166 0.001074
167 0.000926
168 0.001074
169 0.000778
170 0.000852
171 0.000963
172 0.000704
173 0.001185
174 0.000963
175 0.000519
176 0.000667
177 0.000741
178 0.000556
179 0.000407
180 0.000630
181 0.000852
182 0.000481
183 0.000593
184 0.000556
185 0.000704
186 0.000519
187 0.000741
188 0.000444
189 0.000444
190 0.000444
191 0.000444
192 0.000370
193 0.000630
194 0.000556
195 0.000148
196 0.000407
197 0.000111
198 0.000333
199 0.000259
200 0.000185
201 0.000259
202 0.000370
203 0.000407
204 0.000444
205 0.000296
206 0.000296
207 0.000259
208 0.000444
209 0.000222
210 0.000296
211 0.000185
212 0.000296
213 0.000185
214 0.000296
215 0.000259
216 0.000259
217 0.000111
218 0.000148
219 0.000074
220 0.000111
221 0.000148
222 0.000148
223 0.000296
224 0.000074
225 0.000185
226 0.000185
227 0.000148
228 0.000148
229 0.000148
230 0.000148
231 0.000037
232 0.000148
233 0.000111
234 0.000148
235 0.000185
236 0.000111
237 0.000074
238 0.000148
239 0.000111
240 0.000148
241 0.000148
242 0.000111
243 0.000074
244 0.000074
245 0.000111
247 0.000074
249 0.000037
253 0.000037
254 0.000074
255 0.000074
256 0.000037
257 0.000037
258 0.000037
260 0.000074
261 0.000037
262 0.000111
263 0.000037
264 0.000037
265 0.000037
266 0.000074
267 0.000037
268 0.000037
269 0.000111
271 0.000037
272 0.000074
273 0.000037
275 0.000111
276 0.000037
279 0.000037
280 0.000037
285 0.000037
296 0.000037
297 0.000074
298 0.000037
299 0.000074
304 0.000037
343 0.000074
354 0.000037
356 0.000037

0.5182
1 32.528370
2 8.756593
3 5.594963
4 3.815889
5 2.752444
6 2.096519
7 1.686963
8 1.390000
9 1.164185
10 0.990407
11 0.840704
12 0.740259
13 0.642370
14 0.571852
15 0.522963
16 0.453889
17 0.414296
18 0.380481
19 0.349444
20 0.316667
21 0.298222
22 0.265037
23 0.252630
24 0.231593
25 0.218222
26 0.201370
27 0.190185
28 0.178963
29 0.169630
30 0.152593
31 0.147037
32 0.136519
33 0.129778
34 0.123852
35 0.119370
36 0.110444
37 0.108000
38 0.102222
39 0.097037
40 0.092778
41 0.091333
42 0.087963
43 0.080815
44 0.076333
45 0.070111
46 0.069000
47 0.066185
48 0.063333
49 0.062000
50 0.058444
51 0.058815
52 0.054630
53 0.050815
54 0.050889
55 0.047593
56 0.047667
57 0.046296
58 0.044444
59 0.041815
60 0.039926
61 0.039741
62 0.037370
63 0.038778
64 0.036148
65 0.034333
66 0.033815
67 0.031074
68 0.032444
69 0.028741
70 0.029667
71 0.028296
72 0.027889
73 0.026333
74 0.026111
75 0.024556
76 0.023444
77 0.024593
78 0.021111
79 0.020852
80 0.022444
81 0.021519
82 0.022037
83 0.019222
84 0.018556
85 0.018037
86 0.017111
87 0.016519
88 0.016926
89 0.017074
90 0.015963
91 0.014926
92 0.014222
93 0.016296
94 0.015778
95 0.014333
96 0.013593
97 0.012630
98 0.014407
99 0.012704
100 0.012963
101 0.013296
102 0.012148
103 0.012519
104 0.011111
105 0.010370
106 0.010667
107 0.009778
108 0.010815
109 0.009148
110 0.009741
111 0.009852
112 0.009444
113 0.008037
114 0.009111
115 0.009259
116 0.008074
117 0.008370
118 0.008630
119 0.007185
120 0.008037
121 0.007370
122 0.007222
123 0.007667
124 0.007259
125 0.006889
126 0.006407
127 0.006259
128 0.007185
129 0.005889
130 0.005815
131 0.006667
132 0.005481
133 0.005519
134 0.006000
135 0.005963
136 0.005185
137 0.005407
138 0.005296
139 0.003926
140 0.005444
141 0.004296
142 0.005148
143 0.003815
144 0.003815
145 0.004926
146 0.004556
147 0.003963
148 0.004481
149 0.003296
150 0.003407
151 0.003519
152 0.004630
153 0.003185
154 0.003074
155 0.003185
156 0.003370
157 0.003519
158 0.003519
159 0.003481
160 0.003370
161 0.003407
162 0.002556
163 0.002185
164 0.002222
165 0.002778
166 0.002889
167 0.002852
168 0.003259
169 0.002296
170 0.002741
171 0.002630
172 0.003222
173 0.001926
174 0.002259
175 0.002185
176 0.002370
177 0.002185
178 0.002259
179 0.002630
180 0.001704
181 0.002037
182 0.002185
183 0.001593
184 0.001444
185 0.001704
186 0.002111
187 0.002333
188 0.001593
189 0.001704
190 0.001259
191 0.001815
192 0.002000
193 0.001556
194 0.001222
195 0.001704
196 0.001704
197 0.001519
198 0.002000
199 0.001481
200 0.001556
201 0.001370
202 0.001815
203 0.001370
204 0.001407
205 0.001444
206 0.001037
207 0.000963
208 0.001370
209 0.001185
210 0.001185
211 0.001111
212 0.000815
213 0.001000
214 0.000815
215 0.001074
216 0.001037
217 0.000778
218 0.000889
219 0.001148
220 0.000963
221 0.000519
222 0.000778
223 0.000630
224 0.000963
225 0.000630
226 0.000630
227 0.000630
228 0.000778
229 0.000593
230 0.000481
231 0.000630
232 0.000556
233 0.000704
234 0.000407
235 0.000593
236 0.000444
237 0.000815
238 0.000444
239 0.000704
240 0.000704
241 0.000556
242 0.000481
243 0.000593
244 0.000556
245 0.000556
246 0.000333
247 0.000259
248 0.000778
249 0.000556
250 0.000741
251 0.000407
252 0.000148
253 0.000185
254 0.000519
255 0.000444
256 0.000593
257 0.000519
258 0.000370
259 0.000370
260 0.000222
261 0.000333
262 0.000556
263 0.000407
264 0.000370
265 0.000407
266 0.000222
267 0.000370
268 0.000333
269 0.000630
270 0.000481
271 0.000185
272 0.000222
273 0.000259
274 0.000148
275 0.000259
276 0.000148
277 0.000407
278 0.000074
279 0.000222
280 0.000333
281 0.000074
282 0.000370
283 0.000222
284 0.000296
285 0.000148
286 0.000148
287 0.000259
288 0.000185
289 0.000148
290 0.000148
291 0.000074
292 0.000296
293 0.000296
294 0.000148
295 0.000259
296 0.000185
297 0.000185
298 0.000111
299 0.000370
300 0.000148
301 0.000111
302 0.000037
303 0.000259
304 0.000111
305 0.000111
306 0.000037
307 0.000074
308 0.000111
309 0.000222
311 0.000074
312 0.000185
313 0.000074
314 0.000111
315 0.000074
316 0.000111
317 0.000074
318 0.000037
319 0.000111
322 0.000222
323 0.000111
324 0.000074
325 0.000037
327 0.000037
328 0.000037
329 0.000185
330 0.000037
331 0.000074
332 0.000111
333 0.000037
335 0.000111
336 0.000037
337 0.000111
339 0.000037
340 0.000037
341 0.000037
342 0.000111
344 0.000111
346 0.000074
347 0.000074
351 0.000111
352 0.000037
353 0.000037
354 0.000037
356 0.000074
358 0.000037
359 0.000037
361 0.000037
364 0.000037
365 0.000037
368 0.000037
372 0.000037
376 0.000037
380 0.000037
383 0.000037
386 0.000037
399 0.000037
401 0.000037
408 0.000037
411 0.000037
420 0.000037
435 0.000037
444 0.000037
447 0.000037

0.5432
1 27.908037
2 7.238481
3 4.600593
4 3.131815
5 2.237519
6 1.703852
7 1.354741
8 1.119741
9 0.940667
10 0.803963
11 0.683741
12 0.597667
13 0.522370
14 0.462333
15 0.426222
16 0.375259
17 0.344556
18 0.306667
19 0.286296
20 0.263333
21 0.240333
22 0.231333
23 0.207926
24 0.196556
25 0.180000
26 0.168370
27 0.159074
28 0.151704
29 0.145926
30 0.134222
31 0.128815
32 0.120556
33 0.113037
34 0.106926
35 0.102778
36 0.099889
37 0.091741
38 0.089815
39 0.088000
40 0.083704
41 0.079037
42 0.078963
43 0.077111
44 0.070593
45 0.067444
46 0.065778
47 0.061185
48 0.059296
49 0.057778
50 0.055333
51 0.054333
52 0.052556
53 0.051111
54 0.048630
55 0.046259
56 0.045259
57 0.042778
58 0.043222
59 0.040815
60 0.041407
61 0.038852
62 0.037333
63 0.038148
64 0.035926
65 0.034556
66 0.033556
67 0.032259
68 0.031444
69 0.030222
70 0.031778
71 0.029333
72 0.028593
73 0.027519
74 0.027037
75 0.026370
76 0.025852
77 0.024852
78 0.025370
79 0.022519
80 0.023667
81 0.023259
82 0.020852
83 0.020259
84 0.020481
85 0.021667
86 0.020630
87 0.019111
88 0.019333
89 0.019222
90 0.018593
91 0.017593
92 0.017259
93 0.017444
94 0.015704
95 0.016963
96 0.015630
97 0.016370
98 0.016296
99 0.013704
100 0.015741
101 0.014519
102 0.015148
103 0.014148
104 0.013333
105 0.013667
106 0.014111
107 0.013370
108 0.013667
109 0.012519
110 0.011000
111 0.011444
112 0.012259
113 0.012037
114 0.012519
115 0.011667
116 0.011444
117 0.011074
118 0.010704
119 0.011222
120 0.010481
121 0.010185
122 0.008000
123 0.009926
124 0.009481
125 0.009222
126 0.009704
127 0.009741
128 0.010074
129 0.008333
130 0.009296
131 0.007852
132 0.008630
133 0.008148
134 0.007741
135 0.008259
136 0.007593
137 0.007259
138 0.006630
139 0.007148
140 0.008296
141 0.006630
142 0.007444
143 0.006222
144 0.006852
145 0.006963
146 0.006296
147 0.007481
148 0.006815
149 0.006037
150 0.006741
151 0.006074
152 0.006370
153 0.006222
154 0.006259
155 0.005667
156 0.005630
157 0.005519
158 0.005370
159 0.005667
160 0.006370
161 0.005481
162 0.005074
163 0.004852
164 0.004667
165 0.005370
166 0.004593
167 0.005630
168 0.004148
169 0.005185
170 0.004704
171 0.004519
172 0.004556
173 0.004407
174 0.004815
175 0.004519
176 0.004889
177 0.003852
178 0.003889
179 0.004296
180 0.004630
181 0.003852
182 0.003593
183 0.004185
184 0.004074
185 0.003593
186 0.004111
187 0.003556
188 0.003741
189 0.003481
190 0.003222
191 0.004074
192 0.003148
193 0.003815
194 0.003852
195 0.003778
196 0.002852
197 0.003259
198 0.003259
199 0.003000
200 0.003667
201 0.003111
202 0.003370
203 0.002926
204 0.002259
205 0.003815
206 0.003259
207 0.002519
208 0.002667
209 0.002852
210 0.002222
211 0.002741
212 0.002407
213 0.001963
214 0.002556
215 0.002963
216 0.002444
217 0.002556
218 0.003111
219 0.002185
220 0.002185
221 0.002185
222 0.002593
223 0.002444
224 0.002556
225 0.002593
226 0.002370
227 0.002296
228 0.002111
229 0.002148
230 0.002037
231 0.001556
232 0.001926
233 0.002481
234 0.002000
235 0.002148
236 0.002296
237 0.001963
238 0.001889
239 0.001926
240 0.001778
241 0.002370
242 0.002037
243 0.001963
244 0.001778
245 0.001630
246 0.002185
247 0.001852
248 0.001407
249 0.002296
250 0.001667
251 0.001741
252 0.001556
253 0.001704
254 0.001556
255 0.001630
256 0.001630
257 0.001630
258 0.001185
259 0.001519
260 0.001407
261 0.001148
262 0.001222
263 0.001259
264 0.001370
265 0.001074
266 0.001259
267 0.001111
268 0.001370
269 0.001333
270 0.001185
271 0.001444
272 0.001222
273 0.001185
274 0.001222
275 0.001000
276 0.001667
277 0.001037
278 0.001148
279 0.001296
280 0.000593
281 0.000889
282 0.001074
283 0.001185
284 0.000741
285 0.001333
286 0.001519
287 0.001111
288 0.001296
289 0.000741
290 0.000926
291 0.001037
292 0.000889
293 0.000741
294 0.000704
295 0.000704
296 0.000778
297 0.000630
298 0.001185
299 0.000889
300 0.001148
301 0.000704
302 0.000852
303 0.000741
304 0.000852
305 0.000704
306 0.000741
307 0.000815
308 0.000815
309 0.000852
310 0.000704
311 0.000556
312 0.000593
313 0.000963
314 0.000926
315 0.000778
316 0.001111
317 0.000889
318 0.000704
319 0.000556
320 0.000593
321 0.000926
322 0.000593
323 0.000481
324 0.000444
325 0.000519
326 0.000556
327 0.000741
328 0.000815
329 0.000556
330 0.000630
331 0.000519
332 0.000481
333 0.000519
334 0.000556
335 0.000370
336 0.000519
337 0.000333
338 0.000481
339 0.000370
340 0.000630
341 0.000444
342 0.000222
343 0.000444
344 0.000333
345 0.000333
346 0.000259
347 0.000296
348 0.000519
349 0.000296
350 0.000370
351 0.000370
352 0.000296
353 0.000222
354 0.000407
355 0.000259
356 0.000481
357 0.000370
358 0.000407
359 0.000222
360 0.000259
361 0.000296
362 0.000407
363 0.000296
364 0.000407
365 0.000185
366 0.000296
367 0.000222
368 0.000296
369 0.000222
370 0.000333
371 0.000148
372 0.000185
373 0.000222
374 0.000222
375 0.000370
376 0.000370
377 0.000185
378 0.000444
379 0.000111
380 0.000296
381 0.000185
382 0.000222
383 0.000148
384 0.000296
385 0.000074
386 0.000222
388 0.000111
389 0.000148
390 0.000111
391 0.000222
392 0.000074
393 0.000148
394 0.000111
395 0.000185
396 0.000185
397 0.000148
398 0.000074
399 0.000074
400 0.000148
401 0.000259
402 0.000074
403 0.000148
405 0.000111
407 0.000148
408 0.000074
410 0.000037
411 0.000111
412 0.000074
413 0.000037
414 0.000037
415 0.000037
416 0.000037
417 0.000037
418 0.000037
420 0.000037
423 0.000074
424 0.000111
425 0.000074
426 0.000037
428 0.000074
429 0.000074
430 0.000074
431 0.000074
432 0.000037
433 0.000037
434 0.000037
435 0.000074
437 0.000037
438 0.000148
439 0.000148
440 0.000148
441 0.000037
443 0.000074
444 0.000074
446 0.000037
448 0.000074
449 0.000037
451 0.000037
453 0.000037
454 0.000074
456 0.000037
457 0.000037
459 0.000074
460 0.000111
462 0.000037
464 0.000037
466 0.000037
467 0.000037
468 0.000037
469 0.000037
473 0.000037
475 0.000111
477 0.000037
498 0.000037
500 0.000037
510 0.000037

0.5682
1 23.685000
2 5.896593
3 3.709704
4 2.497222
5 1.776481
6 1.342815
7 1.061926
8 0.872741
9 0.728704
10 0.626889
11 0.529778
12 0.461074
13 0.407556
14 0.359704
15 0.326481
16 0.291074
17 0.269630
18 0.237222
19 0.222926
20 0.208407
21 0.188630
22 0.175667
23 0.167630
24 0.148407
25 0.138222
26 0.130852
27 0.121815
28 0.114630
29 0.113963
30 0.105556
31 0.099185
32 0.096000
33 0.089333
34 0.086333
35 0.082259
36 0.079333
37 0.074852
38 0.071259
39 0.067778
40 0.065963
41 0.063889
42 0.064000
43 0.061037
44 0.056778
45 0.053407
46 0.050556
47 0.051037
48 0.047852
49 0.046074
50 0.046704
51 0.043963
52 0.042704
53 0.040519
54 0.041296
55 0.039000
56 0.038074
57 0.037148
58 0.036667
59 0.034556
60 0.032741
61 0.032963
62 0.032889
63 0.031778
64 0.029185
65 0.028074
66 0.027963
67 0.029296
68 0.026444
69 0.026741
70 0.026630
71 0.025222
72 0.024222
73 0.025296
74 0.023556
75 0.023000
76 0.023556
77 0.021074
78 0.020185
79 0.019519
80 0.020926
81 0.020111
82 0.020296
83 0.018852
84 0.018667
85 0.019630
86 0.019778
87 0.018593
88 0.017852
89 0.017852
90 0.016444
91 0.017000
92 0.016481
93 0.014889
94 0.014889
95 0.013704
96 0.014778
97 0.015111
98 0.014889
99 0.015704
100 0.013185
101 0.013407
102 0.013852
103 0.013333
104 0.013000
105 0.011704
106 0.013889
107 0.012741
108 0.011148
109 0.010815
110 0.012519
111 0.011481
112 0.012889
113 0.012370
114 0.010852
115 0.011185
116 0.010370
117 0.010185
118 0.010593
119 0.011778
120 0.010037
121 0.010037
122 0.009963
123 0.009741
124 0.009889
125 0.009593
126 0.009444
127 0.009407
128 0.009963
129 0.009185
130 0.008259
131 0.008593
132 0.008185
133 0.008852
134 0.009037
135 0.008593
136 0.008889
137 0.008259
138 0.008444
139 0.008630
140 0.008741
141 0.008704
142 0.007370
143 0.008148
144 0.006889
145 0.008000
146 0.006889
147 0.006481
148 0.009704
149 0.007667
150 0.006815
151 0.006519
152 0.007037
153 0.006593
154 0.007259
155 0.006815
156 0.007037
157 0.006037
158 0.005963
159 0.006222
160 0.006000
161 0.005519
162 0.006481
163 0.007407
164 0.005926
165 0.006185
166 0.006185
167 0.005111
168 0.005148
169 0.005296
170 0.006074
171 0.006000
172 0.005889
173 0.004556
174 0.005296
175 0.005000
176 0.005259
177 0.005000
178 0.005259
179 0.004778
180 0.004852
181 0.005148
182 0.005222
183 0.004852
184 0.004222
185 0.004778
186 0.004630
187 0.004889
188 0.004852
189 0.004963
190 0.005370
191 0.003667
192 0.005704
193 0.004222
194 0.004000
195 0.004963
196 0.003593
197 0.004370
198 0.004852
199 0.004370
200 0.003926
201 0.004556
202 0.005000
203 0.004222
204 0.003852
205 0.004815
206 0.004481
207 0.003741
208 0.004704
209 0.003778
210 0.003704
211 0.003815
212 0.004481
213 0.003593
214 0.003370
215 0.003519
216 0.004222
217 0.003778
218 0.003926
219 0.003296
220 0.003963
221 0.003667
222 0.003852
223 0.002963
224 0.003037
225 0.003704
226 0.003481
227 0.003593
228 0.004000
229 0.003481
230 0.004259
231 0.003037
232 0.003593
233 0.003704
234 0.003259
235 0.003111
236 0.002667
237 0.003556
238 0.002630
239 0.004037
240 0.002926
241 0.003481
242 0.003370
243 0.003259
244 0.003185
245 0.003333
246 0.002963
247 0.003074
248 0.003000
249 0.003148
250 0.003444
251 0.003259
252 0.003259
253 0.003778
254 0.002481
255 0.002778
256 0.002815
257 0.002778
258 0.003111
259 0.002741
260 0.003185
261 0.002963
262 0.002407
263 0.003296
264 0.002852
265 0.002556
266 0.002667
267 0.002481
268 0.003222
269 0.002630
270 0.003148
271 0.002852
272 0.003148
273 0.002741
274 0.002704
275 0.002148
276 0.002704
277 0.002333
278 0.002556
279 0.002259
280 0.002778
281 0.002333
282 0.002667
283 0.002444
284 0.002296
285 0.002593
286 0.002778
287 0.002370
288 0.002037
289 0.001963
290 0.002148
291 0.002333
292 0.002333
293 0.002370
294 0.001963
295 0.001963
296 0.002481
297 0.001741
298 0.002259
299 0.002259
300 0.002148
301 0.001926
302 0.002296
303 0.001963
304 0.001778
305 0.002222
306 0.001926
307 0.002296
308 0.001889
309 0.001889
310 0.002111
311 0.001630
312 0.001741
313 0.002074
314 0.001519
315 0.001963
316 0.002037
317 0.002000
318 0.001926
319 0.002222
320 0.001630
321 0.001593
322 0.001963
323 0.001963
324 0.001889
325 0.001667
326 0.001852
327 0.001889
328 0.002037
329 0.001741
330 0.001407
331 0.001667
332 0.001741
333 0.001444
334 0.001815
335 0.001926
336 0.001556
337 0.001852
338 0.001519
339 0.001963
340 0.001407
341 0.001519
342 0.001704
343 0.001556
344 0.001704
345 0.001593
346 0.001333
347 0.001185
348 0.001852
349 0.001593
350 0.001815
351 0.001407
352 0.001111
353 0.001407
354 0.001926
355 0.001407
356 0.002000
357 0.001667
358 0.001185
359 0.001481
360 0.001444
361 0.001704
362 0.001259
363 0.001593
364 0.001148
365 0.001222
366 0.001111
367 0.001481
368 0.001222
369 0.001407
370 0.001185
371 0.001444
372 0.000926
373 0.001185
374 0.001296
375 0.001333
376 0.001000
377 0.001370
378 0.001148
379 0.001037
380 0.000926
381 0.000963
382 0.001111
383 0.001074
384 0.000704
385 0.001148
386 0.000852
387 0.001296
388 0.001037
389 0.001259
390 0.001259
391 0.001037
392 0.000926
393 0.000889
394 0.001259
395 0.001037
396 0.000778
397 0.001185
398 0.000963
399 0.001111
400 0.001148
401 0.000926
402 0.000667
403 0.000519
404 0.000815
405 0.000593
406 0.001111
407 0.000926
408 0.000704
409 0.000593
410 0.000667
411 0.000630
412 0.001111
413 0.000852
414 0.000593
415 0.000815
416 0.001111
417 0.000704
418 0.000593
419 0.000815
420 0.000667
421 0.000667
422 0.000519
423 0.000778
424 0.000778
425 0.000593
426 0.000667
427 0.000259
428 0.000407
429 0.000593
430 0.000333
431 0.000630
432 0.000519
433 0.000741
434 0.000444
435 0.000222
436 0.000630
437 0.000630
438 0.000778
439 0.000333
440 0.000519
441 0.000778
442 0.000407
443 0.000333
444 0.000481
445 0.000481
446 0.000370
447 0.000370
448 0.000296
449 0.000556
450 0.000444
451 0.000481
452 0.000370
453 0.000556
454 0.000593
455 0.000519
456 0.000185
457 0.000296
458 0.000296
459 0.000296
460 0.000444
461 0.000333
462 0.000296
463 0.000407
464 0.000296
465 0.000407
466 0.000333
467 0.000370
468 0.000481
469 0.000333
470 0.000407
471 0.000407
472 0.000222
473 0.000185
474 0.000111
475 0.000074
476 0.000185
477 0.000481
478 0.000148
479 0.000111
480 0.000185
481 0.000148
482 0.000296
483 0.000222
484 0.000185
485 0.000148
486 0.000148
487 0.000074
488 0.000111
489 0.000296
490 0.000185
491 0.000111
492 0.000148
493 0.000259
494 0.000185
495 0.000074
496 0.000222
497 0.000037
498 0.000185
499 0.000185
500 0.000074
501 0.000037
502 0.000037
503 0.000222
504 0.000111
505 0.000185
506 0.000074
507 0.000074
508 0.000185
509 0.000222
510 0.000111
512 0.000074
516 0.000111
517 0.000185
518 0.000148
519 0.000111
520 0.000037
521 0.000111
522 0.000074
523 0.000037
525 0.000037
526 0.000037
529 0.000037
530 0.000037
545 0.000037
546 0.000037
547 0.000037
548 0.000074
549 0.000074
550 0.000037
555 0.000037
557 0.000037
560 0.000037
562 0.000037
565 0.000037
573 0.000037

0.5932
1 19.780074
2 4.706519
3 2.903852
4 1.954852
5 1.363704
6 1.020444
7 0.802519
8 0.659556
9 0.546741
10 0.464296
11 0.390111
12 0.342593
13 0.304296
14 0.268667
15 0.235926
16 0.212963
17 0.195481
18 0.177815
19 0.163111
20 0.147037
21 0.135593
22 0.123296
23 0.119259
24 0.112407
25 0.105556
26 0.095222
27 0.089741
28 0.081778
29 0.079333
30 0.075630
31 0.071296
32 0.069444
33 0.063519
34 0.062148
35 0.059259
36 0.054815
37 0.055630
38 0.050852
39 0.048963
40 0.046778
41 0.043296
42 0.044704
43 0.042926
44 0.040926
45 0.039630
46 0.038185
47 0.036778
48 0.034407
49 0.034667
50 0.033630
51 0.031370
52 0.031370
53 0.029481
54 0.028222
55 0.027296
56 0.026481
57 0.026185
58 0.026704
59 0.025259
60 0.024074
61 0.022296
62 0.022704
63 0.021556
64 0.021444
65 0.020889
66 0.022111
67 0.020889
68 0.019222
69 0.017741
70 0.019889
71 0.018630
72 0.018259
73 0.019259
74 0.016259
75 0.018630
76 0.016704
77 0.015630
78 0.016593
79 0.015370
80 0.015704
81 0.015593
82 0.014296
83 0.013630
84 0.013889
85 0.013370
86 0.013556
87 0.014000
88 0.014222
89 0.012667
90 0.013481
91 0.012444
92 0.012111
93 0.012148
94 0.011185
95 0.011407
96 0.010296
97 0.013037
98 0.010778
99 0.011000
100 0.009556
101 0.010630
102 0.011148
103 0.009889
104 0.010074
105 0.009704
106 0.008926
107 0.009667
108 0.010889
109 0.008593
110 0.008481
111 0.009704
112 0.008333
113 0.008926
114 0.008852
115 0.008333
116 0.007852
117 0.007593
118 0.009444
119 0.008370
120 0.007519
121 0.007148
122 0.007259
123 0.007481
124 0.008370
125 0.007111
126 0.006741
127 0.007037
128 0.007037
129 0.007000
130 0.007185
131 0.007481
132 0.005852
133 0.007074
134 0.007000
135 0.006519
136 0.007000
137 0.006481
138 0.007556
139 0.006185
140 0.006815
141 0.006222
142 0.006778
143 0.006148
144 0.006667
145 0.006000
146 0.006222
147 0.005296
148 0.006259
149 0.005630
150 0.006222
151 0.005926
152 0.005444
153 0.005407
154 0.005148
155 0.005370
156 0.005667
157 0.005148
158 0.004667
159 0.004852
160 0.005704
161 0.005407
162 0.004815
163 0.004667
164 0.005222
165 0.005407
166 0.004630
167 0.005407
168 0.005370
169 0.005481
170 0.005000
171 0.004667
172 0.004741
173 0.004481
174 0.004593
175 0.003963
176 0.004630
177 0.005000
178 0.004630
179 0.004963
180 0.004444
181 0.003852
182 0.003667
183 0.004852
184 0.004111
185 0.004259
186 0.004111
187 0.004815
188 0.003593
189 0.003185
190 0.004704
191 0.004111
192 0.004444
193 0.003963
194 0.003556
195 0.003074
196 0.004296
197 0.003889
198 0.003926
199 0.004037
200 0.003889
201 0.003370
202 0.003519
203 0.003667
204 0.004074
205 0.004333
206 0.004185
207 0.003667
208 0.003519
209 0.004111
210 0.004074
211 0.004037
212 0.004037
213 0.004407
214 0.003778
215 0.003185
216 0.002889
217 0.003852
218 0.003704
219 0.003481
220 0.003333
221 0.003778
222 0.003407
223 0.003111
224 0.004185
225 0.003037
226 0.002926
227 0.003259
228 0.003963
229 0.003222
230 0.003630
231 0.003074
232 0.003407
233 0.003556
234 0.003370
235 0.003222
236 0.003259
237 0.003630
238 0.003444
239 0.003926
240 0.003037
241 0.003556
242 0.002926
243 0.003444
244 0.002889
245 0.003111
246 0.003037
247 0.003481
248 0.003259
249 0.002815
250 0.003185
251 0.002444
252 0.003074
253 0.003519
254 0.003259
255 0.003185
256 0.002741
257 0.002407
258 0.003000
259 0.003370
260 0.003630
261 0.003333
262 0.003074
263 0.002259
264 0.003148
265 0.002741
266 0.003296
267 0.002593
268 0.003407
269 0.002963
270 0.003519
271 0.002667
272 0.003111
273 0.003148
274 0.002667
275 0.002778
276 0.002704
277 0.003148
278 0.003185
279 0.002444
280 0.002926
281 0.003185
282 0.002926
283 0.003074
284 0.003222
285 0.002667
286 0.002926
287 0.002741
288 0.002370
289 0.002556
290 0.002815
291 0.002815
292 0.002370
293 0.002481
294 0.002741
295 0.002815
296 0.002593
297 0.003222
298 0.003074
299 0.002333
300 0.002889
301 0.003111
302 0.002481
303 0.002481
304 0.002667
305 0.002481
306 0.002704
307 0.002889
308 0.002370
309 0.002889
310 0.003148
311 0.002519
312 0.002519
313 0.002815
314 0.003037
315 0.002704
316 0.002407
317 0.003111
318 0.002556
319 0.003111
320 0.002889
321 0.002556
322 0.003148
323 0.002778
324 0.002519
325 0.002556
326 0.003296
327 0.002889
328 0.002407
329 0.002481
330 0.002407
331 0.002741
332 0.003222
333 0.002630
334 0.003037
335 0.002407
336 0.003148
337 0.002630
338 0.003074
339 0.002667
340 0.003111
341 0.002556
342 0.002593
343 0.002370
344 0.002296
345 0.002704
346 0.002519
347 0.002556
348 0.001593
349 0.002556
350 0.002037
351 0.002296
352 0.002778
353 0.002259
354 0.002185
355 0.002111
356 0.002593
357 0.002111
358 0.002815
359 0.002630
360 0.002111
361 0.003000
362 0.003111
363 0.002889
364 0.002519
365 0.002222
366 0.002259
367 0.002296
368 0.002407
369 0.002444
370 0.002630
371 0.002593
372 0.002889
373 0.002259
374 0.002704
375 0.002259
376 0.002370
377 0.002148
378 0.002556
379 0.002000
380 0.002593
381 0.002481
382 0.002370
383 0.002185
384 0.002444
385 0.002111
386 0.002370
387 0.002741
388 0.002630
389 0.002148
390 0.002111
391 0.002333
392 0.002370
393 0.002481
394 0.002074
395 0.002259
396 0.002074
397 0.001963
398 0.002148
399 0.002889
400 0.002370
401 0.002148
402 0.002037
403 0.001815
404 0.002037
405 0.002259
406 0.001963
407 0.002333
408 0.002333
409 0.001815
410 0.001630
411 0.001963
412 0.002481
413 0.002296
414 0.002074
415 0.002074
416 0.001852
417 0.002222
418 0.002148
419 0.002519
420 0.001704
421 0.002185
422 0.001667
423 0.001778
424 0.002444
425 0.002222
426 0.001889
427 0.002000
428 0.002148
429 0.002148
430 0.001741
431 0.002370
432 0.002185
433 0.002074
434 0.001667
435 0.001778
436 0.001519
437 0.001259
438 0.002185
439 0.002222
440 0.001926
441 0.002074
442 0.002296
443 0.001778
444 0.001889
445 0.002185
446 0.001852
447 0.001778
448 0.001704
449 0.002222
450 0.001963
451 0.002000
452 0.001889
453 0.001815
454 0.001926
455 0.001407
456 0.001630
457 0.002074
458 0.001481
459 0.001704
460 0.001778
461 0.001333
462 0.001481
463 0.001556
464 0.001259
465 0.001370
466 0.001630
467 0.001963
468 0.001593
469 0.001556
470 0.001259
471 0.001963
472 0.001370
473 0.001630
474 0.001593
475 0.001593
476 0.001630
477 0.001444
478 0.001444
479 0.001889
480 0.001407
481 0.001741
482 0.001407
483 0.001519
484 0.001333
485 0.001630
486 0.001444
487 0.001741
488 0.001963
489 0.001148
490 0.001556
491 0.001185
492 0.001593
493 0.001370
494 0.001259
495 0.001370
496 0.001259
497 0.001630
498 0.001000
499 0.001185
500 0.001296
501 0.001333
502 0.001148
503 0.001000
504 0.000889
505 0.001111
506 0.001704
507 0.001148
508 0.001407
509 0.000926
510 0.001370
511 0.001111
512 0.001074
513 0.001148
514 0.000852
515 0.001000
516 0.001185
517 0.000667
518 0.001111
519 0.001148
520 0.001111
521 0.000889
522 0.000815
523 0.000852
524 0.001074
525 0.000815
526 0.000481
527 0.001037
528 0.000593
529 0.000889
530 0.001000
531 0.000593
532 0.000667
533 0.000481
534 0.000852
535 0.000444
536 0.001074
537 0.000630
538 0.000593
539 0.000333
540 0.000741
541 0.000963
542 0.000741
543 0.000667
544 0.000741
545 0.000481
546 0.000370
547 0.000556
548 0.000481
549 0.000741
550 0.000444
551 0.000593
552 0.000259
553 0.000296
554 0.000370
555 0.000259
556 0.000370
557 0.000148
558 0.000222
559 0.000333
560 0.000519
561 0.000407
562 0.000370
563 0.000481
564 0.000333
565 0.000185
566 0.000296
567 0.000259
568 0.000296
569 0.000444
570 0.000296
571 0.000296
572 0.000111
573 0.000185
574 0.000259
575 0.000333
576 0.000111
577 0.000222
578 0.000148
579 0.000259
580 0.000037
581 0.000259
582 0.000222
583 0.000111
584 0.000185
585 0.000111
586 0.000111
587 0.000074
588 0.000074
589 0.000296
590 0.000074
591 0.000074
592 0.000037
593 0.000037
594 0.000111
595 0.000111
596 0.000037
597 0.000037
599 0.000074
600 0.000074
601 0.000148
603 0.000037
604 0.000037
605 0.000111
606 0.000074
607 0.000037
608 0.000037
609 0.000074
614 0.000074
615 0.000037
616 0.000037
617 0.000074
618 0.000037
622 0.000037
624 0.000037
628 0.000037

0.6182
1 16.296296
2 3.681111
3 2.233593
4 1.480889
5 1.028704
6 0.764000
7 0.588370
8 0.481111
9 0.385037
10 0.329370
11 0.280741
12 0.242296
13 0.215148
14 0.182778
15 0.165852
16 0.148778
17 0.132963
18 0.122741
19 0.113630
20 0.101667
21 0.095741
22 0.085963
23 0.079556
24 0.074444
25 0.071222
26 0.063519
27 0.059407
28 0.053926
29 0.051481
30 0.049926
31 0.046481
32 0.044741
33 0.042889
34 0.041148
35 0.038444
36 0.038296
37 0.035148
38 0.033444
39 0.029889
40 0.032556
41 0.028852
42 0.027333
43 0.026667
44 0.026074
45 0.025000
46 0.026148
47 0.023185
48 0.023667
49 0.020704
50 0.021778
51 0.019481
52 0.019222
53 0.017963
54 0.016407
55 0.017111
56 0.018074
57 0.017111
58 0.016667
59 0.014926
60 0.015222
61 0.015593
62 0.015741
63 0.013000
64 0.014778
65 0.013778
66 0.012926
67 0.013074
68 0.012593
69 0.011259
70 0.011370
71 0.012778
72 0.010889
73 0.011037
74 0.011444
75 0.011259
76 0.009481
77 0.010111
78 0.010148
79 0.009926
80 0.009037
81 0.010111
82 0.010444
83 0.009630
84 0.009556
85 0.008630
86 0.009259
87 0.009000
88 0.007667
89 0.008259
90 0.007778
91 0.008296
92 0.007852
93 0.008037
94 0.007630
95 0.007148
96 0.007889
97 0.007370
98 0.006926
99 0.007185
100 0.006481
101 0.005630
102 0.006296
103 0.006926
104 0.006370
105 0.005852
106 0.005852
107 0.005778
108 0.005926
109 0.004889
110 0.006074
111 0.006037
112 0.006148
113 0.005556
114 0.005667
115 0.004815
116 0.005481
117 0.004778
118 0.004815
119 0.005111
120 0.005037
121 0.004815
122 0.005000
123 0.005111
124 0.004222
125 0.004741
126 0.004778
127 0.005444
128 0.005556
129 0.004889
130 0.004259
131 0.003444
132 0.003667
133 0.004148
134 0.004407
135 0.004741
136 0.003852
137 0.003778
138 0.003815
139 0.003778
140 0.004185
141 0.004333
142 0.004037
143 0.004037
144 0.003630
145 0.003667
146 0.004074
147 0.004111
148 0.003259
149 0.004000
150 0.003333
151 0.003593
152 0.003296
153 0.003926
154 0.003259
155 0.003778
156 0.003556
157 0.003741
158 0.002778
159 0.002778
160 0.002741
161 0.003370
162 0.002815
163 0.003407
164 0.003333
165 0.003000
166 0.002963
167 0.002296
168 0.002963
169 0.003222
170 0.002926
171 0.003074
172 0.001889
173 0.003074
174 0.003222
175 0.002741
176 0.002704
177 0.003704
178 0.002519
179 0.002481
180 0.002407
181 0.003037
182 0.003481
183 0.002519
184 0.002407
185 0.002556
186 0.003037
187 0.002741
188 0.002778
189 0.002222
190 0.002259
191 0.003037
192 0.002630
193 0.002444
194 0.002926
195 0.002148
196 0.002296
197 0.002630
198 0.002111
199 0.002593
200 0.002111
201 0.002481
202 0.003000
203 0.002519
204 0.002296
205 0.002148
206 0.002667
207 0.002481
208 0.002074
209 0.001741
210 0.002148
211 0.002222
212 0.002815
213 0.001889
214 0.002037
215 0.002481
216 0.002111
217 0.002000
218 0.002148
219 0.002333
220 0.001444
221 0.002481
222 0.002148
223 0.002259
224 0.002222
225 0.002370
226 0.002074
227 0.002667
228 0.002185
229 0.001704
230 0.002333
231 0.002593
232 0.002481
233 0.002222
234 0.002407
235 0.002074
236 0.001963
237 0.002333
238 0.002333
239 0.002407
240 0.001926
241 0.001630
242 0.002111
243 0.002630
244 0.002000
245 0.001926
246 0.002037
247 0.002185
248 0.002074
249 0.001704
250 0.002296
251 0.002259
252 0.002704
253 0.002074
254 0.001481
255 0.002296
256 0.002111
257 0.001889
258 0.001704
259 0.002148
260 0.001963
261 0.001852
262 0.001963
263 0.001630
264 0.002370
265 0.001630
266 0.002111
267 0.001889
268 0.001778
269 0.002074
270 0.002481
271 0.002481
272 0.002222
273 0.002111
274 0.002444
275 0.001815
276 0.001481
277 0.002148
278 0.001926
279 0.001630
280 0.002037
281 0.001741
282 0.002074
283 0.001815
284 0.002333
285 0.001741
286 0.002222
287 0.001963
288 0.001926
289 0.002000
290 0.002000
291 0.002556
292 0.002185
293 0.001593
294 0.001889
295 0.002111
296 0.001222
297 0.002444
298 0.002444
299 0.001963
300 0.002593
301 0.002333
302 0.002074
303 0.001889
304 0.002148
305 0.002444
306 0.002111
307 0.002074
308 0.001889
309 0.001333
310 0.002296
311 0.002000
312 0.002111
313 0.001889
314 0.002185
315 0.002444
316 0.002148
317 0.001667
318 0.001889
319 0.002407
320 0.002481
321 0.002222
322 0.002148
323 0.002148
324 0.002074
325 0.002704
326 0.002407
327 0.001630
328 0.002556
329 0.001593
330 0.001889
331 0.002000
332 0.002222
333 0.001556
334 0.002148
335 0.002333
336 0.002370
337 0.001963
338 0.002370
339 0.002259
340 0.002370
341 0.001852
342 0.001963
343 0.002074
344 0.001852
345 0.001704
346 0.001963
347 0.002074
348 0.002185
349 0.001630
350 0.001778
351 0.002148
352 0.002444
353 0.001926
354 0.002111
355 0.002296
356 0.001704
357 0.002370
358 0.001815
359 0.002630
360 0.002185
361 0.002296
362 0.001963
363 0.002037
364 0.002889
365 0.002296
366 0.002481
367 0.001704
368 0.002074
369 0.001667
370 0.002407
371 0.002444
372 0.002444
373 0.002222
374 0.002778
375 0.002074
376 0.002296
377 0.002259
378 0.002667
379 0.002111
380 0.002704
381 0.001630
382 0.002296
383 0.002778
384 0.001704
385 0.002259
386 0.002222
387 0.002444
388 0.002407
389 0.001889
390 0.002593
391 0.002074
392 0.002037
393 0.002111
394 0.002370
395 0.002222
396 0.002444
397 0.002630
398 0.002889
399 0.002704
400 0.002519
401 0.002667
402 0.002074
403 0.002222
404 0.003148
405 0.002296
406 0.002704
407 0.002222
408 0.002667
409 0.002704
410 0.002778
411 0.002519
412 0.002556
413 0.002593
414 0.002889
415 0.002889
416 0.002296
417 0.002852
418 0.002444
419 0.002630
420 0.002370
421 0.002889
422 0.002370
423 0.002926
424 0.002296
425 0.003667
426 0.002481
427 0.002704
428 0.002296
429 0.003259
430 0.003037
431 0.002556
432 0.002667
433 0.002407
434 0.002630
435 0.002704
436 0.002407
437 0.002296
438 0.002852
439 0.003111
440 0.003333
441 0.002852
442 0.002889
443 0.002444
444 0.002185
445 0.002519
446 0.002889
447 0.002667
448 0.003074
449 0.002481
450 0.002815
451 0.003000
452 0.002667
453 0.002889
454 0.003222
455 0.002704
456 0.002926
457 0.002815
458 0.002296
459 0.003370
460 0.002593
461 0.003667
462 0.002704
463 0.003222
464 0.003148
465 0.002926
466 0.003259
467 0.002259
468 0.002370
469 0.003222
470 0.003037
471 0.003185
472 0.003222
473 0.003074
474 0.003296
475 0.002741
476 0.003556
477 0.002741
478 0.003074
479 0.003333
480 0.003481
481 0.002815
482 0.002407
483 0.003037
484 0.003704
485 0.002963
486 0.003037
487 0.002704
488 0.002852
489 0.002815
490 0.003259
491 0.003222
492 0.003148
493 0.003259
494 0.002778
495 0.002889
496 0.003222
497 0.002963
498 0.003000
499 0.003185
500 0.003333
501 0.002889
502 0.002556
503 0.003185
504 0.003074
505 0.003296
506 0.003037
507 0.002926
508 0.003074
509 0.003407
510 0.003259
511 0.002778
512 0.003370
513 0.003926
514 0.002667
515 0.002926
516 0.002667
517 0.003333
518 0.002519
519 0.003222
520 0.003407
521 0.002778
522 0.003185
523 0.002556
524 0.002593
525 0.003444
526 0.002556
527 0.003704
528 0.003259
529 0.002889
530 0.002963
531 0.002593
532 0.002963
533 0.002815
534 0.003222
535 0.002889
536 0.002704
537 0.002815
538 0.002444
539 0.003259
540 0.002296
541 0.002704
542 0.003111
543 0.002593
544 0.002778
545 0.002741
546 0.002963
547 0.002667
548 0.004296
549 0.003037
550 0.002593
551 0.002815
552 0.003185
553 0.003000
554 0.002815
555 0.002926
556 0.003148
557 0.002407
558 0.002741
559 0.002741
560 0.002296
561 0.002593
562 0.001852
563 0.002000
564 0.002000
565 0.003074
566 0.001889
567 0.002519
568 0.002259
569 0.002111
570 0.001852
571 0.002370
572 0.002259
573 0.002593
574 0.002037
575 0.001926
576 0.002000
577 0.001963
578 0.002185
579 0.001926
580 0.001704
581 0.002111
582 0.002222
583 0.002222
584 0.002111
585 0.002074
586 0.001444
587 0.001741
588 0.001333
589 0.001259
590 0.001259
591 0.001593
592 0.001444
593 0.001741
594 0.001556
595 0.001333
596 0.001222
597 0.001037
598 0.001037
599 0.001185
600 0.001444
601 0.001444
602 0.001000
603 0.001111
604 0.001222
605 0.001037
606 0.000963
607 0.000667
608 0.000889
609 0.001037
610 0.000963
611 0.000667
612 0.000519
613 0.000852
614 0.001000
615 0.000667
616 0.000704
617 0.000741
618 0.000667
619 0.000630
620 0.000407
621 0.000481
622 0.000556
623 0.000444
624 0.000259
625 0.000333
626 0.000259
627 0.000259
628 0.000481
629 0.000259
630 0.000222
631 0.000148
632 0.000333
633 0.000259
634 0.000370
635 0.000333
636 0.000259
637 0.000333
638 0.000296
639 0.000296
640 0.000074
641 0.000074
642 0.000222
643 0.000074
644 0.000037
645 0.000037
646 0.000111
647 0.000074
649 0.000074
650 0.000148
651 0.000111
652 0.000148
654 0.000074
655 0.000111
656 0.000037
657 0.000037
662 0.000037
666 0.000037
667 0.000037
671 0.000037

0.6432
1 13.193148
2 2.814630
3 1.683630
4 1.088889
5 0.747815
6 0.544074
7 0.420778
8 0.333741
9 0.267667
10 0.225481
11 0.191926
12 0.163370
13 0.143111
14 0.123593
15 0.108481
16 0.098593
17 0.090444
18 0.078704
19 0.072630
20 0.065778
21 0.060296
22 0.054815
23 0.052074
24 0.046889
25 0.041704
26 0.041444
27 0.038889
28 0.034963
29 0.031778
30 0.030407
31 0.028852
32 0.027704
33 0.026111
34 0.023963
35 0.022259
36 0.022815
37 0.020259
38 0.018852
39 0.018926
40 0.017815
41 0.016741
42 0.015407
43 0.014741
44 0.015444
45 0.014889
46 0.015222
47 0.013704
48 0.013704
49 0.013296
50 0.013074
51 0.011556
52 0.011593
53 0.010333
54 0.010481
55 0.010296
56 0.009704
57 0.009704
58 0.009259
59 0.008481
60 0.009963
61 0.008259
62 0.007889
63 0.007852
64 0.007296
65 0.008185
66 0.007074
67 0.007259
68 0.006630
69 0.006556
70 0.006481
71 0.007037
72 0.005667
73 0.006222
74 0.006481
75 0.005185
76 0.005296
77 0.005704
78 0.005185
79 0.004815
80 0.005556
81 0.005296
82 0.004889
83 0.004593
84 0.004481
85 0.004889
86 0.004815
87 0.004815
88 0.005037
89 0.004556
90 0.004185
91 0.004111
92 0.004481
93 0.003778
94 0.003407
95 0.003148
96 0.003815
97 0.003074
98 0.004148
99 0.003037
100 0.003778
101 0.003481
102 0.003481
103 0.003815
104 0.003222
105 0.003074
106 0.002963
107 0.002852
108 0.002963
109 0.003370
110 0.003296
111 0.002407
112 0.002926
113 0.002778
114 0.003111
115 0.002630
116 0.002296
117 0.002852
118 0.002778
119 0.002370
120 0.002370
121 0.002481
122 0.002222
123 0.002333
124 0.002333
125 0.002704
126 0.002704
127 0.002111
128 0.002074
129 0.001778
130 0.002630
131 0.002630
132 0.002000
133 0.002370
134 0.002296
135 0.001889
136 0.001926
137 0.001815
138 0.001963
139 0.001963
140 0.001630
141 0.002259
142 0.001444
143 0.001333
144 0.001630
145 0.002407
146 0.001741
147 0.001852
148 0.002148
149 0.002074
150 0.001593
151 0.001296
152 0.001407
153 0.001481
154 0.001926
155 0.001889
156 0.001778
157 0.001407
158 0.001556
159 0.001370
160 0.001593
161 0.001630
162 0.001481
163 0.001185
164 0.001296
165 0.001556
166 0.001852
167 0.001222
168 0.001481
169 0.001778
170 0.001593
171 0.001815
172 0.001481
173 0.001148
174 0.001000
175 0.001148
176 0.001111
177 0.001519
178 0.001444
179 0.001741
180 0.001741
181 0.001296
182 0.001259
183 0.001333
184 0.001037
185 0.001074
186 0.001148
187 0.001148
188 0.001000
189 0.001444
190 0.001148
191 0.000963
192 0.001000
193 0.001148
194 0.000963
195 0.000926
196 0.001074
197 0.001222
198 0.001333
199 0.001037
200 0.001148
201 0.001111
202 0.001222
203 0.001000
204 0.000852
205 0.000963
206 0.001111
207 0.000630
208 0.001259
209 0.000963
210 0.001222
211 0.000778
212 0.000963
213 0.001111
214 0.000852
215 0.001444
216 0.001148
217 0.000926
218 0.001333
219 0.000889
220 0.000815
221 0.000852
222 0.000778
223 0.000963
224 0.001000
225 0.001000
226 0.001222
227 0.001037
228 0.001185
229 0.000778
230 0.001000
231 0.001000
232 0.001370
233 0.000926
234 0.001185
235 0.001074
236 0.001370
237 0.000593
238 0.000852
239 0.001111
240 0.000926
241 0.001259
242 0.000963
243 0.001000
244 0.000741
245 0.001037
246 0.000889
247 0.000852
248 0.000852
249 0.000963
250 0.001074
251 0.000852
252 0.000556
253 0.001296
254 0.001185
255 0.001000
256 0.000889
257 0.000852
258 0.000704
259 0.001037
260 0.000926
261 0.000741
262 0.000926
263 0.000444
264 0.000593
265 0.000963
266 0.000963
267 0.001037
268 0.000630
269 0.000852
270 0.000741
271 0.000852
272 0.001222
273 0.001074
274 0.001185
275 0.000667
276 0.001111
277 0.000963
278 0.001407
279 0.000815
280 0.001296
281 0.000926
282 0.000889
283 0.001000
284 0.000815
285 0.000667
286 0.000741
287 0.000593
288 0.000815
289 0.000741
290 0.000815
291 0.000963
292 0.000704
293 0.001000
294 0.000926
295 0.001000
296 0.000963
297 0.000741
298 0.000926
299 0.000889
300 0.000741
301 0.001000
302 0.000852
303 0.001000
304 0.000889
305 0.001000
306 0.000852
307 0.001037
308 0.000963
309 0.001037
310 0.001444
311 0.001333
312 0.001037
313 0.001407
314 0.001222
315 0.000667
316 0.000778
317 0.000815
318 0.000741
319 0.000926
320 0.000963
321 0.000963
322 0.000815
323 0.000926
324 0.000963
325 0.000926
326 0.001074
327 0.000704
328 0.000630
329 0.001000
330 0.000815
331 0.001185
332 0.001074
333 0.001148
334 0.001185
335 0.000852
336 0.001222
337 0.000778
338 0.000926
339 0.001037
340 0.000889
341 0.001370
342 0.000889
343 0.000926
344 0.000926
345 0.001259
346 0.001148
347 0.001370
348 0.001259
349 0.001000
350 0.000704
351 0.001074
352 0.000889
353 0.001111
354 0.001148
355 0.001000
356 0.001222
357 0.001000
358 0.001000
359 0.001037
360 0.001185
361 0.001370
362 0.000630
363 0.001333
364 0.001037
365 0.000667
366 0.001333
367 0.000778
368 0.001000
369 0.001259
370 0.001222
371 0.001000
372 0.000889
373 0.001074
374 0.001222
375 0.001333
376 0.001185
377 0.001074
378 0.001407
379 0.001148
380 0.000852
381 0.000704
382 0.001148
383 0.001148
384 0.001519
385 0.001000
386 0.000889
387 0.001370
388 0.000963
389 0.001296
390 0.001037
391 0.000889
392 0.001222
393 0.001333
394 0.001296
395 0.001148
396 0.000889
397 0.001148
398 0.001296
399 0.001222
400 0.001222
401 0.001037
402 0.001111
403 0.001259
404 0.001111
405 0.001370
406 0.001407
407 0.001630
408 0.001370
409 0.001333
410 0.001296
411 0.001370
412 0.001296
413 0.001593
414 0.001148
415 0.001296
416 0.001889
417 0.001630
418 0.001481
419 0.001704
420 0.001667
421 0.001704
422 0.001815
423 0.001222
424 0.001593
425 0.001704
426 0.002074
427 0.001370
428 0.001556
429 0.001519
430 0.001259
431 0.001852
432 0.001519
433 0.001630
434 0.001259
435 0.001593
436 0.002185
437 0.002333
438 0.002185
439 0.001111
440 0.001667
441 0.001815
442 0.001556
443 0.001852
444 0.001889
445 0.001815
446 0.002296
447 0.002222
448 0.002704
449 0.002037
450 0.001741
451 0.002074
452 0.002407
453 0.001852
454 0.001667
455 0.002481
456 0.001630
457 0.002259
458 0.002222
459 0.001963
460 0.001704
461 0.001778
462 0.002185
463 0.001963
464 0.002444
465 0.001852
466 0.002667
467 0.001778
468 0.002037
469 0.002296
470 0.002148
471 0.002074
472 0.001444
473 0.002222
474 0.001741
475 0.002222
476 0.002630
477 0.002407
478 0.001963
479 0.001963
480 0.002519
481 0.002815
482 0.002444
483 0.002407
484 0.001778
485 0.002148
486 0.002778
487 0.002556
488 0.002519
489 0.002667
490 0.002556
491 0.002963
492 0.002000
493 0.002815
494 0.002630
495 0.002741
496 0.002852
497 0.003074
498 0.002815
499 0.002259
500 0.003148
501 0.002741
502 0.002889
503 0.002667
504 0.003370
505 0.002111
506 0.002667
507 0.002926
508 0.003148
509 0.003704
510 0.003333
511 0.003593
512 0.002852
513 0.003481
514 0.003185
515 0.003407
516 0.003222
517 0.002963
518 0.003185
519 0.002741
520 0.003593
521 0.003074
522 0.003963
523 0.003704
524 0.003852
525 0.003185
526 0.003593
527 0.003185
528 0.003296
529 0.002963
530 0.003074
531 0.003074
532 0.003963
533 0.003926
534 0.004074
535 0.003481
536 0.004333
537 0.003333
538 0.003556
539 0.004148
540 0.004185
541 0.003593
542 0.004444
543 0.004000
544 0.003704
545 0.004407
546 0.004407
547 0.004593
548 0.004111
549 0.004296
550 0.004704
551 0.004074
552 0.004593
553 0.003778
554 0.003852
555 0.004259
556 0.003667
557 0.004889
558 0.004481
559 0.003926
560 0.004704
561 0.004407
562 0.004556
563 0.005185
564 0.004556
565 0.004259
566 0.004926
567 0.004815
568 0.005074
569 0.005148
570 0.004852
571 0.005185
572 0.004741
573 0.004444
574 0.004926
575 0.005000
576 0.004630
577 0.005296
578 0.004852
579 0.005519
580 0.005889
581 0.005704
582 0.004963
583 0.005630
584 0.004889
585 0.005519
586 0.005519
587 0.005074
588 0.005259
589 0.005148
590 0.005370
591 0.005148
592 0.005704
593 0.005519
594 0.004519
595 0.005407
596 0.004222
597 0.005741
598 0.004741
599 0.005407
600 0.005185
601 0.005630
602 0.005593
603 0.005222
604 0.004889
605 0.005037
606 0.005407
607 0.004704
608 0.004926
609 0.004704
610 0.005556
611 0.004370
612 0.005630
613 0.005185
614 0.004370
615 0.004704
616 0.004000
617 0.004407
618 0.005000
619 0.004370
620 0.003667
621 0.004852
622 0.003889
623 0.004333
624 0.003667
625 0.004185
626 0.004148
627 0.004333
628 0.004852
629 0.004074
630 0.004000
631 0.003519
632 0.003222
633 0.003815
634 0.003185
635 0.003111
636 0.003481
637 0.002852
638 0.003333
639 0.003037
640 0.002259
641 0.002296
642 0.002259
643 0.002778
644 0.002556
645 0.002407
646 0.002222
647 0.001963
648 0.002296
649 0.002333
650 0.001556
651 0.001593
652 0.002000
653 0.001630
654 0.001519
655 0.001444
656 0.001667
657 0.001185
658 0.001222
659 0.001037
660 0.000926
661 0.001333
662 0.000963
663 0.000741
664 0.000852
665 0.000444
666 0.000741
667 0.000926
668 0.000667
669 0.000630
670 0.000444
671 0.000556
672 0.000407
673 0.000407
674 0.000407
675 0.000185
676 0.000259
677 0.000407
678 0.000222
679 0.000259
680 0.000185
681 0.000148
682 0.000037
683 0.000148
684 0.000148
685 0.000111
686 0.000074
687 0.000148
688 0.000074
689 0.000074
690 0.000037
691 0.000111
692 0.000037
693 0.000037
699 0.000037
701 0.000037

0.6682
1 10.499407
2 2.114333
3 1.227556
4 0.782222
5 0.522704
6 0.378222
7 0.288037
8 0.223926
9 0.178185
10 0.145815
11 0.121333
12 0.106481
13 0.090704
14 0.079741
15 0.066667
16 0.059704
17 0.053370
18 0.050185
19 0.046407
20 0.041519
21 0.038556
22 0.033741
23 0.032444
24 0.028370
25 0.023926
26 0.022741
27 0.023074
28 0.021556
29 0.018630
30 0.017259
31 0.015926
32 0.015074
33 0.014630
34 0.013815
35 0.012963
36 0.012111
37 0.012333
38 0.011074
39 0.010741
40 0.009481
41 0.009259
42 0.008963
43 0.008926
44 0.008370
45 0.007815
46 0.007704
47 0.007296
48 0.006630
49 0.007074
50 0.006444
51 0.006407
52 0.006407
53 0.006037
54 0.006481
55 0.005630
56 0.004815
57 0.005778
58 0.004593
59 0.004444
60 0.003704
61 0.004296
62 0.003963
63 0.004519
64 0.004185
65 0.003370
66 0.003222
67 0.003667
68 0.002926
69 0.003630
70 0.003370
71 0.002926
72 0.003000
73 0.003111
74 0.003000
75 0.002741
76 0.002741
77 0.002407
78 0.002444
79 0.002815
80 0.002556
81 0.002370
82 0.001889
83 0.002185
84 0.001704
85 0.001926
86 0.002222
87 0.002222
88 0.002111
89 0.002074
90 0.002333
91 0.001741
92 0.001926
93 0.001963
94 0.001630
95 0.001963
96 0.001815
97 0.001630
98 0.001704
99 0.001407
100 0.001444
101 0.001444
102 0.001259
103 0.001519
104 0.001259
105 0.001000
106 0.001704
107 0.001593
108 0.001370
109 0.001111
110 0.001593
111 0.001185
112 0.001222
113 0.000926
114 0.001370
115 0.001185
116 0.001370
117 0.001407
118 0.001222
119 0.001000
120 0.000926
121 0.001037
122 0.000926
123 0.000667
124 0.001630
125 0.000778
126 0.000963
127 0.000889
128 0.000778
129 0.001037
130 0.001259
131 0.000741
132 0.000778
133 0.000741
134 0.000778
135 0.000889
136 0.000667
137 0.001000
138 0.000852
139 0.000889
140 0.000815
141 0.000741
142 0.000889
143 0.000593
144 0.000963
145 0.000741
146 0.000741
147 0.000667
148 0.000926
149 0.000481
150 0.000741
151 0.000630
152 0.000704
153 0.000593
154 0.000815
155 0.000593
156 0.000704
157 0.000741
158 0.000704
159 0.000556
160 0.000519
161 0.000556
162 0.000593
163 0.000630
164 0.000704
165 0.000593
166 0.000741
167 0.000407
168 0.000593
169 0.000481
170 0.000444
171 0.000444
172 0.000556
173 0.000519
174 0.000519
175 0.000370
176 0.000296
177 0.000333
178 0.000704
179 0.000407
180 0.000481
181 0.000296
182 0.000370
183 0.000296
184 0.000481
185 0.000407
186 0.000593
187 0.000407
188 0.000296
189 0.000593
190 0.000444
191 0.000407
192 0.000556
193 0.000296
194 0.000370
195 0.000593
196 0.000259
197 0.000222
198 0.000556
199 0.000481
200 0.000259
201 0.000148
202 0.000407
203 0.000370
204 0.000074
205 0.000259
206 0.000370
207 0.000259
208 0.000333
209 0.000407
210 0.000481
211 0.000444
212 0.000407
213 0.000370
214 0.000370
215 0.000407
216 0.000148
217 0.000222
218 0.000444
219 0.000074
220 0.000519
221 0.000556
222 0.000481
223 0.000222
224 0.000370
225 0.000407
226 0.000185
227 0.000444
228 0.000296
229 0.000407
230 0.000519
231 0.000259
232 0.000333
233 0.000333
234 0.000407
235 0.000407
236 0.000148
237 0.000407
238 0.000407
239 0.000333
240 0.000370
241 0.000370
242 0.000333
243 0.000444
244 0.000259
245 0.000296
246 0.000222
247 0.000296
248 0.000222
249 0.000296
250 0.000333
251 0.000519
252 0.000370
253 0.000333
254 0.000296
255 0.000370
256 0.000222
257 0.000407
258 0.000444
259 0.000407
260 0.000333
261 0.000407
262 0.000222
263 0.000296
264 0.000370
265 0.000148
266 0.000333
267 0.000259
268 0.000259
269 0.000333
270 0.000333
271 0.000185
272 0.000222
273 0.000370
274 0.000667
275 0.000259
276 0.000259
277 0.000148
278 0.000333
279 0.000370
280 0.000259
281 0.000333
282 0.000185
283 0.000296
284 0.000222
285 0.000370
286 0.000259
287 0.000407
288 0.000333
289 0.000222
290 0.000148
291 0.000185
292 0.000148
293 0.000333
294 0.000185
295 0.000259
296 0.000222
297 0.000407
298 0.000519
299 0.000333
300 0.000370
301 0.000333
302 0.000370
303 0.000222
304 0.000444
305 0.000296
306 0.000481
307 0.000333
308 0.000333
309 0.000519
310 0.000259
311 0.000556
312 0.000185
313 0.000333
314 0.000296
315 0.000370
316 0.000333
317 0.000407
318 0.000444
319 0.000333
320 0.000222
321 0.000407
322 0.000333
323 0.000370
324 0.000148
325 0.000333
326 0.000556
327 0.000370
328 0.000444
329 0.000185
330 0.000444
331 0.000296
332 0.000333
333 0.000222
334 0.000370
335 0.000222
336 0.000222
337 0.000296
338 0.000444
339 0.000444
340 0.000704
341 0.000148
342 0.000370
343 0.000259
344 0.000148
345 0.000296
346 0.000222
347 0.000407
348 0.000222
349 0.000296
350 0.000519
351 0.000407
352 0.000370
353 0.000519
354 0.000296
355 0.000667
356 0.000593
357 0.000407
358 0.000259
359 0.000407
360 0.000519
361 0.000519
362 0.000370
363 0.000444
364 0.000481
365 0.000333
366 0.000296
367 0.000296
368 0.000148
369 0.000407
370 0.000259
371 0.000296
372 0.000296
373 0.000222
374 0.000519
375 0.000519
376 0.000481
377 0.000296
378 0.000444
379 0.000519
380 0.000185
381 0.000222
382 0.000333
383 0.000481
384 0.000519
385 0.000259
386 0.000444
387 0.000296
388 0.000519
389 0.000259
390 0.000370
391 0.000333
392 0.000407
393 0.000222
394 0.000296
395 0.000296
396 0.000259
397 0.000333
398 0.000519
399 0.000259
400 0.000481
401 0.000481
402 0.000407
403 0.000259
404 0.000444
405 0.000593
406 0.000370
407 0.000370
408 0.000370
409 0.000370
410 0.000296
411 0.000852
412 0.000444
413 0.000556
414 0.000370
415 0.000481
416 0.000407
417 0.000444
418 0.000222
419 0.000444
420 0.000444
421 0.000556
422 0.000296
423 0.000519
424 0.000556
425 0.000704
426 0.000222
427 0.000407
428 0.000407
429 0.000444
430 0.000556
431 0.000593
432 0.000481
433 0.000667
434 0.000370
435 0.000630
436 0.000593
437 0.000630
438 0.000667
439 0.000593
440 0.000481
441 0.000481
442 0.000519
443 0.000556
444 0.001000
445 0.000741
446 0.000481
447 0.000556
448 0.000630
449 0.000704
450 0.000593
451 0.000667
452 0.000963
453 0.000519
454 0.000593
455 0.000407
456 0.000889
457 0.000407
458 0.000704
459 0.000815
460 0.000556
461 0.000593
462 0.001074
463 0.000889
464 0.000852
465 0.000741
466 0.000667
467 0.001000
468 0.000593
469 0.000778
470 0.000852
471 0.000815
472 0.001222
473 0.000741
474 0.001000
475 0.000778
476 0.000889
477 0.000815
478 0.000889
479 0.001296
480 0.000630
481 0.000926
482 0.000963
483 0.000741
484 0.000741
485 0.001000
486 0.001000
487 0.001074
488 0.001111
489 0.001259
490 0.000815
491 0.001074
492 0.000963
493 0.001259
494 0.000889
495 0.000926
496 0.001148
497 0.000963
498 0.001259
499 0.000963
500 0.001222
501 0.001037
502 0.001111
503 0.001000
504 0.001407
505 0.000815
506 0.001259
507 0.000815
508 0.001037
509 0.001148
510 0.001259
511 0.001481
512 0.001333
513 0.001148
514 0.001519
515 0.001074
516 0.001667
517 0.001296
518 0.001333
519 0.001593
520 0.001519
521 0.001259
522 0.001778
523 0.001259
524 0.001259
525 0.001444
526 0.001481
527 0.001593
528 0.001519
529 0.001296
530 0.001667
531 0.001852
532 0.001741
533 0.001778
534 0.001741
535 0.001852
536 0.001556
537 0.002037
538 0.001741
539 0.002074
540 0.002296
541 0.002333
542 0.002481
543 0.002111
544 0.001963
545 0.002037
546 0.002333
547 0.002074
548 0.002000
549 0.002444
550 0.002481
551 0.002185
552 0.002481
553 0.002519
554 0.002148
555 0.003037
556 0.002630
557 0.003259
558 0.002185
559 0.002407
560 0.002593
561 0.002741
562 0.003185
563 0.002704
564 0.002222
565 0.002704
566 0.002370
567 0.003741
568 0.003481
569 0.003259
570 0.003000
571 0.002963
572 0.003444
573 0.003778
574 0.003000
575 0.003333
576 0.002963
577 0.003778
578 0.003519
579 0.003185
580 0.003444
581 0.004074
582 0.003704
583 0.003481
584 0.004370
585 0.003852
586 0.004481
587 0.004074
588 0.004185
589 0.005000
590 0.005074
591 0.004926
592 0.004185
593 0.005222
594 0.005037
595 0.004333
596 0.005111
597 0.004889
598 0.005333
599 0.005593
600 0.005519
601 0.005519
602 0.005778
603 0.005852
604 0.006222
605 0.006333
606 0.005111
607 0.005519
608 0.006148
609 0.005370
610 0.005963
611 0.005963
612 0.005963
613 0.005593
614 0.006407
615 0.007296
616 0.006185
617 0.007333
618 0.007556
619 0.006630
620 0.007148
621 0.006926
622 0.007630
623 0.008037
624 0.007444
625 0.006630
626 0.006519
627 0.008630
628 0.008741
629 0.007815
630 0.007963
631 0.008333
632 0.007519
633 0.007963
634 0.008074
635 0.007926
636 0.007852
637 0.008333
638 0.008519
639 0.007926
640 0.007741
641 0.008704
642 0.008259
643 0.008333
644 0.009926
645 0.008519
646 0.008926
647 0.008074
648 0.007556
649 0.008481
650 0.007296
651 0.008333
652 0.008667
653 0.008333
654 0.007815
655 0.008630
656 0.007852
657 0.008111
658 0.007704
659 0.008111
660 0.007148
661 0.007111
662 0.006889
663 0.007815
664 0.008074
665 0.006444
666 0.008222
667 0.006963
668 0.005889
669 0.006519
670 0.006370
671 0.005741
672 0.006667
673 0.006296
674 0.005333
675 0.005074
676 0.005704
677 0.005074
678 0.004667
679 0.004111
680 0.003556
681 0.004481
682 0.004519
683 0.004037
684 0.004074
685 0.003370
686 0.003407
687 0.002741
688 0.002667
689 0.003148
690 0.001852
691 0.002222
692 0.002815
693 0.001704
694 0.002259
695 0.001778
696 0.001444
697 0.001222
698 0.000963
699 0.000963
700 0.001407
701 0.001222
702 0.000852
703 0.000852
704 0.000778
705 0.000556
706 0.000667
707 0.000593
708 0.000630
709 0.000407
710 0.000519
711 0.000333
712 0.000370
713 0.000259
714 0.000074
715 0.000222
716 0.000074
718 0.000111
719 0.000037
720 0.000037
721 0.000037
722 0.000037
723 0.000074
724 0.000037
728 0.000037

0.6932
1 8.181630
2 1.547111
3 0.866593
4 0.543333
5 0.355407
6 0.253222
7 0.189556
8 0.144000
9 0.112852
10 0.090667
11 0.074111
12 0.064704
13 0.053259
14 0.047111
15 0.040889
16 0.033111
17 0.030556
18 0.026296
19 0.025296
20 0.025111
21 0.021889
22 0.019444
23 0.018593
24 0.015778
25 0.013222
26 0.012148
27 0.012667
28 0.011222
29 0.010630
30 0.010148
31 0.009259
32 0.007852
33 0.007667
34 0.006333
35 0.006704
36 0.006407
37 0.006630
38 0.005259
39 0.004963
40 0.004444
41 0.004000
42 0.005222
43 0.004593
44 0.003963
45 0.004037
46 0.003370
47 0.003148
48 0.003481
49 0.003704
50 0.002926
51 0.003074
52 0.002185
53 0.003630
54 0.002667
55 0.002333
56 0.002963
57 0.001778
58 0.002074
59 0.002407
60 0.001852
61 0.001593
62 0.002333
63 0.001481
64 0.001926
65 0.001889
66 0.001519
67 0.001630
68 0.001481
69 0.001593
70 0.001481
71 0.001556
72 0.001222
73 0.001222
74 0.001185
75 0.001222
76 0.001222
77 0.001037
78 0.001148
79 0.000667
80 0.001000
81 0.000630
82 0.001000
83 0.001000
84 0.001111
85 0.000667
86 0.000926
87 0.000667
88 0.000889
89 0.000630
90 0.000630
91 0.000704
92 0.000444
93 0.000889
94 0.000630
95 0.001185
96 0.000778
97 0.000704
98 0.000593
99 0.000259
100 0.000778
101 0.000407
102 0.000407
103 0.000778
104 0.000778
105 0.000630
106 0.000333
107 0.000333
108 0.000333
109 0.000778
110 0.000444
111 0.000370
112 0.000370
113 0.000556
114 0.000259
115 0.000333
116 0.000407
117 0.000667
118 0.000407
119 0.000370
120 0.000519
121 0.000407
122 0.000222
123 0.000519
124 0.000185
125 0.000259
126 0.000370
127 0.000407
128 0.000370
129 0.000148
130 0.000296
131 0.000481
132 0.000444
133 0.000259
134 0.000370
135 0.000148
136 0.000333
137 0.000259
138 0.000185
139 0.000148
140 0.000185
141 0.000185
142 0.000185
143 0.000259
144 0.000185
145 0.000185
146 0.000148
147 0.000259
148 0.000296
149 0.000296
150 0.000185
151 0.000185
152 0.000222
153 0.000370
154 0.000296
155 0.000259
156 0.000407
157 0.000222
158 0.000074
159 0.000296
160 0.000148
161 0.000148
162 0.000148
163 0.000259
164 0.000296
165 0.000037
166 0.000074
167 0.000185
168 0.000185
169 0.000185
170 0.000185
171 0.000185
172 0.000037
173 0.000111
174 0.000111
175 0.000148
176 0.000148
177 0.000111
178 0.000037
179 0.000111
180 0.000037
181 0.000259
182 0.000074
183 0.000148
184 0.000111
185 0.000037
186 0.000185
189 0.000111
190 0.000111
191 0.000185
192 0.000074
193 0.000111
194 0.000037
195 0.000111
196 0.000037
197 0.000111
198 0.000148
199 0.000148
200 0.000074
201 0.000074
202 0.000074
203 0.000148
204 0.000074
205 0.000074
206 0.000074
207 0.000037
208 0.000074
209 0.000074
210 0.000185
211 0.000074
212 0.000148
213 0.000111
214 0.000148
215 0.000037
216 0.000074
217 0.000074
218 0.000037
219 0.000074
220 0.000074
221 0.000111
222 0.000074
224 0.000037
225 0.000074
226 0.000074
227 0.000148
229 0.000074
230 0.000111
231 0.000185
232 0.000111
233 0.000148
234 0.000037
235 0.000074
236 0.000037
237 0.000111
238 0.000111
239 0.000037
240 0.000074
241 0.000037
243 0.000074
244 0.000148
245 0.000074
246 0.000185
247 0.000037
248 0.000074
249 0.000037
250 0.000074
251 0.000037
252 0.000037
253 0.000037
254 0.000148
255 0.000148
256 0.000037
257 0.000148
258 0.000074
260 0.000148
261 0.000037
262 0.000074
263 0.000111
264 0.000037
265 0.000148
266 0.000148
267 0.000111
268 0.000037
269 0.000111
270 0.000148
271 0.000074
272 0.000074
274 0.000074
275 0.000111
276 0.000037
277 0.000037
279 0.000037
280 0.000074
282 0.000111
284 0.000111
286 0.000037
288 0.000037
291 0.000074
292 0.000037
293 0.000037
294 0.000074
295 0.000037
296 0.000037
297 0.000074
298 0.000185
299 0.000074
300 0.000037
301 0.000037
303 0.000148
304 0.000037
305 0.000037
306 0.000074
307 0.000148
308 0.000074
310 0.000037
311 0.000148
312 0.000074
313 0.000037
314 0.000037
316 0.000074
317 0.000148
318 0.000148
319 0.000148
320 0.000037
321 0.000111
322 0.000296
324 0.000148
325 0.000074
326 0.000037
327 0.000037
329 0.000185
330 0.000222
331 0.000037
333 0.000111
336 0.000074
337 0.000037
338 0.000037
339 0.000111
340 0.000111
341 0.000111
342 0.000074
343 0.000037
344 0.000111
345 0.000074
346 0.000111
348 0.000111
350 0.000037
351 0.000037
353 0.000111
354 0.000037
355 0.000037
356 0.000037
357 0.000111
358 0.000037
359 0.000074
360 0.000074
361 0.000074
362 0.000037
363 0.000037
364 0.000111
365 0.000074
366 0.000037
367 0.000111
368 0.000074
370 0.000111
371 0.000037
372 0.000074
373 0.000111
374 0.000074
375 0.000111
376 0.000111
377 0.000037
378 0.000074
380 0.000111
381 0.000037
382 0.000037
383 0.000111
384 0.000148
385 0.000037
387 0.000074
388 0.000037
389 0.000148
390 0.000037
391 0.000037
393 0.000111
394 0.000074
395 0.000074
396 0.000111
397 0.000111
398 0.000185
399 0.000074
400 0.000074
401 0.000074
402 0.000037
403 0.000148
404 0.000074
405 0.000148
406 0.000222
407 0.000074
408 0.000111
409 0.000074
410 0.000111
412 0.000296
413 0.000074
414 0.000148
415 0.000222
417 0.000111
418 0.000111
419 0.000148
420 0.000111
421 0.000037
422 0.000074
423 0.000074
424 0.000111
425 0.000074
426 0.000037
427 0.000111
428 0.000111
429 0.000074
430 0.000074
431 0.000148
432 0.000111
433 0.000148
434 0.000222
435 0.000111
436 0.000111
437 0.000296
438 0.000074
439 0.000111
440 0.000074
441 0.000148
442 0.000074
443 0.000185
444 0.000222
445 0.000074
446 0.000222
447 0.000111
448 0.000111
449 0.000074
450 0.000148
451 0.000148
452 0.000037
453 0.000111
454 0.000111
455 0.000111
456 0.000111
457 0.000111
458 0.000148
459 0.000037
460 0.000185
461 0.000222
462 0.000037
463 0.000037
464 0.000148
465 0.000185
466 0.000037
467 0.000111
468 0.000037
469 0.000148
470 0.000111
471 0.000222
472 0.000074
473 0.000111
474 0.000185
475 0.000259
477 0.000111
478 0.000222
479 0.000222
480 0.000111
481 0.000296
482 0.000481
483 0.000148
484 0.000148
485 0.000296
486 0.000185
487 0.000333
488 0.000185
489 0.000111
490 0.000222
491 0.000296
492 0.000111
493 0.000148
494 0.000148
495 0.000074
496 0.000074
497 0.000222
498 0.000333
499 0.000296
500 0.000111
501 0.000370
502 0.000259
503 0.000259
504 0.000222
505 0.000333
506 0.000222
507 0.000259
508 0.000111
509 0.000222
510 0.000185
511 0.000370
512 0.000259
513 0.000370
514 0.000259
515 0.000296
516 0.000444
517 0.000481
518 0.000296
519 0.000222
520 0.000333
521 0.000370
522 0.000333
523 0.000148
524 0.000444
525 0.000111
526 0.000222
527 0.000185
528 0.000481
529 0.000259
530 0.000407
531 0.000444
532 0.000296
533 0.000481
534 0.000519
535 0.000370
536 0.000593
537 0.000370
538 0.000519
539 0.000519
540 0.000556
541 0.000519
542 0.000741
543 0.000407
544 0.000704
545 0.000481
546 0.000556
547 0.000519
548 0.000296
549 0.000741
550 0.000593
551 0.000444
552 0.000370
553 0.000630
554 0.000481
555 0.000556
556 0.000593
557 0.000852
558 0.000741
559 0.000778
560 0.000667
561 0.000667
562 0.000741
563 0.000370
564 0.000889
565 0.000778
566 0.000630
567 0.000963
568 0.000852
569 0.000963
570 0.001074
571 0.000889
572 0.000556
573 0.000741
574 0.000704
575 0.001074
576 0.000963
577 0.000778
578 0.001000
579 0.001000
580 0.001000
581 0.001259
582 0.001074
583 0.001519
584 0.001593
585 0.001333
586 0.001037
587 0.001593
588 0.001222
589 0.001704
590 0.001185
591 0.001889
592 0.001185
593 0.001222
594 0.001333
595 0.001889
596 0.001741
597 0.001741
598 0.002074
599 0.002074
600 0.001704
601 0.002074
602 0.002111
603 0.001704
604 0.002074
605 0.002333
606 0.001963
607 0.001741
608 0.002778
609 0.002148
610 0.002481
611 0.002444
612 0.002037
613 0.002667
614 0.002778
615 0.003111
616 0.003333
617 0.003222
618 0.002481
619 0.002333
620 0.002704
621 0.002852
622 0.003444
623 0.002481
624 0.003370
625 0.004000
626 0.003222
627 0.003778
628 0.003704
629 0.003852
630 0.003963
631 0.004778
632 0.004111
633 0.003444
634 0.004148
635 0.004296
636 0.004407
637 0.004926
638 0.004889
639 0.005259
640 0.005556
641 0.005185
642 0.005111
643 0.006259
644 0.005741
645 0.006259
646 0.006296
647 0.005889
648 0.007185
649 0.006222
650 0.007074
651 0.007667
652 0.006481
653 0.006259
654 0.008222
655 0.008148
656 0.008148
657 0.008296
658 0.008148
659 0.008444
660 0.008148
661 0.008852
662 0.008296
663 0.009852
664 0.008185
665 0.010296
666 0.009556
667 0.010593
668 0.010519
669 0.010926
670 0.010889
671 0.011037
672 0.010370
673 0.011148
674 0.012259
675 0.011370
676 0.011889
677 0.012556
678 0.012593
679 0.011556
680 0.010778
681 0.012074
682 0.011519
683 0.012481
684 0.012593
685 0.013630
686 0.012963
687 0.012889
688 0.012481
689 0.013222
690 0.012741
691 0.011630
692 0.012222
693 0.011259
694 0.012519
695 0.011481
696 0.011630
697 0.011000
698 0.010370
699 0.011259
700 0.011185
701 0.010556
702 0.009889
703 0.009481
704 0.009593
705 0.009185
706 0.009111
707 0.008963
708 0.008778
709 0.008593
710 0.007667
711 0.008444
712 0.006926
713 0.006556
714 0.006630
715 0.006185
716 0.004704
717 0.005296
718 0.004593
719 0.003963
720 0.003889
721 0.003333
722 0.003370
723 0.003148
724 0.002852
725 0.002741
726 0.002259
727 0.002111
728 0.001778
729 0.001852
730 0.001481
731 0.001556
732 0.001222
733 0.001296
734 0.001000
735 0.000667
736 0.001037
737 0.000815
738 0.000556
739 0.000778
740 0.000296
741 0.000185
742 0.000185
743 0.000407
744 0.000074
745 0.000185
746 0.000185
747 0.000185
748 0.000111
749 0.000074
750 0.000037
751 0.000111
752 0.000074
757 0.000037
758 0.000074
765 0.000037

