4
0.4630
1 1.254111
2 0.433259
3 0.282889
4 0.187815
5 0.140407
6 0.107259
7 0.083519
8 0.068370
9 0.049259
10 0.036815
11 0.021852
12 0.009667
13 0.003963
14 0.000741
15 0.000111

0.4880
1 1.158333
2 0.403741
3 0.271481
4 0.183519
5 0.142000
6 0.114148
7 0.090519
8 0.077852
9 0.061704
10 0.047259
11 0.031222
12 0.015778
13 0.005926
14 0.001519
15 0.000222

0.5130
1 1.063148
2 0.372407
3 0.258111
4 0.173111
5 0.138815
6 0.116630
7 0.098407
8 0.086889
9 0.073148
10 0.058444
11 0.043556
12 0.024778
13 0.009074
14 0.002370
15 0.000519

0.5380
1 0.974185
2 0.339111
3 0.239704
4 0.163667
5 0.135111
6 0.111815
7 0.101185
8 0.091444
9 0.086222
10 0.071000
11 0.056111
12 0.037333
13 0.014370
14 0.004370
15 0.000741

0.5630
1 0.882259
2 0.304519
3 0.219037
4 0.150148
5 0.124519
6 0.111111
7 0.101667
8 0.100111
9 0.094963
10 0.081333
11 0.071259
12 0.050556
13 0.022259
14 0.007444
15 0.001370

0.5880
1 0.792926
2 0.269111
3 0.198667
4 0.137926
5 0.114333
6 0.102741
7 0.099296
8 0.102519
9 0.101222
10 0.091556
11 0.088111
12 0.067481
13 0.033074
14 0.011741
15 0.002667

0.6130
1 0.704370
2 0.234926
3 0.175111
4 0.122926
5 0.104259
6 0.095481
7 0.094370
8 0.098481
9 0.103741
10 0.105444
11 0.100778
12 0.085037
13 0.049519
14 0.018889
15 0.004074

0.6380
1 0.621074
2 0.202481
3 0.151704
4 0.104889
5 0.092519
6 0.085037
7 0.087667
8 0.092444
9 0.103593
10 0.112148
11 0.116889
12 0.104593
13 0.070148
14 0.026481
15 0.007111

0.6630
1 0.538259
2 0.172778
3 0.129667
4 0.088593
5 0.079556
6 0.074556
7 0.076185
8 0.084481
9 0.100037
10 0.115852
11 0.128259
12 0.123259
13 0.094593
14 0.040889
15 0.011333

